-0.9186483430404397 -0.7522654613813125 0.05 
-0.7717859222387902 -0.5571505606608016 0.05 
-0.8343984796785472 -0.1784520848826278 0.05 
-0.797961639698022 0.23403544859828634 0.05 
-0.9280994297526785 0.38994774452180136 0.05 
-0.7549881424186972 0.8176456491778457 0.05 
-0.43880131409314693 -0.9495085875514074 0.05 
-0.5127429880538796 -0.44830732578715077 0.05 
-0.5632888150368944 -0.06277017103741814 0.05 
-0.4063335932239872 0.05713766270782916 0.05 
-0.6107292991015258 0.5096629103184824 0.05 
-0.39753186201834756 0.8056143221272495 0.05 
-0.2327934740028569 -0.8515061323640326 0.05 
-0.2765571495658642 -0.5649386112029585 0.05 
-0.18115956148153323 -0.16764381034423487 0.05 
-0.2289469616065664 0.10386885969289633 0.05 
-0.23228442462120602 0.490574142005471 0.05 
-0.21571762326222005 0.721680931228712 0.05 
0.2454348609879336 -0.8201606580477656 0.05 
0.1998686846842373 -0.5732885379578992 0.05 
0.28159346284108183 -0.08267914328109902 0.05 
0.0782076572880215 0.1276288765840301 0.05 
0.21834636176942923 0.5492780795955651 0.05 
0.26850280358654055 0.8151582999909968 0.05 
0.5770083284306762 -0.7935953678367168 0.05 
0.4541193192176807 -0.4795645252331695 0.05 
0.5892451001940999 -0.08588726903339369 0.05 
0.5012328914685733 0.18743386019592873 0.05 
0.3913893603686463 0.43997266049338235 0.05 
0.5693943244293371 0.8133399331701806 0.05 
0.7570350603684451 -0.8219469556760977 0.05 
0.8807095111486473 -0.45928663954945703 0.05 
0.8040973714503826 -0.18090895298960197 0.05 
0.8352995139249957 0.23163661016670062 0.05 
0.8382189641097338 0.4750928554916526 0.05 
0.8309284881078601 0.7235674915922782 0.05 
