0.2262723819937119 0.20932675512202514 0.05 
-0.864260314906124 -0.04427891834190567 0.05 
0.6143127982037876 -0.536373810411605 0.05 
-0.4585122832770508 -0.214161432744697 0.05 
0.42155226019015524 -0.5256892303265909 0.05 
0.7654971822815692 -0.47421869424772406 0.05 
0.6677393412751288 0.6368834326996679 0.05 
0.7541328506982797 -0.008530693971245729 0.05 
0.0011109070030906887 0.3436177008826776 0.05 
0.5100880972779708 0.5430043434361519 0.05 
0.6640725290244242 -0.36214693566986345 0.05 
0.22901055373886725 -0.46287816271681953 0.05 
-0.34474141785774004 -0.3905316227968961 0.05 
-0.5276016517213487 0.6183663325129284 0.05 
0.6067706038084403 -0.06616555131739033 0.05 
-0.7187946352049746 0.30330640549774623 0.05 
0.16777540739828567 -0.15322267352957775 0.05 
-0.7535374624415122 0.07178763206686234 0.05 
0.06195558511138033 -0.6559572009571704 0.05 
-0.37601528626628 0.8994864457623505 0.05 
-0.1727735045646991 -0.8297582648623064 0.05 
-0.47635827263971164 -0.8280488652727891 0.05 
-0.11261862903997144 -0.53257218505737 0.05 
0.12856020447618188 0.3318961324200401 0.05 
0.05168919841990782 -0.4928100920262681 0.05 
0.7468047991959644 0.25485332095424573 0.05 
-0.6399917639619126 -0.12291186016100408 0.05 
-0.053911410997957265 0.5770322567176863 0.05 
-0.09401098339816683 -0.6489512794540224 0.05 
0.861204809976076 -0.7320758490484065 0.05 
-0.9135518236075842 0.6167261745181244 0.05 
-0.6192157994064005 -0.46341691832155085 0.05 
-0.471401558078068 0.3552845204708709 0.05 
0.042819510246533854 -0.8163418488757178 0.05 
-0.20319559849478508 -0.4677967684346596 0.05 
0.14596353714685717 0.5981389013813997 0.05 
0.18904613460523667 0.7819388174201686 0.05 
0.28599933666098754 0.8196949012299358 0.05 
-0.3729443081943937 0.5861884476021667 0.05 
0.46139897212397274 0.8247847823375803 0.05 
