-0.8683797549422062 -0.7741306756729518 0.05 
-0.9321656908683301 -0.5045109014579914 0.05 
-0.8621846944532577 -0.2479096249436417 0.05 
-0.8600643088324738 0.03889645107662744 0.05 
-0.8232386806999851 0.33364629534876 0.05 
-0.8626210371979169 0.4853270373162193 0.05 
-0.7674953182531912 0.934600761464714 0.05 
-0.6059206385011915 -0.8633128187416688 0.05 
-0.6213598276618377 -0.5400901913801979 0.05 
-0.6545615754518563 -0.3661470685160208 0.05 
-0.609581172095285 0.07482589693465551 0.05 
-0.5184434128082764 0.314103565446671 0.05 
-0.49817433381713433 0.5598817457021438 0.05 
-0.503666701552287 0.8843247517992465 0.05 
-0.2716125045340471 -0.8205847110868196 0.05 
-0.28512929478762244 -0.514000398989735 0.05 
-0.36539185276292435 -0.25008976199693755 0.05 
-0.19774379186336827 -0.09150180047436557 0.05 
-0.2747425744306634 0.24716106320396644 0.05 
-0.2798056807495384 0.6538938144038873 0.05 
-0.37506177816656394 0.8980920413389506 0.05 
-0.046339378256508856 -0.935842981413602 0.05 
0.028363344101624985 -0.5371903186244854 0.05 
0.06261863767975419 -0.26682470877998155 0.05 
-0.03678214501340599 -0.02541409188370558 0.05 
-0.03865528302612518 0.26637555556496767 0.05 
-0.04951070387753774 0.6599087166580447 0.05 
-0.04610505003430271 0.8180720126871049 0.05 
0.2694438676405787 -0.9178890987398451 0.05 
0.3316674957542057 -0.6288046031019563 0.05 
0.28670712003658483 -0.3731305252608371 0.05 
0.3712487787546852 0.0665143109988754 0.05 
0.2356955362739962 0.212071929378945 0.05 
0.29105042767243294 0.5062863685169567 0.05 
0.20215403922214117 0.8669712563698522 0.05 
0.5435396144587192 -0.8290861910052048 0.05 
0.5242718525741814 -0.5602481696074715 0.05 
0.4989812756526346 -0.2197899113238694 0.05 
0.5764685410298264 -0.08643300394269289 0.05 
0.5437364211080826 0.2234819947401968 0.05 
0.6438338693091505 0.627855787317437 0.05 
0.6272026723773354 0.9385809919963177 0.05 
0.895444912337305 -0.7933630619840119 0.05 
0.8298003037353784 -0.6212941726425005 0.05 
0.936844581201557 -0.23737067641631018 0.05 
0.7991424785971363 -0.09160538874393008 0.05 
0.7655429623920292 0.34431052282298097 0.05 
0.8585667625106144 0.5137642110886586 0.05 
0.880244325572508 0.8778600084955464 0.05 
