-0.6939791192910967 -0.9089656579136045 0.05 
0.793982219197945 -0.5093399796709379 0.05 
0.6476726221409229 -0.5623374719720796 0.05 
-0.3088807915631794 0.6976016139150302 0.05 
-0.23228855603308196 -0.41222463815646526 0.05 
0.21959369769464077 0.6331461228660483 0.05 
0.13133485650616128 0.2215044787700039 0.05 
0.21783245341143165 0.42180752560120516 0.05 
-0.40177907812065494 -0.3863899646747383 0.05 
0.8146186809153936 0.8921431050506129 0.05 
0.0718118731329721 -0.8835088848157535 0.05 
0.8407131166659584 -0.8428607316561461 0.05 
-0.6964397934360393 0.6826497371899015 0.05 
-0.29873222054268733 0.8225250668898455 0.05 
0.8635749710423487 -0.15198097416821343 0.05 
-0.5101530115092051 0.012871720897510652 0.05 
-0.3764429909111654 0.10347604872260441 0.05 
0.02118510383136618 -0.3185366832919816 0.05 
0.6956893325981165 0.4211835494019044 0.05 
-0.6222764092466005 -0.045711447649680714 0.05 
-0.8574081998584941 0.9110497153495133 0.05 
0.3494492533059549 -0.29095614989836316 0.05 
-0.14904264491157404 -0.7261222004216265 0.05 
-0.13798825951442417 -0.3594476149724877 0.05 
-0.8989104169040503 -0.932581634142803 0.05 
0.0967638256283444 -0.12573787766738986 0.05 
0.7860879806083948 0.19721421419098217 0.05 
-0.31237320873702046 0.5338899161341396 0.05 
-0.32751273637480194 -0.12269666636469356 0.05 
0.7972288262247581 0.05365741458185991 0.05 
0.6905225140756551 0.04251223127485515 0.05 
-0.5622562187431399 -0.8778169490770329 0.05 
-0.05391444744381424 0.7125911522181655 0.05 
-0.8157197215288093 0.6700384905403215 0.05 
0.219174760527305 -0.14920877279320388 0.05 
0.5036739792351493 -0.5610525558068682 0.05 
-0.415292468490841 0.21331503611852998 0.05 
0.17339500298330945 0.1251851613696885 0.05 
-0.9085361782774272 -0.03113109845292794 0.05 
-0.5863476144722584 0.7396341651839028 0.05 
0.17064100182167186 -0.8296581262019819 0.05 
0.24567505404995293 -0.044990055807316076 0.05 
-0.7797290466695481 -0.3411560435201906 0.05 
0.18552286580101673 -0.4479340142363414 0.05 
0.4868955502885758 -0.26619213378005 0.05 
-0.7470762707140329 -0.7609896392347211 0.05 
0.6474283978754803 -0.08518999405741678 0.05 
0.3567743225294747 0.09836818157620131 0.05 
0.8613094160207501 0.2860460896329774 0.05 
