0.8772011310813271 -0.6004994369905743 0.05 
0.40138686809557955 -0.19733430143103192 0.05 
-0.8796104272178257 -0.08609448225338356 0.05 
0.44912032588245776 -0.7397560400309079 0.05 
0.45832154661100744 0.4780117733300856 0.05 
0.7692663511098118 0.08150460969571094 0.05 
0.2838238247523991 0.11159147739327613 0.05 
-0.7463270297397302 -0.5591568404467595 0.05 
-0.8326521589772236 -0.4552639487135283 0.05 
0.4751413991174026 -0.4534595895939728 0.05 
-0.9178987683824821 -0.30055812866167153 0.05 
-0.5727022493041114 0.75908341317142 0.05 
-0.8775767853639628 0.9335578565946697 0.05 
-0.2634490730174921 0.738094120531335 0.05 
-0.4880482194298968 -0.4947756698368905 0.05 
-0.5899690788832961 -0.5211805411144332 0.05 
-0.5315677342546179 -0.3640073495062789 0.05 
0.2685920469722799 0.3572096736888909 0.05 
0.1609164924440799 0.5882082386383348 0.05 
0.11472842918702886 -0.9394861467015164 0.05 
-0.45704677979431013 0.8250807315081018 0.05 
0.661598619342535 0.6886847550682819 0.05 
-0.16032698455187278 -0.04561673324286297 0.05 
-0.145417451411878 -0.8257077339236067 0.05 
-0.3083200822599189 -0.23085841357178738 0.05 
-0.8162197881954155 -0.18744565230243437 0.05 
-0.07962179442870498 0.8260384055664262 0.05 
0.7174318117599331 -0.8869473916799031 0.05 
0.32979233110901907 -0.8373229749665919 0.05 
0.09124557257976884 -0.3487381415440215 0.05 
0.7251695145090732 0.7972167325208129 0.05 
0.7153628765567946 -0.1735301447401002 0.05 
-0.9151874983072823 -0.5647514890033111 0.05 
0.847279481891236 -0.9112985574848442 0.05 
-0.8273295662861685 0.14440742349938673 0.05 
