-0.33333333333333337 -0.33333333333333337 0.05 
-0.33333333333333337 -2.7755575615628914e-17 0.05 
-0.33333333333333337 0.3333333333333333 0.05 
-2.7755575615628914e-17 -0.33333333333333337 0.05 
-2.7755575615628914e-17 -2.7755575615628914e-17 0.05 
-2.7755575615628914e-17 0.3333333333333333 0.05 
0.3333333333333333 -0.33333333333333337 0.05 
0.3333333333333333 -2.7755575615628914e-17 0.05 
0.3333333333333333 0.3333333333333333 0.05 
-0.75 -0.75 0.05 
-0.75 -0.25 0.05 
-0.75 0.25 0.05 
-0.75 0.75 0.05 
0.75 -0.75 0.05 
0.75 -0.25 0.05 
0.75 0.25 0.05 
0.75 0.75 0.05 
-0.25 -0.75 0.05 
0.25 -0.75 0.05 
-0.25 0.75 0.05 
0.25 0.75 0.05 
