-0.738377969727769 -0.0715519183244896 0.05 
-0.9095760023153956 -0.5795635507812646 0.05 
-0.40457046023928456 -0.5203143706026641 0.05 
-0.5237855225277398 -0.28126560299703574 0.05 
-0.6495248193508942 -0.30584909230297497 0.05 
-0.2376769914128849 0.6580834534342744 0.05 
-0.23601571598078042 0.07168063950916767 0.05 
-0.25008410681213744 0.7986543232614772 0.05 
-0.09772281061150723 0.31539689710237445 0.05 
-0.26759296234343455 0.5001937578850586 0.05 
0.424987899124891 0.5548243534839206 0.05 
0.03381323894669704 0.351977145650225 0.05 
0.045986709531370386 0.5328703731838146 0.05 
0.45447473928190807 0.20938515373408761 0.05 
0.9294125057925492 0.6837497269008473 0.05 
0.755515168525265 -0.6934232773453779 0.05 
0.172434001883099 -0.5519332163253454 0.05 
0.9281674819226807 -0.7231420075411032 0.05 
0.22735883921372943 -0.3693742090090669 0.05 
0.9034011386912107 -0.9160565395598572 0.05 
