-0.49001766986716266 0.3914782001107796 0.05 
0.3272166657252661 0.8258252757953416 0.05 
-0.41595909926900865 -0.8797353484967236 0.05 
0.25054184090331677 0.02149118621441215 0.05 
0.560629625609787 0.8443096546650296 0.05 
-0.6118277558929763 0.4564715324876857 0.05 
-0.4742314184006621 0.550625307179872 0.05 
-0.0935459270695499 -0.6774835711968321 0.05 
-0.3521756193172969 0.6353040449395481 0.05 
0.5082305173286098 -0.7727857274363029 0.05 
0.6320622910603767 0.2866459689363331 0.05 
-0.15722945840059133 0.1511627539715915 0.05 
0.4238129212492986 -0.3061886111278599 0.05 
0.7394043181853779 0.06336632421220256 0.05 
0.7513155474643453 -0.9289996599757402 0.05 
