0.2610591374716268 0.8560495164739877 0.05 
0.5094043749308862 0.16295577727857602 0.05 
0.5713052753793909 -0.21413930548212357 0.05 
-0.9356176307447609 0.4597797561661022 0.05 
0.6589916309610494 0.031879350225380576 0.05 
-0.1132199349200812 -0.1457902279958807 0.05 
0.23922888733808623 -0.43775124117125286 0.05 
-0.2352696763733243 -0.4073501369180924 0.05 
-0.8590146107698922 -0.32683715120052437 0.05 
-0.6398079813375914 0.7548472961535205 0.05 
-0.4224425887853508 -0.7241768285322224 0.05 
0.36340985682591687 0.5654220411559915 0.05 
-0.4715169096152689 0.862938373794501 0.05 
0.08307187537249072 0.6197000481898832 0.05 
-0.7742110118741673 0.9214776298811088 0.05 
0.5244635533070735 -0.09222415549644236 0.05 
-0.33582735758054993 0.6061707557891903 0.05 
-0.44177112550525743 -0.18564133933009286 0.05 
0.7735189252450828 -0.5272931528954723 0.05 
0.11266766108715476 0.05216342111222938 0.05 
