-0.8 -0.8 0.05 
-0.8 -0.3999999999999999 0.05 
-0.8 1.1102230246251565e-16 0.05 
-0.8 0.40000000000000013 0.05 
-0.8 0.8 0.05 
-0.3999999999999999 -0.8 0.05 
-0.3999999999999999 -0.3999999999999999 0.05 
-0.3999999999999999 1.1102230246251565e-16 0.05 
-0.3999999999999999 0.40000000000000013 0.05 
-0.3999999999999999 0.8 0.05 
1.1102230246251565e-16 -0.8 0.05 
1.1102230246251565e-16 -0.3999999999999999 0.05 
1.1102230246251565e-16 1.1102230246251565e-16 0.05 
1.1102230246251565e-16 0.40000000000000013 0.05 
1.1102230246251565e-16 0.8 0.05 
0.40000000000000013 -0.8 0.05 
0.40000000000000013 -0.3999999999999999 0.05 
0.40000000000000013 1.1102230246251565e-16 0.05 
0.40000000000000013 0.40000000000000013 0.05 
0.40000000000000013 0.8 0.05 
0.8 -0.8 0.05 
0.8 -0.3999999999999999 0.05 
0.8 1.1102230246251565e-16 0.05 
0.8 0.40000000000000013 0.05 
0.8 0.8 0.05 
