-0.45454545454545453 -0.45454545454545453 0.05 
-0.45454545454545453 -0.36363636363636365 0.05 
-0.45454545454545453 -0.2727272727272727 0.05 
-0.45454545454545453 -0.18181818181818182 0.05 
-0.45454545454545453 -0.09090909090909088 0.05 
-0.45454545454545453 0.0 0.05 
-0.45454545454545453 0.09090909090909088 0.05 
-0.45454545454545453 0.18181818181818182 0.05 
-0.45454545454545453 0.27272727272727276 0.05 
-0.45454545454545453 0.3636363636363637 0.05 
-0.45454545454545453 0.4545454545454546 0.05 
-0.36363636363636365 -0.45454545454545453 0.05 
-0.36363636363636365 -0.36363636363636365 0.05 
-0.36363636363636365 -0.2727272727272727 0.05 
-0.36363636363636365 -0.18181818181818182 0.05 
-0.36363636363636365 -0.09090909090909088 0.05 
-0.36363636363636365 0.0 0.05 
-0.36363636363636365 0.09090909090909088 0.05 
-0.36363636363636365 0.18181818181818182 0.05 
-0.36363636363636365 0.27272727272727276 0.05 
-0.36363636363636365 0.3636363636363637 0.05 
-0.36363636363636365 0.4545454545454546 0.05 
-0.2727272727272727 -0.45454545454545453 0.05 
-0.2727272727272727 -0.36363636363636365 0.05 
-0.2727272727272727 -0.2727272727272727 0.05 
-0.2727272727272727 -0.18181818181818182 0.05 
-0.2727272727272727 -0.09090909090909088 0.05 
-0.2727272727272727 0.0 0.05 
-0.2727272727272727 0.09090909090909088 0.05 
-0.2727272727272727 0.18181818181818182 0.05 
-0.2727272727272727 0.27272727272727276 0.05 
-0.2727272727272727 0.3636363636363637 0.05 
-0.2727272727272727 0.4545454545454546 0.05 
-0.18181818181818182 -0.45454545454545453 0.05 
-0.18181818181818182 -0.36363636363636365 0.05 
-0.18181818181818182 -0.2727272727272727 0.05 
-0.18181818181818182 -0.18181818181818182 0.05 
-0.18181818181818182 -0.09090909090909088 0.05 
-0.18181818181818182 0.0 0.05 
-0.18181818181818182 0.09090909090909088 0.05 
-0.18181818181818182 0.18181818181818182 0.05 
-0.18181818181818182 0.27272727272727276 0.05 
-0.18181818181818182 0.3636363636363637 0.05 
-0.18181818181818182 0.4545454545454546 0.05 
-0.09090909090909088 -0.45454545454545453 0.05 
-0.09090909090909088 -0.36363636363636365 0.05 
-0.09090909090909088 -0.2727272727272727 0.05 
-0.09090909090909088 -0.18181818181818182 0.05 
-0.09090909090909088 -0.09090909090909088 0.05 
-0.09090909090909088 0.0 0.05 
-0.09090909090909088 0.09090909090909088 0.05 
-0.09090909090909088 0.18181818181818182 0.05 
-0.09090909090909088 0.27272727272727276 0.05 
-0.09090909090909088 0.3636363636363637 0.05 
-0.09090909090909088 0.4545454545454546 0.05 
0.0 -0.45454545454545453 0.05 
0.0 -0.36363636363636365 0.05 
0.0 -0.2727272727272727 0.05 
0.0 -0.18181818181818182 0.05 
0.0 -0.09090909090909088 0.05 
0.0 0.0 0.05 
0.0 0.09090909090909088 0.05 
0.0 0.18181818181818182 0.05 
0.0 0.27272727272727276 0.05 
0.0 0.3636363636363637 0.05 
0.0 0.4545454545454546 0.05 
0.09090909090909088 -0.45454545454545453 0.05 
0.09090909090909088 -0.36363636363636365 0.05 
0.09090909090909088 -0.2727272727272727 0.05 
0.09090909090909088 -0.18181818181818182 0.05 
0.09090909090909088 -0.09090909090909088 0.05 
0.09090909090909088 0.0 0.05 
0.09090909090909088 0.09090909090909088 0.05 
0.09090909090909088 0.18181818181818182 0.05 
0.09090909090909088 0.27272727272727276 0.05 
0.09090909090909088 0.3636363636363637 0.05 
0.09090909090909088 0.4545454545454546 0.05 
0.18181818181818182 -0.45454545454545453 0.05 
0.18181818181818182 -0.36363636363636365 0.05 
0.18181818181818182 -0.2727272727272727 0.05 
0.18181818181818182 -0.18181818181818182 0.05 
0.18181818181818182 -0.09090909090909088 0.05 
0.18181818181818182 0.0 0.05 
0.18181818181818182 0.09090909090909088 0.05 
0.18181818181818182 0.18181818181818182 0.05 
0.18181818181818182 0.27272727272727276 0.05 
0.18181818181818182 0.3636363636363637 0.05 
0.18181818181818182 0.4545454545454546 0.05 
0.27272727272727276 -0.45454545454545453 0.05 
0.27272727272727276 -0.36363636363636365 0.05 
0.27272727272727276 -0.2727272727272727 0.05 
0.27272727272727276 -0.18181818181818182 0.05 
0.27272727272727276 -0.09090909090909088 0.05 
0.27272727272727276 0.0 0.05 
0.27272727272727276 0.09090909090909088 0.05 
0.27272727272727276 0.18181818181818182 0.05 
0.27272727272727276 0.27272727272727276 0.05 
0.27272727272727276 0.3636363636363637 0.05 
0.27272727272727276 0.4545454545454546 0.05 
0.3636363636363637 -0.45454545454545453 0.05 
0.3636363636363637 -0.36363636363636365 0.05 
0.3636363636363637 -0.2727272727272727 0.05 
0.3636363636363637 -0.18181818181818182 0.05 
0.3636363636363637 -0.09090909090909088 0.05 
0.3636363636363637 0.0 0.05 
0.3636363636363637 0.09090909090909088 0.05 
0.3636363636363637 0.18181818181818182 0.05 
0.3636363636363637 0.27272727272727276 0.05 
0.3636363636363637 0.3636363636363637 0.05 
0.3636363636363637 0.4545454545454546 0.05 
0.4545454545454546 -0.45454545454545453 0.05 
0.4545454545454546 -0.36363636363636365 0.05 
0.4545454545454546 -0.2727272727272727 0.05 
0.4545454545454546 -0.18181818181818182 0.05 
0.4545454545454546 -0.09090909090909088 0.05 
0.4545454545454546 0.0 0.05 
0.4545454545454546 0.09090909090909088 0.05 
0.4545454545454546 0.18181818181818182 0.05 
0.4545454545454546 0.27272727272727276 0.05 
0.4545454545454546 0.3636363636363637 0.05 
0.4545454545454546 0.4545454545454546 0.05 
-0.75 -0.75 0.05 
-0.75 -0.25 0.05 
-0.75 0.25 0.05 
-0.75 0.75 0.05 
0.75 -0.75 0.05 
0.75 -0.25 0.05 
0.75 0.25 0.05 
0.75 0.75 0.05 
-0.25 -0.75 0.05 
0.25 -0.75 0.05 
-0.25 0.75 0.05 
0.25 0.75 0.05 
