-0.48148389645549444 -0.7067837863123902 0.05 
-0.730653595046125 -0.5405965350905502 0.05 
-0.22614710783337977 0.8544761466226346 0.05 
0.8416332201391822 -0.5194268345106521 0.05 
0.29872518969128337 -0.3763050914989444 0.05 
0.618630082309151 0.60097112627697 0.05 
-0.25585698560791814 0.3977083503507862 0.05 
-0.1027029010044338 0.9368251888318099 0.05 
-0.46578303871972715 0.5810941059887237 0.05 
-0.0040569513815091884 -0.5299414812997035 0.05 
0.7798753383502411 0.4823355558483925 0.05 
-0.3711280925678708 0.22490826947653397 0.05 
0.27723393178390976 -0.03765840118386932 0.05 
0.06558986398662092 -0.32550999673617276 0.05 
-0.7180733014224004 0.1963938321580999 0.05 
0.8009187229336593 0.32611346621218573 0.05 
-0.8895657694753221 0.9266851078463091 0.05 
-0.9364218031340767 0.24827666888782407 0.05 
0.573364332045791 0.8549198597566646 0.05 
0.3902116513421535 0.4766236679790835 0.05 
0.4219556070582645 0.8186411106684882 0.05 
0.7703181707046639 0.01043873444279353 0.05 
-0.28978819859386207 -0.31922379584588123 0.05 
0.6849962178086378 0.13173124592168717 0.05 
-0.3548531769809288 0.47382749169773375 0.05 
