-0.4444444444444444 -0.4444444444444444 0.05 
-0.4444444444444444 -0.33333333333333337 0.05 
-0.4444444444444444 -0.22222222222222224 0.05 
-0.4444444444444444 -0.11111111111111113 0.05 
-0.4444444444444444 0.0 0.05 
-0.4444444444444444 0.1111111111111111 0.05 
-0.4444444444444444 0.22222222222222215 0.05 
-0.4444444444444444 0.33333333333333326 0.05 
-0.4444444444444444 0.4444444444444444 0.05 
-0.33333333333333337 -0.4444444444444444 0.05 
-0.33333333333333337 -0.33333333333333337 0.05 
-0.33333333333333337 -0.22222222222222224 0.05 
-0.33333333333333337 -0.11111111111111113 0.05 
-0.33333333333333337 0.0 0.05 
-0.33333333333333337 0.1111111111111111 0.05 
-0.33333333333333337 0.22222222222222215 0.05 
-0.33333333333333337 0.33333333333333326 0.05 
-0.33333333333333337 0.4444444444444444 0.05 
-0.22222222222222224 -0.4444444444444444 0.05 
-0.22222222222222224 -0.33333333333333337 0.05 
-0.22222222222222224 -0.22222222222222224 0.05 
-0.22222222222222224 -0.11111111111111113 0.05 
-0.22222222222222224 0.0 0.05 
-0.22222222222222224 0.1111111111111111 0.05 
-0.22222222222222224 0.22222222222222215 0.05 
-0.22222222222222224 0.33333333333333326 0.05 
-0.22222222222222224 0.4444444444444444 0.05 
-0.11111111111111113 -0.4444444444444444 0.05 
-0.11111111111111113 -0.33333333333333337 0.05 
-0.11111111111111113 -0.22222222222222224 0.05 
-0.11111111111111113 -0.11111111111111113 0.05 
-0.11111111111111113 0.0 0.05 
-0.11111111111111113 0.1111111111111111 0.05 
-0.11111111111111113 0.22222222222222215 0.05 
-0.11111111111111113 0.33333333333333326 0.05 
-0.11111111111111113 0.4444444444444444 0.05 
0.0 -0.4444444444444444 0.05 
0.0 -0.33333333333333337 0.05 
0.0 -0.22222222222222224 0.05 
0.0 -0.11111111111111113 0.05 
0.0 0.0 0.05 
0.0 0.1111111111111111 0.05 
0.0 0.22222222222222215 0.05 
0.0 0.33333333333333326 0.05 
0.0 0.4444444444444444 0.05 
0.1111111111111111 -0.4444444444444444 0.05 
0.1111111111111111 -0.33333333333333337 0.05 
0.1111111111111111 -0.22222222222222224 0.05 
0.1111111111111111 -0.11111111111111113 0.05 
0.1111111111111111 0.0 0.05 
0.1111111111111111 0.1111111111111111 0.05 
0.1111111111111111 0.22222222222222215 0.05 
0.1111111111111111 0.33333333333333326 0.05 
0.1111111111111111 0.4444444444444444 0.05 
0.22222222222222215 -0.4444444444444444 0.05 
0.22222222222222215 -0.33333333333333337 0.05 
0.22222222222222215 -0.22222222222222224 0.05 
0.22222222222222215 -0.11111111111111113 0.05 
0.22222222222222215 0.0 0.05 
0.22222222222222215 0.1111111111111111 0.05 
0.22222222222222215 0.22222222222222215 0.05 
0.22222222222222215 0.33333333333333326 0.05 
0.22222222222222215 0.4444444444444444 0.05 
0.33333333333333326 -0.4444444444444444 0.05 
0.33333333333333326 -0.33333333333333337 0.05 
0.33333333333333326 -0.22222222222222224 0.05 
0.33333333333333326 -0.11111111111111113 0.05 
0.33333333333333326 0.0 0.05 
0.33333333333333326 0.1111111111111111 0.05 
0.33333333333333326 0.22222222222222215 0.05 
0.33333333333333326 0.33333333333333326 0.05 
0.33333333333333326 0.4444444444444444 0.05 
0.4444444444444444 -0.4444444444444444 0.05 
0.4444444444444444 -0.33333333333333337 0.05 
0.4444444444444444 -0.22222222222222224 0.05 
0.4444444444444444 -0.11111111111111113 0.05 
0.4444444444444444 0.0 0.05 
0.4444444444444444 0.1111111111111111 0.05 
0.4444444444444444 0.22222222222222215 0.05 
0.4444444444444444 0.33333333333333326 0.05 
0.4444444444444444 0.4444444444444444 0.05 
-0.75 -0.75 0.05 
-0.75 -0.25 0.05 
-0.75 0.25 0.05 
-0.75 0.75 0.05 
0.75 -0.75 0.05 
0.75 -0.25 0.05 
0.75 0.25 0.05 
0.75 0.75 0.05 
-0.25 -0.75 0.05 
0.25 -0.75 0.05 
-0.25 0.75 0.05 
0.25 0.75 0.05 
