0.5290079481543045 0.7686291220547324 0.05 
0.33897652219547847 0.6682243000447862 0.05 
-0.7815467963514389 -0.8366659374960964 0.05 
0.3617926376825106 -0.10565753012403323 0.05 
0.006896716565092609 0.9344497920033238 0.05 
-0.8094236141614549 0.8569951888485344 0.05 
-0.28498102180683915 0.5625491523396887 0.05 
-0.47983661891919993 -0.08236396241902322 0.05 
-0.479938977204333 -0.4473008414386074 0.05 
0.48296609785085753 0.034973158527147885 0.05 
-0.09226429006551273 -0.4732602346977933 0.05 
-0.9041716830547206 -0.007455595639927259 0.05 
-0.13465004987906937 -0.06694715496473969 0.05 
0.5818148676161968 0.314247797237866 0.05 
-0.24527121820865805 -0.5763700524328528 0.05 
-0.7747763358064086 0.19501271824302668 0.05 
-0.401201458790874 -0.19611519923808274 0.05 
-0.07320617657711737 -0.1708224004365403 0.05 
0.7132038793598433 -0.22833307419145188 0.05 
0.009928083044466351 0.632918718633383 0.05 
-0.696211833955895 -0.8965703841899358 0.05 
0.8464280767793212 0.2837023700927933 0.05 
0.3017278937960325 -0.36388954875738755 0.05 
0.45879115055117403 0.39178420119668844 0.05 
0.16143546887436233 0.5234744287617313 0.05 
-0.13933918532518408 0.229536454819118 0.05 
0.28061565882040684 -0.8458552429900794 0.05 
-0.42550758964582147 0.795549462487607 0.05 
-0.9289777326446809 0.5466310175703032 0.05 
-0.1913988035705131 -0.7613250110376778 0.05 
0.6235609248710351 -0.005642306287142351 0.05 
-0.4063816482520186 0.9081066591046926 0.05 
0.5814623112978555 -0.39665044911399383 0.05 
0.3280209274284779 -0.5228196958300826 0.05 
0.26703989209419154 -0.7228144329728226 0.05 
-0.2916647076834007 0.4343208233615984 0.05 
0.5323824352816037 -0.9342162022408028 0.05 
-0.5418153676052428 0.6271486803509599 0.05 
0.22762646755758642 -0.44183828659843527 0.05 
-0.693198039003241 -0.5086636648901676 0.05 
-0.34852995636312056 0.7202268725626201 0.05 
-0.6731340020988523 0.4651296353304394 0.05 
-0.7215379739167251 -0.055473364585032936 0.05 
-0.7193872557189342 0.5830178304918937 0.05 
0.8963081608989562 -0.8702267717234916 0.05 
-0.847702066129495 -0.31966671905238353 0.05 
0.2732630630788845 0.857344077254019 0.05 
-0.4596315878855078 0.4381208634155064 0.05 
0.7070779740645289 -0.8187631604346296 0.05 
0.874166695451054 0.09172201504280386 0.05 
