0.598183955066453 0.9139950587697095 0.05 
0.1668407141726126 -0.38287362207511655 0.05 
0.7107625237666167 -0.7213993410174716 0.05 
-0.9357319389856728 0.7842686646954035 0.05 
-0.7877044268508622 0.16707468471311515 0.05 
0.19265225050777912 0.4739789008203713 0.05 
-0.3588498409510994 -0.31657132703417157 0.05 
-0.3708701554477829 0.5876796395523348 0.05 
-0.15419016152702192 0.4894167069497627 0.05 
0.6118553924648803 0.8006575992426904 0.05 
-0.49502729668750683 0.03305141507386555 0.05 
0.13661584224805778 0.9164799809095855 0.05 
0.5344365517970836 0.08308847891511262 0.05 
0.03592730444513992 0.8925760878499481 0.05 
-0.13846190928952062 -0.3453638662492382 0.05 
0.24765640357795837 -0.511106847527008 0.05 
0.039766976473424975 0.33145890611733553 0.05 
-0.755600407794768 0.839831159909897 0.05 
-0.3253943408503579 -0.16785580988737692 0.05 
0.2084954491092531 -0.2880381829473446 0.05 
0.269463068980457 -0.6193096909407718 0.05 
-0.08884537470225873 0.9085890071817532 0.05 
-0.3240035818448588 0.22649993675536229 0.05 
0.34820468602133736 -0.0953539376777559 0.05 
-0.6578418020690626 -0.19134511218446926 0.05 
0.378087518260355 0.907447490465631 0.05 
0.2726903535298507 0.3719183409646546 0.05 
0.9413515661256017 0.7961624437823648 0.05 
0.5951665676242687 0.4619609497031866 0.05 
0.3257210218117844 -0.7945080171175188 0.05 
-0.22259887939063105 -0.8695226730528813 0.05 
-0.014518414456509032 0.49703717108108625 0.05 
-0.3656730535900745 -0.473466154044435 0.05 
0.6179782915607014 -0.9404196946403961 0.05 
-0.5595255264622427 -0.4208702620623249 0.05 
0.910356415432544 0.6957247834631067 0.05 
0.7597831163948022 -0.4653830593089071 0.05 
0.7791679003470416 -0.9160262282554392 0.05 
-0.6717155447278964 0.547477671959376 0.05 
0.9482028602399509 -0.34166277390828304 0.05 
0.20144928874858425 0.8054193095671894 0.05 
0.24533796157873622 0.04320075592364625 0.05 
-0.04905220545596167 0.6992762621982632 0.05 
0.6764371200109353 0.024830074016867765 0.05 
-0.5609858043415568 -0.8622384080837072 0.05 
