0.8460645784285207 0.6249861884343052 0.05 
-0.9333756562109968 0.8016186090117646 0.05 
0.125668860593238 0.4935053399257946 0.05 
0.6060734623673342 0.8576822573239377 0.05 
0.04239815499247346 -0.4774634744607325 0.05 
0.05332119375935396 0.6701442606475237 0.05 
-0.3681116569060161 -0.8555650565145068 0.05 
0.6172996568324877 -0.5099817359259875 0.05 
0.6817373370543064 0.6821022227434829 0.05 
0.18929273865667195 -0.26304837266429404 0.05 
-0.03906391252562569 -0.770207259021984 0.05 
0.7524771976608006 0.39455220806633384 0.05 
0.28229477115181545 -0.3339162365901811 0.05 
0.3521562338551284 0.8705161603990542 0.05 
-0.9468027376161999 -0.3984932833485145 0.05 
0.6524285002389959 -0.9103410230374721 0.05 
0.40224826587063645 -0.4309541971191322 0.05 
-0.13217178557925502 0.8684334251938964 0.05 
0.6994020977384346 0.5204553509065076 0.05 
0.23560586244540438 0.6049448701928911 0.05 
0.3570142031849838 -0.9080295711154756 0.05 
-0.8559057306701551 -0.15063012215801108 0.05 
-0.860068055693149 -0.02531497921928183 0.05 
0.20001813219022913 -0.7082449371082149 0.05 
-0.3276272909190244 0.020973368410146076 0.05 
0.7665164475820346 -0.24409840910805902 0.05 
0.7010445615362856 -0.6701959137035504 0.05 
-0.6648759541265286 -0.7807550436923263 0.05 
0.4624688481485103 -0.16163492693320414 0.05 
-0.6588963673135626 -0.10762161129095937 0.05 
