0.5440475436112467 0.3654374597566644 0.05 
0.8204779790145852 -0.901384696632331 0.05 
0.12951113554495575 0.6947844126809123 0.05 
-0.3172213388630718 0.5718933015050794 0.05 
-0.3730464157166884 0.4617382284504551 0.05 
-0.7884369030983349 -0.44121051549898493 0.05 
0.6896626630745323 0.8234577164499518 0.05 
-0.025124377010062537 -0.5481575334573795 0.05 
0.6110513609552329 -0.10237500418606305 0.05 
0.9140085612722865 -0.6106849353501769 0.05 
0.37170857957353765 -0.8912258948853636 0.05 
-0.7447156919453333 -0.5616358545350013 0.05 
0.3744609455068676 -0.2974704164654951 0.05 
0.7414222018884774 0.3113918670669563 0.05 
0.3672431441135867 0.3524694395275304 0.05 
-0.3596263851612801 -0.8395135792018258 0.05 
0.15075851949253727 -0.18188199514750614 0.05 
0.2188360312437675 -0.8706595946933253 0.05 
-0.48450574439999816 -0.3657566737784359 0.05 
-0.6642675858059948 -0.21660386338313686 0.05 
0.05487007533351462 -0.25257012862361516 0.05 
0.6741711248278325 0.020341834073986487 0.05 
0.7262011573857216 -0.544939056338215 0.05 
-0.8728546293201911 -0.38123265957044905 0.05 
-0.4665948134748269 0.5643280736445883 0.05 
0.46155548844670113 0.45659901552333093 0.05 
0.13207218343846006 0.8652561125367327 0.05 
-0.9109569056762283 0.6312376315024922 0.05 
0.5229773646292871 -0.44513097964654746 0.05 
-0.10449468026823527 -0.2946488511779872 0.05 
-0.6864665113390703 0.12261003137960047 0.05 
-0.7900613763278634 -0.7757259221996019 0.05 
0.6593245722998234 0.4487545222504673 0.05 
0.11799374173985855 0.02976879139707067 0.05 
0.19867846541071887 0.3178624233227617 0.05 
0.828962590275112 -0.15152907776524005 0.05 
