0.7213262946119431 -0.15088552493838536 0.05 
-0.127361276096832 0.4241597050474245 0.05 
-0.23638010000645526 -0.08752610214511747 0.05 
0.16744072572845214 -0.9237940241905818 0.05 
-0.43328820840123683 0.8379383502937473 0.05 
0.5101353770626188 0.5329772875296362 0.05 
-0.4629694238559858 -0.0618117007307597 0.05 
-0.7220618153540533 -0.05548377803225002 0.05 
-0.7539734207668735 0.9223395908512536 0.05 
0.0931114868353321 0.14306728288265458 0.05 
0.17489901643593442 0.7988070163291286 0.05 
0.14399082253162587 0.9303269842721401 0.05 
0.9073435077491351 0.42466163124113565 0.05 
-0.16038364619472734 -0.3517160335177818 0.05 
0.02624421568471036 0.5856916921598608 0.05 
0.3699760445207664 0.2857315551511169 0.05 
