-0.9032741389381438 -0.8864179363386986 0.05 
-0.719713707974439 -0.3444007694011937 0.05 
-0.7751707284930078 -0.8158855477199799 0.05 
-0.26033181742915656 -0.286503275753599 0.05 
-0.5890830825467264 -0.48541029107062383 0.05 
-0.44155776194321084 -0.25639357361114523 0.05 
-0.2597966967753499 -0.9145795690308725 0.05 
-0.8201383662450958 -0.09213964503859273 0.05 
-0.6873503293458854 -0.16745640758159885 0.05 
-0.8413823482643663 -0.5059019151192492 0.05 
-0.12105645132470355 -0.7474282439850841 0.05 
-0.3750114755340235 0.06051357032325967 0.05 
-0.019544451815943775 0.11522661416208548 0.05 
-0.2590312555671552 0.8515948175998246 0.05 
0.7698238863066607 0.6972754928847382 0.05 
0.8818622859978872 0.8876092529705261 0.05 
0.7286902292055957 0.8222520257642836 0.05 
0.18616273346927895 -0.9054589876200412 0.05 
0.9331406301497824 -0.9443126583929774 0.05 
0.458365958666796 -0.9169622411466034 0.05 
