-0.9096907267662796 -0.6957698789188302 0.05 
-0.7208676143070158 -0.4734792922781734 0.05 
-0.8013694738724177 -0.015152680563378457 0.05 
-0.7545221081831711 0.486617005340654 0.05 
-0.9218421239677295 0.658504242956602 0.05 
-0.299270468824039 -0.820169879628484 0.05 
-0.32131597526261735 -0.5493681839946667 0.05 
-0.41638384178355947 0.06646200970223493 0.05 
-0.48137133361886414 0.5335812086661768 0.05 
-0.2795717627165549 0.6591769949100662 0.05 
-0.14236624170196172 -0.787576258161951 0.05 
0.13174474883355336 -0.4356387286935362 0.05 
-0.08502018086081592 -0.023365027325184695 0.05 
-0.14128776372753957 0.3165074998819106 0.05 
-0.018633721904828288 0.7987436724145552 0.05 
0.31992533507727194 -0.8807400375377047 0.05 
0.3156343112013067 -0.4121189602786799 0.05 
0.3369344843771458 -0.1435530884202273 0.05 
0.5012733926987719 0.41693629679573013 0.05 
0.44268830887973376 0.7057718797684154 0.05 
0.9477630236528195 -0.692016041361413 0.05 
0.686266987941742 -0.45019144439196124 0.05 
0.8664453222749805 0.06335753090858404 0.05 
0.9309321760398379 0.3766320999884247 0.05 
0.8990107079822981 0.8510916699242214 0.05 
