9.000000000000000e+00 1.028807551724182e+05 
9.005000000000001e+00 1.024898730879052e+05 
9.010000000000000e+00 1.021054713944979e+05 
9.015000000000001e+00 1.017265922911384e+05 
9.020000000000000e+00 1.013531105095928e+05 
9.025000000000000e+00 1.009849108307138e+05 
9.029999999999999e+00 1.006218727995534e+05 
9.035000000000000e+00 1.002638662783737e+05 
9.040000000000001e+00 9.991075560995987e+04 
9.045000000000000e+00 9.956241270453567e+04 
9.050000000000001e+00 9.922121638024531e+04 
9.055000000000000e+00 9.890685011837617e+04 
9.060000000000000e+00 9.866971292427466e+04 
9.065000000000000e+00 9.858522212365927e+04 
9.070000000000000e+00 9.872904026383095e+04 
9.075000000000001e+00 9.916362779740164e+04 
9.080000000000000e+00 9.993198071471363e+04 
9.085000000000001e+00 1.010538736347784e+05 
9.090000000000000e+00 1.025224734436302e+05 
9.095000000000001e+00 1.043092234646092e+05 
9.100000000000000e+00 1.063695392311706e+05 
9.105000000000000e+00 1.086526865821096e+05 
9.109999999999999e+00 1.111065010324997e+05 
9.115000000000000e+00 1.136804399368989e+05 
9.120000000000001e+00 1.163282200675123e+05 
9.125000000000000e+00 1.190080129027379e+05 
9.130000000000001e+00 1.216829473518578e+05 
9.135000000000000e+00 1.243218308569798e+05 
9.140000000000001e+00 1.268985768284789e+05 
9.145000000000000e+00 1.293920535622649e+05 
9.150000000000000e+00 1.317858587648969e+05 
9.154999999999999e+00 1.340677649748874e+05 
9.160000000000000e+00 1.362291225958052e+05 
9.165000000000001e+00 1.382643290993642e+05 
9.170000000000000e+00 1.401703587666096e+05 
9.175000000000001e+00 1.419464136448825e+05 
9.180000000000000e+00 1.435935274783304e+05 
9.185000000000000e+00 1.451138635066431e+05 
9.190000000000000e+00 1.465099406382605e+05 
9.195000000000000e+00 1.477840782907549e+05 
9.200000000000001e+00 1.489385973036697e+05 
9.205000000000000e+00 1.499781843141352e+05 
9.210000000000001e+00 1.509011383591000e+05 
9.215000000000000e+00 1.517139665206295e+05 
9.220000000000001e+00 1.524199967887526e+05 
9.225000000000000e+00 1.530226525689476e+05 
9.230000000000000e+00 1.535252372852798e+05 
9.234999999999999e+00 1.539308859022022e+05 
9.240000000000000e+00 1.542431821079633e+05 
9.245000000000001e+00 1.544667372613425e+05 
9.250000000000000e+00 1.546068717183207e+05 
9.255000000000001e+00 1.546694013874840e+05 
9.260000000000000e+00 1.546601428583424e+05 
9.265000000000001e+00 1.545860349409209e+05 
9.270000000000000e+00 1.544548422293357e+05 
9.275000000000000e+00 1.542750193473274e+05 
9.279999999999999e+00 1.540556560826934e+05 
9.285000000000000e+00 1.538057889997699e+05 
9.290000000000001e+00 1.535339059137790e+05 
9.295000000000000e+00 1.532475990197902e+05 
9.300000000000001e+00 1.529535241950631e+05 
9.305000000000000e+00 1.526576407703724e+05 
9.310000000000000e+00 1.523643698630842e+05 
9.315000000000000e+00 1.520779770497135e+05 
9.320000000000000e+00 1.518013297211290e+05 
9.325000000000001e+00 1.515364778753778e+05 
9.330000000000000e+00 1.512847548575114e+05 
9.335000000000001e+00 1.510468699209006e+05 
9.340000000000000e+00 1.508229411826506e+05 
9.345000000000001e+00 1.506125493966562e+05 
9.350000000000000e+00 1.504148384615225e+05 
9.355000000000000e+00 1.502285936142276e+05 
9.359999999999999e+00 1.500523080058950e+05 
9.365000000000000e+00 1.498843520476320e+05 
9.370000000000001e+00 1.497230414770044e+05 
9.375000000000000e+00 1.495664199298869e+05 
9.380000000000001e+00 1.494121081195048e+05 
9.385000000000000e+00 1.492572821903118e+05 
9.390000000000001e+00 1.490984831224509e+05 
9.395000000000000e+00 1.489311526170879e+05 
9.400000000000000e+00 1.487483444805027e+05 
9.404999999999999e+00 1.485391943832170e+05 
9.410000000000000e+00 1.482880694008280e+05 
9.415000000000001e+00 1.479736908004255e+05 
9.420000000000000e+00 1.475699091379428e+05 
9.425000000000001e+00 1.470496639857274e+05 
9.430000000000000e+00 1.463921171461077e+05 
9.435000000000000e+00 1.455912147105840e+05 
9.440000000000000e+00 1.446597157547380e+05 
9.445000000000000e+00 1.436350140350844e+05 
9.450000000000001e+00 1.425716918275233e+05 
9.455000000000000e+00 1.415279106162357e+05 
9.460000000000001e+00 1.405517273378803e+05 
9.465000000000000e+00 1.396742722664921e+05 
9.470000000000001e+00 1.389120634313127e+05 
9.475000000000000e+00 1.382685172593325e+05 
9.480000000000000e+00 1.377346604873068e+05 
9.484999999999999e+00 1.372976132718382e+05 
9.490000000000000e+00 1.369425761538533e+05 
9.495000000000001e+00 1.366545423393300e+05 
9.500000000000000e+00 1.364196595942787e+05 
9.505000000000001e+00 1.362248070825241e+05 
9.510000000000000e+00 1.360610108967358e+05 
9.515000000000001e+00 1.359182993556166e+05 
9.520000000000000e+00 1.357888816457286e+05 
9.525000000000000e+00 1.356673816578637e+05 
9.529999999999999e+00 1.355497658064864e+05 
9.535000000000000e+00 1.354326527836015e+05 
9.540000000000001e+00 1.353133489662120e+05 
9.545000000000000e+00 1.351896852377886e+05 
9.550000000000001e+00 1.350603811581262e+05 
9.555000000000000e+00 1.349248187481735e+05 
9.560000000000000e+00 1.347822048308935e+05 
9.565000000000000e+00 1.346318971219327e+05 
9.570000000000000e+00 1.344736239292602e+05 
9.575000000000001e+00 1.343073477851714e+05 
9.580000000000000e+00 1.341331802773357e+05 
9.585000000000001e+00 1.339514537647917e+05 
9.590000000000000e+00 1.337625521495296e+05 
9.595000000000001e+00 1.335668587229850e+05 
9.600000000000000e+00 1.333648392764439e+05 
9.605000000000000e+00 1.331568697406794e+05 
9.609999999999999e+00 1.329438037034808e+05 
9.615000000000000e+00 1.327259408718722e+05 
9.620000000000001e+00 1.325037969445499e+05 
9.625000000000000e+00 1.322778399571488e+05 
9.630000000000001e+00 1.320484942229792e+05 
9.635000000000000e+00 1.318161024332071e+05 
9.640000000000001e+00 1.315809299370390e+05 
9.645000000000000e+00 1.313431753831609e+05 
9.650000000000000e+00 1.311029597308917e+05 
9.654999999999999e+00 1.308603228149314e+05 
9.660000000000000e+00 1.306152224411647e+05 
9.665000000000001e+00 1.303675364290235e+05 
9.670000000000000e+00 1.301170695921483e+05 
9.675000000000001e+00 1.298635589047268e+05 
9.680000000000000e+00 1.296066810838056e+05 
9.685000000000000e+00 1.293460611208728e+05 
9.690000000000000e+00 1.290812811730619e+05 
9.695000000000000e+00 1.288118923971649e+05 
9.700000000000001e+00 1.285374282122471e+05 
9.705000000000000e+00 1.282571000009044e+05 
9.710000000000001e+00 1.279711529102438e+05 
9.715000000000000e+00 1.276786455768117e+05 
9.720000000000001e+00 1.273791754600768e+05 
9.725000000000000e+00 1.270723373729744e+05 
9.730000000000000e+00 1.267577520469956e+05 
9.734999999999999e+00 1.264350768631836e+05 
9.740000000000000e+00 1.261040130442516e+05 
9.745000000000001e+00 1.257643112404067e+05 
9.750000000000000e+00 1.254157748047526e+05 
9.755000000000001e+00 1.250582620604278e+05 
9.760000000000000e+00 1.246916878592188e+05 
9.765000000000001e+00 1.243160202453012e+05 
9.770000000000000e+00 1.239312817311847e+05 
9.775000000000000e+00 1.235375489984061e+05 
9.779999999999999e+00 1.231349520538023e+05 
9.785000000000000e+00 1.227236727754028e+05 
9.790000000000001e+00 1.223039418405215e+05 
9.795000000000000e+00 1.218760358057664e+05 
9.800000000000001e+00 1.214402749801568e+05 
9.805000000000000e+00 1.209967488228388e+05 
9.810000000000000e+00 1.205464929163928e+05 
9.815000000000000e+00 1.200895038438040e+05 
9.820000000000000e+00 1.196262857808152e+05 
9.825000000000001e+00 1.191573366987763e+05 
9.830000000000000e+00 1.186831673066846e+05 
9.835000000000001e+00 1.182043024941526e+05 
9.840000000000000e+00 1.177212798024751e+05 
9.845000000000001e+00 1.172346469798729e+05 
9.850000000000000e+00 1.167449583830713e+05 
9.855000000000000e+00 1.162527704805367e+05 
9.859999999999999e+00 1.157586382643006e+05 
9.865000000000000e+00 1.152631133255762e+05 
9.870000000000001e+00 1.147667405395247e+05 
9.875000000000000e+00 1.142700517208230e+05 
9.880000000000001e+00 1.137735681466297e+05 
9.885000000000000e+00 1.132777961750125e+05 
9.890000000000001e+00 1.127832210063929e+05 
9.895000000000000e+00 1.122903065721352e+05 
9.900000000000000e+00 1.117994957523994e+05 
9.904999999999999e+00 1.113107575115877e+05 
9.910000000000000e+00 1.108255603874672e+05 
9.915000000000001e+00 1.103435412125177e+05 
9.920000000000000e+00 1.098651165802851e+05 
9.925000000000001e+00 1.093906290757271e+05 
9.930000000000000e+00 1.089203752847821e+05 
9.935000000000000e+00 1.084546182080654e+05 
9.940000000000000e+00 1.079935911637612e+05 
9.945000000000000e+00 1.075375044529951e+05 
9.950000000000001e+00 1.070865380126992e+05 
9.955000000000000e+00 1.066408458913787e+05 
9.960000000000001e+00 1.062005566021327e+05 
9.965000000000000e+00 1.057657759298108e+05 
9.970000000000001e+00 1.053365868157922e+05 
9.975000000000000e+00 1.049130485928952e+05 
9.980000000000000e+00 1.044952004386175e+05 
9.984999999999999e+00 1.040830615526759e+05 
9.990000000000000e+00 1.036766380022000e+05 
9.995000000000001e+00 1.032759116728679e+05 
