9.000000000000000e+00 1.570191142701602e-03 
9.005000000000001e+00 1.564962881504842e-03 
9.010000000000000e+00 1.559921974284084e-03 
9.015000000000001e+00 1.554960035557911e-03 
9.020000000000000e+00 1.550070459631738e-03 
9.025000000000000e+00 1.545248251868447e-03 
9.029999999999999e+00 1.540488895709831e-03 
9.035000000000000e+00 1.535787811751184e-03 
9.040000000000001e+00 1.531141130080806e-03 
9.045000000000000e+00 1.526546613700586e-03 
9.050000000000001e+00 1.522308807706411e-03 
9.055000000000000e+00 1.520589533711540e-03 
9.060000000000000e+00 1.525600375899835e-03 
9.065000000000000e+00 1.542065537297995e-03 
9.070000000000000e+00 1.572402523138210e-03 
9.075000000000001e+00 1.618040099541118e-03 
9.080000000000000e+00 1.678606528534954e-03 
9.085000000000001e+00 1.752092559878192e-03 
9.090000000000000e+00 1.835121485162473e-03 
9.095000000000001e+00 1.923863706084197e-03 
9.100000000000000e+00 2.014357762154148e-03 
9.105000000000000e+00 2.103503971605945e-03 
9.109999999999999e+00 2.188789627326155e-03 
9.115000000000000e+00 2.268389322867762e-03 
9.120000000000001e+00 2.341210313248305e-03 
9.125000000000000e+00 2.406519554792940e-03 
9.130000000000001e+00 2.464043806137185e-03 
9.135000000000000e+00 2.513827472518906e-03 
9.140000000000001e+00 2.556117575082100e-03 
9.145000000000000e+00 2.591343746966290e-03 
9.150000000000000e+00 2.620051512695164e-03 
9.154999999999999e+00 2.642850048397074e-03 
9.160000000000000e+00 2.660364379067301e-03 
9.165000000000001e+00 2.673214225671205e-03 
9.170000000000000e+00 2.681994216476257e-03 
9.175000000000001e+00 2.687275630953988e-03 
9.180000000000000e+00 2.689585572871037e-03 
9.185000000000000e+00 2.689358934371714e-03 
9.190000000000000e+00 2.686912121936840e-03 
9.195000000000000e+00 2.682445234350854e-03 
9.200000000000001e+00 2.676135539213682e-03 
9.205000000000000e+00 2.668278170487421e-03 
9.210000000000001e+00 2.658693973531266e-03 
9.215000000000000e+00 2.647856958701315e-03 
9.220000000000001e+00 2.635828077045027e-03 
9.225000000000000e+00 2.622711974379819e-03 
9.230000000000000e+00 2.608578402256317e-03 
9.234999999999999e+00 2.593487931759108e-03 
9.240000000000000e+00 2.577577336154083e-03 
9.245000000000001e+00 2.561061887879986e-03 
9.250000000000000e+00 2.544144344358875e-03 
9.255000000000001e+00 2.527041799212995e-03 
9.260000000000000e+00 2.509854329767363e-03 
9.265000000000001e+00 2.492818575695302e-03 
9.270000000000000e+00 2.476331124378093e-03 
9.275000000000000e+00 2.460683129117749e-03 
9.279999999999999e+00 2.446154574701188e-03 
9.285000000000000e+00 2.432937413602243e-03 
9.290000000000001e+00 2.421152215524569e-03 
9.295000000000000e+00 2.410827797751847e-03 
9.300000000000001e+00 2.401952323522869e-03 
9.305000000000000e+00 2.394476155716603e-03 
9.310000000000000e+00 2.388307982578519e-03 
9.315000000000000e+00 2.383340122755580e-03 
9.320000000000000e+00 2.379426500773183e-03 
9.325000000000001e+00 2.376420215949103e-03 
9.330000000000000e+00 2.374174222310104e-03 
9.335000000000001e+00 2.372547292536775e-03 
9.340000000000000e+00 2.371396499779392e-03 
9.345000000000001e+00 2.370584391409571e-03 
9.350000000000000e+00 2.369982559141287e-03 
9.355000000000000e+00 2.369471929192215e-03 
9.359999999999999e+00 2.368943547049655e-03 
9.365000000000000e+00 2.368315059582844e-03 
9.370000000000001e+00 2.367515646000463e-03 
9.375000000000000e+00 2.366452507852540e-03 
9.380000000000001e+00 2.365015863579060e-03 
9.385000000000000e+00 2.363080657691225e-03 
9.390000000000001e+00 2.360481753789822e-03 
9.395000000000000e+00 2.356974013161364e-03 
9.400000000000000e+00 2.352095802474311e-03 
9.404999999999999e+00 2.345130179245319e-03 
9.410000000000000e+00 2.335050303007790e-03 
9.415000000000001e+00 2.320676087143958e-03 
9.420000000000000e+00 2.300665886276529e-03 
9.425000000000001e+00 2.274203457311408e-03 
9.430000000000000e+00 2.241409095610139e-03 
9.435000000000000e+00 2.203865945014122e-03 
9.440000000000000e+00 2.164429419415861e-03 
9.445000000000000e+00 2.127122813571749e-03 
9.450000000000001e+00 2.095648370684118e-03 
9.455000000000000e+00 2.072646129705041e-03 
9.460000000000001e+00 2.058855275589620e-03 
9.465000000000000e+00 2.053617826755301e-03 
9.470000000000001e+00 2.055384090541474e-03 
9.475000000000000e+00 2.062373374617475e-03 
9.480000000000000e+00 2.072568838585077e-03 
9.484999999999999e+00 2.084255700158807e-03 
9.490000000000000e+00 2.096190905779268e-03 
9.495000000000001e+00 2.107482601518371e-03 
9.500000000000000e+00 2.117596853466208e-03 
9.505000000000001e+00 2.126158339935028e-03 
9.510000000000000e+00 2.133186210603418e-03 
9.515000000000001e+00 2.138531864726262e-03 
9.520000000000000e+00 2.142280228088813e-03 
9.525000000000000e+00 2.144655192392602e-03 
9.529999999999999e+00 2.145825495411207e-03 
9.535000000000000e+00 2.145943520919508e-03 
9.540000000000001e+00 2.145150692384451e-03 
9.545000000000000e+00 2.143564081351127e-03 
9.550000000000001e+00 2.141352768258741e-03 
9.555000000000000e+00 2.138647972091257e-03 
9.560000000000000e+00 2.135493673040653e-03 
9.565000000000000e+00 2.131965584186412e-03 
9.570000000000000e+00 2.128129737952216e-03 
9.575000000000001e+00 2.124049865809013e-03 
9.580000000000000e+00 2.119775633253431e-03 
9.585000000000001e+00 2.115367607939608e-03 
9.590000000000000e+00 2.110857490394509e-03 
9.595000000000001e+00 2.106276111802104e-03 
9.600000000000000e+00 2.101652848095755e-03 
9.605000000000000e+00 2.097007578812807e-03 
9.609999999999999e+00 2.092372270416055e-03 
9.615000000000000e+00 2.087751574815085e-03 
9.620000000000001e+00 2.083157037697611e-03 
9.625000000000000e+00 2.078595373916615e-03 
9.630000000000001e+00 2.074070044600223e-03 
9.635000000000000e+00 2.069576581422448e-03 
9.640000000000001e+00 2.065109100755256e-03 
9.645000000000000e+00 2.060658871765572e-03 
9.650000000000000e+00 2.056214391529871e-03 
9.654999999999999e+00 2.051761745264314e-03 
9.660000000000000e+00 2.047284949881479e-03 
9.665000000000001e+00 2.042766507105297e-03 
9.670000000000000e+00 2.038188249963728e-03 
9.675000000000001e+00 2.033531385324956e-03 
9.680000000000000e+00 2.028777267270695e-03 
9.685000000000000e+00 2.023907601821141e-03 
9.690000000000000e+00 2.018904922656544e-03 
9.695000000000000e+00 2.013753162721367e-03 
9.700000000000001e+00 2.008437386779530e-03 
9.705000000000000e+00 2.002934427011394e-03 
9.710000000000001e+00 1.997264406146340e-03 
9.715000000000000e+00 1.991394428254943e-03 
9.720000000000001e+00 1.985321913739865e-03 
9.725000000000000e+00 1.979044165419542e-03 
9.730000000000000e+00 1.972559803223235e-03 
9.734999999999999e+00 1.965869253577669e-03 
9.740000000000000e+00 1.958974920598133e-03 
9.745000000000001e+00 1.951881119826153e-03 
9.750000000000000e+00 1.944593922596433e-03 
9.755000000000001e+00 1.937121020145525e-03 
9.760000000000000e+00 1.929471550681069e-03 
9.765000000000001e+00 1.921655517026467e-03 
9.770000000000000e+00 1.913684059684687e-03 
9.775000000000000e+00 1.905569221898710e-03 
9.779999999999999e+00 1.897323885788961e-03 
9.785000000000000e+00 1.888961594771435e-03 
9.790000000000001e+00 1.880496296779915e-03 
9.795000000000000e+00 1.871942258790732e-03 
9.800000000000001e+00 1.863314031166021e-03 
9.805000000000000e+00 1.854616671031529e-03 
9.810000000000000e+00 1.845889697038713e-03 
9.815000000000000e+00 1.837127845339262e-03 
9.820000000000000e+00 1.828348163555718e-03 
9.825000000000001e+00 1.819565418111871e-03 
9.830000000000000e+00 1.810793353159801e-03 
9.835000000000001e+00 1.802044928365279e-03 
9.840000000000000e+00 1.793332536180093e-03 
9.845000000000001e+00 1.784667988960650e-03 
9.850000000000000e+00 1.776062448757040e-03 
9.855000000000000e+00 1.767526274626005e-03 
9.859999999999999e+00 1.759069071862496e-03 
9.865000000000000e+00 1.750699812000405e-03 
9.870000000000001e+00 1.742426661102528e-03 
9.875000000000000e+00 1.734256610639307e-03 
9.880000000000001e+00 1.726196489457545e-03 
9.885000000000000e+00 1.718251949125790e-03 
9.890000000000001e+00 1.710427620771628e-03 
9.895000000000000e+00 1.702727396865724e-03 
9.900000000000000e+00 1.695154557765925e-03 
9.904999999999999e+00 1.687697080590619e-03 
9.910000000000000e+00 1.680395629951632e-03 
9.915000000000001e+00 1.673220416851091e-03 
9.920000000000000e+00 1.666176262945364e-03 
9.925000000000001e+00 1.659264867943200e-03 
9.930000000000000e+00 1.652485992232119e-03 
9.935000000000000e+00 1.645838537270860e-03 
9.940000000000000e+00 1.639320979796995e-03 
9.945000000000000e+00 1.632931155424494e-03 
9.950000000000001e+00 1.626666768931990e-03 
9.955000000000000e+00 1.620524873840944e-03 
9.960000000000001e+00 1.614502365283736e-03 
9.965000000000000e+00 1.608596029936299e-03 
9.970000000000001e+00 1.602802354077375e-03 
9.975000000000000e+00 1.597117596047452e-03 
9.980000000000000e+00 1.591537954080955e-03 
9.984999999999999e+00 1.586059477015503e-03 
9.990000000000000e+00 1.580678858415029e-03 
9.995000000000001e+00 1.575390789045726e-03 
