9.000000000000000e+00 5.275650032731435e-04 
9.005000000000001e+00 5.269795806824213e-04 
9.010000000000000e+00 5.264040746936304e-04 
9.015000000000001e+00 5.258383737406450e-04 
9.020000000000000e+00 5.252822180754185e-04 
9.025000000000000e+00 5.247353663965035e-04 
9.029999999999999e+00 5.241975729256837e-04 
9.035000000000000e+00 5.236685808355003e-04 
9.040000000000001e+00 5.231481284482520e-04 
9.045000000000000e+00 5.226359684438043e-04 
9.050000000000001e+00 5.221355290319793e-04 
9.055000000000000e+00 5.216755002982191e-04 
9.060000000000000e+00 5.213291543013536e-04 
9.065000000000000e+00 5.212058916873171e-04 
9.070000000000000e+00 5.214157497755528e-04 
9.075000000000001e+00 5.220511807890701e-04 
9.080000000000000e+00 5.231793757586989e-04 
9.085000000000001e+00 5.248376818356339e-04 
9.090000000000000e+00 5.270284606965314e-04 
9.095000000000001e+00 5.297249455461438e-04 
9.100000000000000e+00 5.328775874373940e-04 
9.105000000000000e+00 5.364258787882771e-04 
9.109999999999999e+00 5.403072643497623e-04 
9.115000000000000e+00 5.444554878455588e-04 
9.120000000000001e+00 5.488074912804994e-04 
9.125000000000000e+00 5.533026547987281e-04 
9.130000000000001e+00 5.578837117682858e-04 
9.135000000000000e+00 5.624983886612366e-04 
9.140000000000001e+00 5.670990752402757e-04 
9.145000000000000e+00 5.716433120337563e-04 
9.150000000000000e+00 5.760942276060919e-04 
9.154999999999999e+00 5.804203777263361e-04 
9.160000000000000e+00 5.845954249619399e-04 
9.165000000000001e+00 5.885978360380397e-04 
9.170000000000000e+00 5.924105829820489e-04 
9.175000000000001e+00 5.960209747610683e-04 
9.180000000000000e+00 5.994202898466713e-04 
9.185000000000000e+00 6.026026510135015e-04 
9.190000000000000e+00 6.055635888388591e-04 
9.195000000000000e+00 6.082989276374268e-04 
9.200000000000001e+00 6.108052288732689e-04 
9.205000000000000e+00 6.130775836362203e-04 
9.210000000000001e+00 6.151201089355830e-04 
9.215000000000000e+00 6.169335982004970e-04 
9.220000000000001e+00 6.185201134542725e-04 
9.225000000000000e+00 6.198827438111651e-04 
9.230000000000000e+00 6.210250886901554e-04 
9.234999999999999e+00 6.219511022043417e-04 
9.240000000000000e+00 6.226664607339544e-04 
9.245000000000001e+00 6.231798609038060e-04 
9.250000000000000e+00 6.235022450644951e-04 
9.255000000000001e+00 6.236462367392707e-04 
9.260000000000000e+00 6.236249109873314e-04 
9.265000000000001e+00 6.234542818869209e-04 
9.270000000000000e+00 6.231525159278913e-04 
9.275000000000000e+00 6.227395086174987e-04 
9.279999999999999e+00 6.222366495370430e-04 
9.285000000000000e+00 6.216651488191224e-04 
9.290000000000001e+00 6.210448399581066e-04 
9.295000000000000e+00 6.203933582794218e-04 
9.300000000000001e+00 6.197260458304203e-04 
9.305000000000000e+00 6.190557564325534e-04 
9.310000000000000e+00 6.183939815889293e-04 
9.315000000000000e+00 6.177494964316537e-04 
9.320000000000000e+00 6.171285942699595e-04 
9.325000000000001e+00 6.165356801579911e-04 
9.330000000000000e+00 6.159735243937194e-04 
9.335000000000001e+00 6.154434920270290e-04 
9.340000000000000e+00 6.149456344115383e-04 
9.345000000000001e+00 6.144788232175716e-04 
9.350000000000000e+00 6.140409838729263e-04 
9.355000000000000e+00 6.136292752021321e-04 
9.359999999999999e+00 6.132402402685175e-04 
9.365000000000000e+00 6.128701812465013e-04 
9.370000000000001e+00 6.125153079879096e-04 
9.375000000000000e+00 6.121712589048137e-04 
9.380000000000001e+00 6.118327724578754e-04 
9.385000000000000e+00 6.114936447357586e-04 
9.390000000000001e+00 6.111463192600356e-04 
9.395000000000000e+00 6.107808856877514e-04 
9.400000000000000e+00 6.103822960430297e-04 
9.404999999999999e+00 6.099284340972427e-04 
9.410000000000000e+00 6.093830335176594e-04 
9.415000000000001e+00 6.087020314410520e-04 
9.420000000000000e+00 6.078302456604938e-04 
9.425000000000001e+00 6.067117524348953e-04 
9.430000000000000e+00 6.053056485296009e-04 
9.435000000000000e+00 6.036043062721742e-04 
9.440000000000000e+00 6.016409801196374e-04 
9.445000000000000e+00 5.995001196609058e-04 
9.450000000000001e+00 5.972991962993903e-04 
9.455000000000000e+00 5.951588297549217e-04 
9.460000000000001e+00 5.931748311794516e-04 
9.465000000000000e+00 5.914059208653079e-04 
9.470000000000001e+00 5.898802885997091e-04 
9.475000000000000e+00 5.886000059504553e-04 
9.480000000000000e+00 5.875433336681032e-04 
9.484999999999999e+00 5.866818898077115e-04 
9.490000000000000e+00 5.859844703660344e-04 
9.495000000000001e+00 5.854202273913470e-04 
9.500000000000000e+00 5.849611333269937e-04 
9.505000000000001e+00 5.845835031460660e-04 
9.510000000000000e+00 5.842644254725577e-04 
9.515000000000001e+00 5.839867842265239e-04 
9.520000000000000e+00 5.837352975540592e-04 
9.525000000000000e+00 5.834994488497500e-04 
9.529999999999999e+00 5.832713719705416e-04 
9.535000000000000e+00 5.830444967025531e-04 
9.540000000000001e+00 5.828136093979370e-04 
9.545000000000000e+00 5.825745311679882e-04 
9.550000000000001e+00 5.823248166403406e-04 
9.555000000000000e+00 5.820633097122496e-04 
9.560000000000000e+00 5.817885240484776e-04 
9.565000000000000e+00 5.814992729683473e-04 
9.570000000000000e+00 5.811950903524266e-04 
9.575000000000001e+00 5.808759648609069e-04 
9.580000000000000e+00 5.805421738290475e-04 
9.585000000000001e+00 5.801944182212222e-04 
9.590000000000000e+00 5.798334960260796e-04 
9.595000000000001e+00 5.794602016406042e-04 
9.600000000000000e+00 5.790754835886437e-04 
9.605000000000000e+00 5.786807658493333e-04 
9.609999999999999e+00 5.782764218922088e-04 
9.615000000000000e+00 5.778637201707275e-04 
9.620000000000001e+00 5.774436822506120e-04 
9.625000000000000e+00 5.770172332510670e-04 
9.630000000000001e+00 5.765852098377232e-04 
9.635000000000000e+00 5.761482896121547e-04 
9.640000000000001e+00 5.757070004635610e-04 
9.645000000000000e+00 5.752617417885229e-04 
9.650000000000000e+00 5.748127651319805e-04 
9.654999999999999e+00 5.743601691848867e-04 
9.660000000000000e+00 5.739038995988383e-04 
9.665000000000001e+00 5.734437543206918e-04 
9.670000000000000e+00 5.729793980584259e-04 
9.675000000000001e+00 5.725103732676578e-04 
9.680000000000000e+00 5.720361155121631e-04 
9.685000000000000e+00 5.715559704369689e-04 
9.690000000000000e+00 5.710692112473585e-04 
9.695000000000000e+00 5.705750614175452e-04 
9.700000000000001e+00 5.700727197745556e-04 
9.705000000000000e+00 5.695608204280266e-04 
9.710000000000001e+00 5.690398496442883e-04 
9.715000000000000e+00 5.685081795362515e-04 
9.720000000000001e+00 5.679651610595312e-04 
9.725000000000000e+00 5.674101488521319e-04 
9.730000000000000e+00 5.668425530806832e-04 
9.734999999999999e+00 5.662618584472393e-04 
9.740000000000000e+00 5.656676365172396e-04 
9.745000000000001e+00 5.650595549170888e-04 
9.750000000000000e+00 5.644373821821841e-04 
9.755000000000001e+00 5.638009906364550e-04 
9.760000000000000e+00 5.631503578617229e-04 
9.765000000000001e+00 5.624855593801489e-04 
9.770000000000000e+00 5.618067694801318e-04 
9.775000000000000e+00 5.611142591517473e-04 
9.779999999999999e+00 5.604083929992861e-04 
9.785000000000000e+00 5.596896250435509e-04 
9.790000000000001e+00 5.589584916949783e-04 
9.795000000000000e+00 5.582156050414680e-04 
9.800000000000001e+00 5.574616475656502e-04 
9.805000000000000e+00 5.566986100090006e-04 
9.810000000000000e+00 5.559249624033488e-04 
9.815000000000000e+00 5.551425229059666e-04 
9.820000000000000e+00 5.543522565945086e-04 
9.825000000000001e+00 5.535551059779765e-04 
9.830000000000000e+00 5.527520229752456e-04 
9.835000000000001e+00 5.519439707570145e-04 
9.840000000000000e+00 5.511319205858023e-04 
9.845000000000001e+00 5.503168472232164e-04 
9.850000000000000e+00 5.494997225505871e-04 
9.855000000000000e+00 5.486815078783105e-04 
9.859999999999999e+00 5.478631479697672e-04 
9.865000000000000e+00 5.470455679817219e-04 
9.870000000000001e+00 5.462296682341108e-04 
9.875000000000000e+00 5.454163141877294e-04 
9.880000000000001e+00 5.446063411260768e-04 
9.885000000000000e+00 5.438005475686449e-04 
9.890000000000001e+00 5.429996858631635e-04 
9.895000000000000e+00 5.422044628825378e-04 
9.900000000000000e+00 5.414155412592157e-04 
9.904999999999999e+00 5.406334283911586e-04 
9.910000000000000e+00 5.398591833039875e-04 
9.915000000000001e+00 5.390927657932006e-04 
9.920000000000000e+00 5.383347640551640e-04 
9.925000000000001e+00 5.375856415654410e-04 
9.930000000000000e+00 5.368457833825378e-04 
9.935000000000000e+00 5.361155170568824e-04 
9.940000000000000e+00 5.353951198175962e-04 
9.945000000000000e+00 5.346848298930501e-04 
9.950000000000001e+00 5.339848358762864e-04 
9.955000000000000e+00 5.332952845449328e-04 
9.960000000000001e+00 5.326162821616137e-04 
9.965000000000000e+00 5.319478994969725e-04 
9.970000000000001e+00 5.312901722673964e-04 
9.975000000000000e+00 5.306431005546913e-04 
9.980000000000000e+00 5.300066546324343e-04 
9.984999999999999e+00 5.293807757015539e-04 
9.990000000000000e+00 5.287653866769182e-04 
9.995000000000001e+00 5.281603757939771e-04 
