9.000000000000000e+00 1.025298850600695e+05 
9.005000000000001e+00 1.021392208915822e+05 
9.010000000000000e+00 1.017550811302330e+05 
9.015000000000001e+00 1.013764651717954e+05 
9.020000000000000e+00 1.010032479017946e+05 
9.025000000000000e+00 1.006353147831001e+05 
9.029999999999999e+00 1.002725459901564e+05 
9.035000000000000e+00 9.991481206928568e+04 
9.040000000000001e+00 9.956197716811027e+04 
9.045000000000000e+00 9.921391472499976e+04 
9.050000000000001e+00 9.887284580698740e+04 
9.055000000000000e+00 9.855745419852211e+04 
9.060000000000000e+00 9.831669142890340e+04 
9.065000000000000e+00 9.822487702642319e+04 
9.070000000000000e+00 9.835888053992120e+04 
9.075000000000001e+00 9.878043271609044e+04 
9.080000000000000e+00 9.953315713028533e+04 
9.085000000000001e+00 1.006378161514706e+05 
9.090000000000000e+00 1.020887754132147e+05 
9.095000000000001e+00 1.038585174528235e+05 
9.100000000000000e+00 1.059033915543405e+05 
9.105000000000000e+00 1.081731022616525e+05 
9.109999999999999e+00 1.106158498793814e+05 
9.115000000000000e+00 1.131811828736427e+05 
9.120000000000001e+00 1.158227295363103e+05 
9.125000000000000e+00 1.184985634002884e+05 
9.130000000000001e+00 1.211715788777155e+05 
9.135000000000000e+00 1.238103321982271e+05 
9.140000000000001e+00 1.263884809791704e+05 
9.145000000000000e+00 1.288846247795708e+05 
9.150000000000000e+00 1.312821094466064e+05 
9.154999999999999e+00 1.335684763186837e+05 
9.160000000000000e+00 1.357348744156769e+05 
9.165000000000001e+00 1.377755246542024e+05 
9.170000000000000e+00 1.396872516110258e+05 
9.175000000000001e+00 1.414691272802475e+05 
9.180000000000000e+00 1.431220815445172e+05 
9.185000000000000e+00 1.446482092870799e+05 
9.190000000000000e+00 1.460499915630118e+05 
9.195000000000000e+00 1.473297319579277e+05 
9.200000000000001e+00 1.484897234320238e+05 
9.205000000000000e+00 1.495346489960794e+05 
9.210000000000001e+00 1.504627207702039e+05 
9.215000000000000e+00 1.512805032053626e+05 
9.220000000000001e+00 1.519912957437368e+05 
9.225000000000000e+00 1.525985186189662e+05 
9.230000000000000e+00 1.531054839505162e+05 
9.234999999999999e+00 1.535153307849145e+05 
9.240000000000000e+00 1.538316194531697e+05 
9.245000000000001e+00 1.540589306635378e+05 
9.250000000000000e+00 1.542025767501874e+05 
9.255000000000001e+00 1.542683557124390e+05 
9.260000000000000e+00 1.542624143202749e+05 
9.265000000000001e+00 1.541915260212976e+05 
9.270000000000000e+00 1.540631654142630e+05 
9.275000000000000e+00 1.538857513456076e+05 
9.279999999999999e+00 1.536683533827728e+05 
9.285000000000000e+00 1.534200241210003e+05 
9.290000000000001e+00 1.531492734884566e+05 
9.295000000000000e+00 1.528637369819938e+05 
9.300000000000001e+00 1.525701049313923e+05 
9.305000000000000e+00 1.522743808442356e+05 
9.310000000000000e+00 1.519810169831698e+05 
9.315000000000000e+00 1.516943365125459e+05 
9.320000000000000e+00 1.514172492306234e+05 
9.325000000000001e+00 1.511518434625514e+05 
9.330000000000000e+00 1.508994882649847e+05 
9.335000000000001e+00 1.506609236980777e+05 
9.340000000000000e+00 1.504362990915841e+05 
9.345000000000001e+00 1.502252213156629e+05 
9.350000000000000e+00 1.500268561443687e+05 
9.355000000000000e+00 1.498400075309557e+05 
9.359999999999999e+00 1.496631839739988e+05 
9.365000000000000e+00 1.494947609065462e+05 
9.370000000000001e+00 1.493330608427324e+05 
9.375000000000000e+00 1.491761461109963e+05 
9.380000000000001e+00 1.490216559407893e+05 
9.385000000000000e+00 1.488667864200114e+05 
9.390000000000001e+00 1.487081112871596e+05 
9.395000000000000e+00 1.485411278495186e+05 
9.400000000000000e+00 1.483590176000433e+05 
9.404999999999999e+00 1.481510945745100e+05 
9.410000000000000e+00 1.479019548157133e+05 
9.415000000000001e+00 1.475905409095874e+05 
9.420000000000000e+00 1.471909419916651e+05 
9.425000000000001e+00 1.466760528743190e+05 
9.430000000000000e+00 1.460244772162387e+05 
9.435000000000000e+00 1.452274818842423e+05 
9.440000000000000e+00 1.442993938044467e+05 
9.445000000000000e+00 1.432776882323104e+05 
9.450000000000001e+00 1.422160693363231e+05 
9.455000000000000e+00 1.411725185424735e+05 
9.460000000000001e+00 1.401954236804995e+05 
9.465000000000000e+00 1.393164216254448e+05 
9.470000000000001e+00 1.385514807061901e+05 
9.475000000000000e+00 1.379031614040472e+05 
9.480000000000000e+00 1.373645181201071e+05 
9.484999999999999e+00 1.369230331516531e+05 
9.490000000000000e+00 1.365640455461656e+05 
9.495000000000001e+00 1.362726232619612e+05 
9.500000000000000e+00 1.360349082000125e+05 
9.505000000000001e+00 1.358377910111439e+05 
9.510000000000000e+00 1.356721751541664e+05 
9.515000000000001e+00 1.355281302649415e+05 
9.520000000000000e+00 1.353977631744714e+05 
9.525000000000000e+00 1.352755991748936e+05 
9.529999999999999e+00 1.351575718186299e+05 
9.535000000000000e+00 1.350402557706580e+05 
9.540000000000001e+00 1.349209183900143e+05 
9.545000000000000e+00 1.347973625304109e+05 
9.550000000000001e+00 1.346682506110152e+05 
9.555000000000000e+00 1.345329445506485e+05 
9.560000000000000e+00 1.343906598222414e+05 
9.565000000000000e+00 1.342407234279590e+05 
9.570000000000000e+00 1.340828516118217e+05 
9.575000000000001e+00 1.339169926128634e+05 
9.580000000000000e+00 1.337432508075398e+05 
9.585000000000001e+00 1.335619426208845e+05 
9.590000000000000e+00 1.333734540907581e+05 
9.595000000000001e+00 1.331781619742310e+05 
9.600000000000000e+00 1.329765274561791e+05 
9.605000000000000e+00 1.327689255006340e+05 
9.609999999999999e+00 1.325562037275835e+05 
9.615000000000000e+00 1.323386655536504e+05 
9.620000000000001e+00 1.321168256106944e+05 
9.625000000000000e+00 1.318911530229070e+05 
9.630000000000001e+00 1.316620734340377e+05 
9.635000000000000e+00 1.314299336961868e+05 
9.640000000000001e+00 1.311950015121903e+05 
9.645000000000000e+00 1.309574789479403e+05 
9.650000000000000e+00 1.307174906891137e+05 
9.654999999999999e+00 1.304750805076624e+05 
9.660000000000000e+00 1.302302102925860e+05 
9.665000000000001e+00 1.299827619199837e+05 
9.670000000000000e+00 1.297325439954473e+05 
9.675000000000001e+00 1.294792972516303e+05 
9.680000000000000e+00 1.292227017564548e+05 
9.685000000000000e+00 1.289623856047045e+05 
9.690000000000000e+00 1.286979336357350e+05 
9.695000000000000e+00 1.284288991599553e+05 
9.700000000000001e+00 1.281548170950272e+05 
9.705000000000000e+00 1.278748953227081e+05 
9.710000000000001e+00 1.275893951121626e+05 
9.715000000000000e+00 1.272973611003561e+05 
9.720000000000001e+00 1.269983925672167e+05 
9.725000000000000e+00 1.266920855227289e+05 
9.730000000000000e+00 1.263780596420276e+05 
9.734999999999999e+00 1.260559710930537e+05 
9.740000000000000e+00 1.257255195224590e+05 
9.745000000000001e+00 1.253864537531867e+05 
9.750000000000000e+00 1.250385751134343e+05 
9.755000000000001e+00 1.246817397296454e+05 
9.760000000000000e+00 1.243158599172638e+05 
9.765000000000001e+00 1.239409019508556e+05 
9.770000000000000e+00 1.235568857132300e+05 
9.775000000000000e+00 1.231638854980884e+05 
9.779999999999999e+00 1.227620288829575e+05 
9.785000000000000e+00 1.223514953462646e+05 
9.790000000000001e+00 1.219325132581923e+05 
9.795000000000000e+00 1.215053569194092e+05 
9.800000000000001e+00 1.210703444257251e+05 
9.805000000000000e+00 1.206275697852874e+05 
9.810000000000000e+00 1.201780483198459e+05 
9.815000000000000e+00 1.197217917370467e+05 
9.820000000000000e+00 1.192592970414880e+05 
9.825000000000001e+00 1.187910606857590e+05 
9.830000000000000e+00 1.183175919404629e+05 
9.835000000000001e+00 1.178394144301971e+05 
9.840000000000000e+00 1.173570645128805e+05 
9.845000000000001e+00 1.168710888912597e+05 
9.850000000000000e+00 1.163820410265312e+05 
9.855000000000000e+00 1.158904766866691e+05 
9.859999999999999e+00 1.153969502805231e+05 
9.865000000000000e+00 1.149020128901387e+05 
9.870000000000001e+00 1.144062090699665e+05 
9.875000000000000e+00 1.139100706179348e+05 
9.880000000000001e+00 1.134141184847961e+05 
9.885000000000000e+00 1.129188592302616e+05 
9.890000000000001e+00 1.124247783308451e+05 
9.895000000000000e+00 1.119323400247410e+05 
9.900000000000000e+00 1.114419875453102e+05 
9.904999999999999e+00 1.109536890241555e+05 
9.910000000000000e+00 1.104689185107997e+05 
9.915000000000001e+00 1.099873080961982e+05 
9.920000000000000e+00 1.095092764756058e+05 
9.925000000000001e+00 1.090351672335148e+05 
9.930000000000000e+00 1.085652778816947e+05 
9.935000000000000e+00 1.080998722896700e+05 
9.940000000000000e+00 1.076391864944664e+05 
9.945000000000000e+00 1.071834280129996e+05 
9.950000000000001e+00 1.067327794467694e+05 
9.955000000000000e+00 1.062873959088234e+05 
9.960000000000001e+00 1.058474067936706e+05 
9.965000000000000e+00 1.054129187421965e+05 
9.970000000000001e+00 1.049840153377675e+05 
9.975000000000000e+00 1.045607573767721e+05 
9.980000000000000e+00 1.041431846078790e+05 
9.984999999999999e+00 1.037313170713516e+05 
9.990000000000000e+00 1.033251612811511e+05 
9.995000000000001e+00 1.029247002841445e+05 
