9.000000000000000e+00 5.270361898206537e-04 
9.005000000000001e+00 5.264528406949286e-04 
9.010000000000000e+00 5.258791629293398e-04 
9.015000000000001e+00 5.253152628130222e-04 
9.020000000000000e+00 5.247608816535309e-04 
9.025000000000000e+00 5.242157799296186e-04 
9.029999999999999e+00 5.236797135580933e-04 
9.035000000000000e+00 5.231524274969800e-04 
9.040000000000001e+00 5.226336605571808e-04 
9.045000000000000e+00 5.221231683918191e-04 
9.050000000000001e+00 5.216241404032516e-04 
9.055000000000000e+00 5.211637406749404e-04 
9.060000000000000e+00 5.208129645195388e-04 
9.065000000000000e+00 5.206793519797949e-04 
9.070000000000000e+00 5.208743887747850e-04 
9.075000000000001e+00 5.214891331706643e-04 
9.080000000000000e+00 5.225913437503076e-04 
9.085000000000001e+00 5.242194809863412e-04 
9.090000000000000e+00 5.263774156261831e-04 
9.095000000000001e+00 5.290397832034371e-04 
9.100000000000000e+00 5.321584392117022e-04 
9.105000000000000e+00 5.356738949295061e-04 
9.109999999999999e+00 5.395239394542288e-04 
9.115000000000000e+00 5.436429965001137e-04 
9.120000000000001e+00 5.479682295654389e-04 
9.125000000000000e+00 5.524392541063800e-04 
9.130000000000001e+00 5.569988183387803e-04 
9.135000000000000e+00 5.615946125382504e-04 
9.140000000000001e+00 5.661789487991047e-04 
9.145000000000000e+00 5.707092216632033e-04 
9.150000000000000e+00 5.751483901569576e-04 
9.154999999999999e+00 5.794648230887977e-04 
9.160000000000000e+00 5.836319985199774e-04 
9.165000000000001e+00 5.876281963483574e-04 
9.170000000000000e+00 5.914362087197933e-04 
9.175000000000001e+00 5.950431626365299e-04 
9.180000000000000e+00 5.984401718011203e-04 
9.185000000000000e+00 6.016212410150495e-04 
9.190000000000000e+00 6.045818313968113e-04 
9.195000000000000e+00 6.073177376936915e-04 
9.200000000000001e+00 6.098254590234294e-04 
9.205000000000000e+00 6.120946526186239e-04 
9.210000000000001e+00 6.141400110492159e-04 
9.215000000000000e+00 6.159570515018464e-04 
9.220000000000001e+00 6.175477399028100e-04 
9.225000000000000e+00 6.189151207445645e-04 
9.230000000000000e+00 6.200627739773666e-04 
9.234999999999999e+00 6.209946232887541e-04 
9.240000000000000e+00 6.217162459635610e-04 
9.245000000000001e+00 6.222362115268941e-04 
9.250000000000000e+00 6.225653797732852e-04 
9.255000000000001e+00 6.227162649313988e-04 
9.260000000000000e+00 6.227026325359011e-04 
9.265000000000001e+00 6.225400407048675e-04 
9.270000000000000e+00 6.222459090818479e-04 
9.275000000000000e+00 6.218399681058863e-04 
9.279999999999999e+00 6.213434772962694e-04 
9.285000000000000e+00 6.207776044862463e-04 
9.290000000000001e+00 6.201621628817829e-04 
9.295000000000000e+00 6.195148256499549e-04 
9.300000000000001e+00 6.188509617996903e-04 
9.305000000000000e+00 6.181828031178216e-04 
9.310000000000000e+00 6.175232367025285e-04 
9.315000000000000e+00 6.168804574122188e-04 
9.320000000000000e+00 6.162608340940654e-04 
9.325000000000001e+00 6.156688439815270e-04 
9.330000000000000e+00 6.151073286463616e-04 
9.335000000000001e+00 6.145777177226604e-04 
9.340000000000000e+00 6.140801320835423e-04 
9.345000000000001e+00 6.136135053016679e-04 
9.350000000000000e+00 6.131758183312220e-04 
9.355000000000000e+00 6.127642810347813e-04 
9.359999999999999e+00 6.123754821295676e-04 
9.365000000000000e+00 6.120057475256608e-04 
9.370000000000001e+00 6.116513149924835e-04 
9.375000000000000e+00 6.113078789737100e-04 
9.380000000000001e+00 6.109702366580240e-04 
9.385000000000000e+00 6.106322491752845e-04 
9.390000000000001e+00 6.102864575937233e-04 
9.395000000000000e+00 6.099231067215390e-04 
9.400000000000000e+00 6.095274775851045e-04 
9.404999999999999e+00 6.090769877474306e-04 
9.410000000000000e+00 6.085378434467134e-04 
9.415000000000001e+00 6.078656682262011e-04 
9.420000000000000e+00 6.070059535482498e-04 
9.425000000000001e+00 6.059028168040556e-04 
9.430000000000000e+00 6.045142270115029e-04 
9.435000000000000e+00 6.028268482465581e-04 
9.440000000000000e+00 6.008771548556565e-04 
9.445000000000000e+00 5.987494812775531e-04 
9.450000000000001e+00 5.965591221190217e-04 
9.455000000000000e+00 5.944260193523793e-04 
9.460000000000001e+00 5.924464370969224e-04 
9.465000000000000e+00 5.906799893079612e-04 
9.470000000000001e+00 5.891537151064936e-04 
9.475000000000000e+00 5.878680269057249e-04 
9.480000000000000e+00 5.868052933321767e-04 
9.484999999999999e+00 5.859379141177179e-04 
9.490000000000000e+00 5.852350328748623e-04 
9.495000000000001e+00 5.846660269864503e-04 
9.500000000000000e+00 5.842029328437939e-04 
9.505000000000001e+00 5.838225762376056e-04 
9.510000000000000e+00 5.835010297486188e-04 
9.515000000000001e+00 5.832217319795142e-04 
9.520000000000000e+00 5.829692496857549e-04 
9.525000000000000e+00 5.827329080125949e-04 
9.529999999999999e+00 5.825048018896891e-04 
9.535000000000000e+00 5.822782967120472e-04 
9.540000000000001e+00 5.820481199112257e-04 
9.545000000000000e+00 5.818100516140581e-04 
9.550000000000001e+00 5.815615437781429e-04 
9.555000000000000e+00 5.813014048766565e-04 
9.560000000000000e+00 5.810281695446422e-04 
9.565000000000000e+00 5.807405954608639e-04 
9.570000000000000e+00 5.804381943955311e-04 
9.575000000000001e+00 5.801209272076682e-04 
9.580000000000000e+00 5.797890561243063e-04 
9.585000000000001e+00 5.794432490516834e-04 
9.590000000000000e+00 5.790843051850761e-04 
9.595000000000001e+00 5.787130036652416e-04 
9.600000000000000e+00 5.783302810158766e-04 
9.605000000000000e+00 5.779376470821212e-04 
9.609999999999999e+00 5.775352777501739e-04 
9.615000000000000e+00 5.771245369765152e-04 
9.620000000000001e+00 5.767064410277299e-04 
9.625000000000000e+00 5.762819141364721e-04 
9.630000000000001e+00 5.758517928367402e-04 
9.635000000000000e+00 5.754167604196017e-04 
9.640000000000001e+00 5.749773475306429e-04 
9.645000000000000e+00 5.745339587017834e-04 
9.650000000000000e+00 5.740868516257025e-04 
9.654999999999999e+00 5.736361319755934e-04 
9.660000000000000e+00 5.731817530900906e-04 
9.665000000000001e+00 5.727235209634267e-04 
9.670000000000000e+00 5.722611082198075e-04 
9.675000000000001e+00 5.717940654901951e-04 
9.680000000000000e+00 5.713218360310384e-04 
9.685000000000000e+00 5.708437729391666e-04 
9.690000000000000e+00 5.703591562570410e-04 
9.695000000000000e+00 5.698672154161495e-04 
9.700000000000001e+00 5.693671540171438e-04 
9.705000000000000e+00 5.688596522960549e-04 
9.710000000000001e+00 5.683411215039032e-04 
9.715000000000000e+00 5.678119661529483e-04 
9.720000000000001e+00 5.672715418844429e-04 
9.725000000000000e+00 5.667192068158705e-04 
9.730000000000000e+00 5.661543703100362e-04 
9.734999999999999e+00 5.655765157324144e-04 
9.740000000000000e+00 5.649852123798160e-04 
9.745000000000001e+00 5.643801248623885e-04 
9.750000000000000e+00 5.637610180441862e-04 
9.755000000000001e+00 5.631277599717065e-04 
9.760000000000000e+00 5.624803230543888e-04 
9.765000000000001e+00 5.618187787355109e-04 
9.770000000000000e+00 5.611432954464711e-04 
9.775000000000000e+00 5.604541385094369e-04 
9.779999999999999e+00 5.597516665668961e-04 
9.785000000000000e+00 5.590363275300928e-04 
9.790000000000001e+00 5.583086516893097e-04 
9.795000000000000e+00 5.575692449552881e-04 
9.800000000000001e+00 5.568187835831051e-04 
9.805000000000000e+00 5.560587403221304e-04 
9.810000000000000e+00 5.552885957438282e-04 
9.815000000000000e+00 5.545096670286009e-04 
9.820000000000000e+00 5.537229040481360e-04 
9.825000000000001e+00 5.529292439597589e-04 
9.830000000000000e+00 5.521296335272186e-04 
9.835000000000001e+00 5.513250311115703e-04 
9.840000000000000e+00 5.505164033613832e-04 
9.845000000000001e+00 5.497047207238376e-04 
9.850000000000000e+00 5.488909510980211e-04 
9.855000000000000e+00 5.480760522341157e-04 
9.859999999999999e+00 5.472609656375467e-04 
9.865000000000000e+00 5.464466134404685e-04 
9.870000000000001e+00 5.456338933680102e-04 
9.875000000000000e+00 5.448236689226817e-04 
9.880000000000001e+00 5.440167730439994e-04 
9.885000000000000e+00 5.432140029010018e-04 
9.890000000000001e+00 5.424161097592089e-04 
9.895000000000000e+00 5.416237995993649e-04 
9.900000000000000e+00 5.408377343689205e-04 
9.904999999999999e+00 5.400604531327200e-04 
9.910000000000000e+00 5.392889464685799e-04 
9.915000000000001e+00 5.385252084649406e-04 
9.920000000000000e+00 5.377698296334894e-04 
9.925000000000001e+00 5.370232743249317e-04 
9.930000000000000e+00 5.362859285474040e-04 
9.935000000000000e+00 5.355581208456009e-04 
9.940000000000000e+00 5.348401324348725e-04 
9.945000000000000e+00 5.341321970402337e-04 
9.950000000000001e+00 5.334345073570885e-04 
9.955000000000000e+00 5.327472118504335e-04 
9.960000000000001e+00 5.320704182676109e-04 
9.965000000000000e+00 5.314041988936140e-04 
9.970000000000001e+00 5.307485906996825e-04 
9.975000000000000e+00 5.301035963446295e-04 
9.980000000000000e+00 5.294691873668460e-04 
9.984999999999999e+00 5.288453066954649e-04 
9.990000000000000e+00 5.282318784033366e-04 
9.995000000000001e+00 5.276287930300021e-04 
