9.000000000000000e+00 1.025298864134533e+05 
9.005000000000001e+00 1.021392203986816e+05 
9.010000000000000e+00 1.017550814623354e+05 
9.015000000000001e+00 1.013764654981838e+05 
9.020000000000000e+00 1.010032482242999e+05 
9.025000000000000e+00 1.006353151026477e+05 
9.029999999999999e+00 1.002725463073825e+05 
9.035000000000000e+00 9.991481237998090e+04 
9.040000000000001e+00 9.956197748186594e+04 
9.045000000000000e+00 9.921391503737507e+04 
9.050000000000001e+00 9.887284611805268e+04 
9.055000000000000e+00 9.855745450789847e+04 
9.060000000000000e+00 9.831669173594743e+04 
9.065000000000000e+00 9.822487733080170e+04 
9.070000000000000e+00 9.835888084769047e+04 
9.075000000000001e+00 9.878043303026273e+04 
9.080000000000000e+00 9.953315745340580e+04 
9.085000000000001e+00 1.006378164846888e+05 
9.090000000000000e+00 1.020887757607162e+05 
9.095000000000001e+00 1.038585178145609e+05 
9.100000000000000e+00 1.059033919307309e+05 
9.105000000000000e+00 1.081731076479159e+05 
9.109999999999999e+00 1.106158508436827e+05 
9.115000000000000e+00 1.131811838556577e+05 
9.120000000000001e+00 1.158227305476686e+05 
9.125000000000000e+00 1.184985644377373e+05 
9.130000000000001e+00 1.211715799379394e+05 
9.135000000000000e+00 1.238103332780327e+05 
9.140000000000001e+00 1.263884820755284e+05 
9.145000000000000e+00 1.288846258896586e+05 
9.150000000000000e+00 1.312821105678650e+05 
9.154999999999999e+00 1.335684774488416e+05 
9.160000000000000e+00 1.357348755527253e+05 
9.165000000000001e+00 1.377755257964017e+05 
9.170000000000000e+00 1.396872527568627e+05 
9.175000000000001e+00 1.414691284284406e+05 
9.180000000000000e+00 1.431220826939861e+05 
9.185000000000000e+00 1.446482104369265e+05 
9.190000000000000e+00 1.460499927124788e+05 
9.195000000000000e+00 1.473297331063476e+05 
9.200000000000001e+00 1.484897245787968e+05 
9.205000000000000e+00 1.495346104502145e+05 
9.210000000000001e+00 1.504627288963319e+05 
9.215000000000000e+00 1.512805117795785e+05 
9.220000000000001e+00 1.519913042955252e+05 
9.225000000000000e+00 1.525985271488304e+05 
9.230000000000000e+00 1.531054924532674e+05 
9.234999999999999e+00 1.535153392563368e+05 
9.240000000000000e+00 1.538316278896975e+05 
9.245000000000001e+00 1.540589390623138e+05 
9.250000000000000e+00 1.542025851091368e+05 
9.255000000000001e+00 1.542683640301187e+05 
9.260000000000000e+00 1.542624226203320e+05 
9.265000000000001e+00 1.541915343216370e+05 
9.270000000000000e+00 1.540631737096916e+05 
9.275000000000000e+00 1.538857596311426e+05 
9.279999999999999e+00 1.536683616538569e+05 
9.285000000000000e+00 1.534200323741020e+05 
9.290000000000001e+00 1.531492817209872e+05 
9.295000000000000e+00 1.528637451924426e+05 
9.300000000000001e+00 1.525701131189444e+05 
9.305000000000000e+00 1.522743899248572e+05 
9.310000000000000e+00 1.519810258722596e+05 
9.315000000000000e+00 1.516943453804657e+05 
9.320000000000000e+00 1.514172580772970e+05 
9.325000000000001e+00 1.511518522891888e+05 
9.330000000000000e+00 1.508994970730471e+05 
9.335000000000001e+00 1.506609324891390e+05 
9.340000000000000e+00 1.504363078673344e+05 
9.345000000000001e+00 1.502252300777920e+05 
9.350000000000000e+00 1.500268648945003e+05 
9.355000000000000e+00 1.498400162706077e+05 
9.359999999999999e+00 1.496631927045617e+05 
9.365000000000000e+00 1.494947696291330e+05 
9.370000000000001e+00 1.493330695582866e+05 
9.375000000000000e+00 1.491761548205320e+05 
9.380000000000001e+00 1.490216646453349e+05 
9.385000000000000e+00 1.488667951205825e+05 
9.390000000000001e+00 1.487081199849051e+05 
9.395000000000000e+00 1.485411365459735e+05 
9.400000000000000e+00 1.483590262980552e+05 
9.404999999999999e+00 1.481511026006220e+05 
9.410000000000000e+00 1.479019631073171e+05 
9.415000000000001e+00 1.475905492166691e+05 
9.420000000000000e+00 1.471909503202779e+05 
9.425000000000001e+00 1.466760612247818e+05 
9.430000000000000e+00 1.460244874695064e+05 
9.435000000000000e+00 1.452274916808452e+05 
9.440000000000000e+00 1.442994034812903e+05 
9.445000000000000e+00 1.432776977718149e+05 
9.450000000000001e+00 1.422160787434813e+05 
9.455000000000000e+00 1.411725278349969e+05 
9.460000000000001e+00 1.401954328830655e+05 
9.465000000000000e+00 1.393164307609953e+05 
9.470000000000001e+00 1.385514898051225e+05 
9.475000000000000e+00 1.379031690679796e+05 
9.480000000000000e+00 1.373645257405991e+05 
9.484999999999999e+00 1.369230407431636e+05 
9.490000000000000e+00 1.365640531216247e+05 
9.495000000000001e+00 1.362726308307901e+05 
9.500000000000000e+00 1.360349157682818e+05 
9.505000000000001e+00 1.358377943128161e+05 
9.510000000000000e+00 1.356721809547000e+05 
9.515000000000001e+00 1.355281360663598e+05 
9.520000000000000e+00 1.353977689769917e+05 
9.525000000000000e+00 1.352756049785009e+05 
9.529999999999999e+00 1.351575776231172e+05 
9.535000000000000e+00 1.350402615755594e+05 
9.540000000000001e+00 1.349209241946874e+05 
9.545000000000000e+00 1.347973683341755e+05 
9.550000000000001e+00 1.346682564128333e+05 
9.555000000000000e+00 1.345329503496342e+05 
9.560000000000000e+00 1.343906656178941e+05 
9.565000000000000e+00 1.342407292195836e+05 
9.570000000000000e+00 1.340828573987659e+05 
9.575000000000001e+00 1.339169983944844e+05 
9.580000000000000e+00 1.337432565832738e+05 
9.585000000000001e+00 1.335619483901327e+05 
9.590000000000000e+00 1.333734598530829e+05 
9.595000000000001e+00 1.331781677292225e+05 
9.600000000000000e+00 1.329765332034475e+05 
9.605000000000000e+00 1.327689300943887e+05 
9.609999999999999e+00 1.325562090004481e+05 
9.615000000000000e+00 1.323386708176211e+05 
9.620000000000001e+00 1.321168308656717e+05 
9.625000000000000e+00 1.318911582690360e+05 
9.630000000000001e+00 1.316620786713930e+05 
9.635000000000000e+00 1.314299389248297e+05 
9.640000000000001e+00 1.311950067321511e+05 
9.645000000000000e+00 1.309574841592403e+05 
9.650000000000000e+00 1.307174958917620e+05 
9.654999999999999e+00 1.304750857016660e+05 
9.660000000000000e+00 1.302302154779457e+05 
9.665000000000001e+00 1.299827670966930e+05 
9.670000000000000e+00 1.297325491634869e+05 
9.675000000000001e+00 1.294793024109645e+05 
9.680000000000000e+00 1.292227069070302e+05 
9.685000000000000e+00 1.289623907464457e+05 
9.690000000000000e+00 1.286979387685446e+05 
9.695000000000000e+00 1.284289042837065e+05 
9.700000000000001e+00 1.281548222098888e+05 
9.705000000000000e+00 1.278748979889681e+05 
9.710000000000001e+00 1.275893992706891e+05 
9.715000000000000e+00 1.272973652486374e+05 
9.720000000000001e+00 1.269983967052786e+05 
9.725000000000000e+00 1.266920896509586e+05 
9.730000000000000e+00 1.263780637605906e+05 
9.734999999999999e+00 1.260559752019659e+05 
9.740000000000000e+00 1.257255236216192e+05 
9.745000000000001e+00 1.253864578424211e+05 
9.750000000000000e+00 1.250385791925191e+05 
9.755000000000001e+00 1.246817437983028e+05 
9.760000000000000e+00 1.243158639752119e+05 
9.765000000000001e+00 1.239409059977797e+05 
9.770000000000000e+00 1.235568897488118e+05 
9.775000000000000e+00 1.231638895220057e+05 
9.779999999999999e+00 1.227620328948847e+05 
9.785000000000000e+00 1.223514993458825e+05 
9.790000000000001e+00 1.219325172451809e+05 
9.795000000000000e+00 1.215053608934618e+05 
9.800000000000001e+00 1.210703483865500e+05 
9.805000000000000e+00 1.206275714732036e+05 
9.810000000000000e+00 1.201780513831776e+05 
9.815000000000000e+00 1.197217947869184e+05 
9.820000000000000e+00 1.192593000783200e+05 
9.825000000000001e+00 1.187910637100126e+05 
9.830000000000000e+00 1.183175949524152e+05 
9.835000000000001e+00 1.178394174300071e+05 
9.840000000000000e+00 1.173570675006295e+05 
9.845000000000001e+00 1.168710918669805e+05 
9.850000000000000e+00 1.163820439902342e+05 
9.855000000000000e+00 1.158904796383513e+05 
9.859999999999999e+00 1.153969532201745e+05 
9.865000000000000e+00 1.149020158177611e+05 
9.870000000000001e+00 1.144062119855517e+05 
9.875000000000000e+00 1.139100735215033e+05 
9.880000000000001e+00 1.134141213763658e+05 
9.885000000000000e+00 1.129188621098704e+05 
9.890000000000001e+00 1.124247811985400e+05 
9.895000000000000e+00 1.119323428805852e+05 
9.900000000000000e+00 1.114419903893704e+05 
9.904999999999999e+00 1.109536888274747e+05 
9.910000000000000e+00 1.104689200216920e+05 
9.915000000000001e+00 1.099873095958490e+05 
9.920000000000000e+00 1.095092779659063e+05 
9.925000000000001e+00 1.090351687155822e+05 
9.930000000000000e+00 1.085652793563210e+05 
9.935000000000000e+00 1.080998737574144e+05 
9.940000000000000e+00 1.076391879557330e+05 
9.945000000000000e+00 1.071834294680941e+05 
9.950000000000001e+00 1.067327808959185e+05 
9.955000000000000e+00 1.062873973522131e+05 
9.960000000000001e+00 1.058474082314555e+05 
9.965000000000000e+00 1.054129201745031e+05 
9.970000000000001e+00 1.049840167647087e+05 
9.975000000000000e+00 1.045607587984514e+05 
9.980000000000000e+00 1.041431860243944e+05 
9.984999999999999e+00 1.037313184827939e+05 
9.990000000000000e+00 1.033251626875998e+05 
9.995000000000001e+00 1.029247016844682e+05 
