9.000000000000000e+00 1.570191240932025e-03 
9.005000000000001e+00 1.564961788353351e-03 
9.010000000000000e+00 1.559922146492960e-03 
9.015000000000001e+00 1.554960158876057e-03 
9.020000000000000e+00 1.550070549570709e-03 
9.025000000000000e+00 1.545248319030236e-03 
9.029999999999999e+00 1.540488947284513e-03 
9.035000000000000e+00 1.535787860931188e-03 
9.040000000000001e+00 1.531141163531855e-03 
9.045000000000000e+00 1.526546641993097e-03 
9.050000000000001e+00 1.522308832026274e-03 
9.055000000000000e+00 1.520589552676419e-03 
9.060000000000000e+00 1.525600385064447e-03 
9.065000000000000e+00 1.542065530406073e-03 
9.070000000000000e+00 1.572402495281158e-03 
9.075000000000001e+00 1.618040046645114e-03 
9.080000000000000e+00 1.678606447380823e-03 
9.085000000000001e+00 1.752092449159180e-03 
9.090000000000000e+00 1.835121344565231e-03 
9.095000000000001e+00 1.923863537129240e-03 
9.100000000000000e+00 2.014357567622731e-03 
9.105000000000000e+00 2.103502558625047e-03 
9.109999999999999e+00 2.188789008941440e-03 
9.115000000000000e+00 2.268388685211557e-03 
9.120000000000001e+00 2.341209657069197e-03 
9.125000000000000e+00 2.406518883351327e-03 
9.130000000000001e+00 2.464043123737545e-03 
9.135000000000000e+00 2.513826784007287e-03 
9.140000000000001e+00 2.556116885613074e-03 
9.145000000000000e+00 2.591343061586013e-03 
9.150000000000000e+00 2.620050836050770e-03 
9.154999999999999e+00 2.642849385040652e-03 
9.160000000000000e+00 2.660363733014846e-03 
9.165000000000001e+00 2.673213600417724e-03 
9.170000000000000e+00 2.681993615050103e-03 
9.175000000000001e+00 2.687275055807610e-03 
9.180000000000000e+00 2.689585025949585e-03 
9.185000000000000e+00 2.689358417268195e-03 
9.190000000000000e+00 2.686911636102515e-03 
9.195000000000000e+00 2.682444781269988e-03 
9.200000000000001e+00 2.676135120093391e-03 
9.205000000000000e+00 2.668170648995888e-03 
9.210000000000001e+00 2.658691364601176e-03 
9.215000000000000e+00 2.647854051223732e-03 
9.220000000000001e+00 2.635825615524643e-03 
9.225000000000000e+00 2.622709900959079e-03 
9.230000000000000e+00 2.608576676888412e-03 
9.234999999999999e+00 2.593486525698299e-03 
9.240000000000000e+00 2.577576225221422e-03 
9.245000000000001e+00 2.561061048880382e-03 
9.250000000000000e+00 2.544143755596681e-03 
9.255000000000001e+00 2.527041438847777e-03 
9.260000000000000e+00 2.509854174320448e-03 
9.265000000000001e+00 2.492818605160546e-03 
9.270000000000000e+00 2.476331312905947e-03 
9.275000000000000e+00 2.460683449026832e-03 
9.279999999999999e+00 2.446154997248892e-03 
9.285000000000000e+00 2.432937911729899e-03 
9.290000000000001e+00 2.421152764404148e-03 
9.295000000000000e+00 2.410828376112976e-03 
9.300000000000001e+00 2.401952912890575e-03 
9.305000000000000e+00 2.394474631216797e-03 
9.310000000000000e+00 2.388308514086679e-03 
9.315000000000000e+00 2.383340654045041e-03 
9.320000000000000e+00 2.379427014584805e-03 
9.325000000000001e+00 2.376420701235749e-03 
9.330000000000000e+00 2.374174672185292e-03 
9.335000000000001e+00 2.372547703240558e-03 
9.340000000000000e+00 2.371396870274876e-03 
9.345000000000001e+00 2.370584722713156e-03 
9.350000000000000e+00 2.369982853842873e-03 
9.355000000000000e+00 2.369472191096262e-03 
9.359999999999999e+00 2.368943780867268e-03 
9.365000000000000e+00 2.368315270169436e-03 
9.370000000000001e+00 2.367515838470194e-03 
9.375000000000000e+00 2.366452688503052e-03 
9.380000000000001e+00 2.365016039966598e-03 
9.385000000000000e+00 2.363080838665152e-03 
9.390000000000001e+00 2.360481950379376e-03 
9.395000000000000e+00 2.356974240192344e-03 
9.400000000000000e+00 2.352096083720983e-03 
9.404999999999999e+00 2.345131628992564e-03 
9.410000000000000e+00 2.335050842509542e-03 
9.415000000000001e+00 2.320676806998797e-03 
9.420000000000000e+00 2.300666866937668e-03 
9.425000000000001e+00 2.274204768541277e-03 
9.430000000000000e+00 2.241411171900480e-03 
9.435000000000000e+00 2.203868255328195e-03 
9.440000000000000e+00 2.164432009894164e-03 
9.445000000000000e+00 2.127125550981195e-03 
9.450000000000001e+00 2.095651099829470e-03 
9.455000000000000e+00 2.072648708571906e-03 
9.460000000000001e+00 2.058857609375458e-03 
9.465000000000000e+00 2.053619866420338e-03 
9.470000000000001e+00 2.055385822826754e-03 
9.475000000000000e+00 2.062374570012804e-03 
9.480000000000000e+00 2.072569768494763e-03 
9.484999999999999e+00 2.084256403707644e-03 
9.490000000000000e+00 2.096191423185773e-03 
9.495000000000001e+00 2.107482971006071e-03 
9.500000000000000e+00 2.117597108119031e-03 
9.505000000000001e+00 2.126161073200707e-03 
9.510000000000000e+00 2.133186515703784e-03 
9.515000000000001e+00 2.138532065864836e-03 
9.520000000000000e+00 2.142280362288714e-03 
9.525000000000000e+00 2.144655283287008e-03 
9.529999999999999e+00 2.145825560412701e-03 
9.535000000000000e+00 2.145943572675411e-03 
9.540000000000001e+00 2.145150739986932e-03 
9.545000000000000e+00 2.143564131528280e-03 
9.550000000000001e+00 2.141352824548669e-03 
9.555000000000000e+00 2.138648036758087e-03 
9.560000000000000e+00 2.135493748711124e-03 
9.565000000000000e+00 2.131965672142083e-03 
9.570000000000000e+00 2.128129838853933e-03 
9.575000000000001e+00 2.124049979745466e-03 
9.580000000000000e+00 2.119775760063770e-03 
9.585000000000001e+00 2.115367746847751e-03 
9.590000000000000e+00 2.110857640819096e-03 
9.595000000000001e+00 2.106276272972645e-03 
9.600000000000000e+00 2.101653019105439e-03 
9.605000000000000e+00 2.097008270181510e-03 
9.609999999999999e+00 2.092372501376273e-03 
9.615000000000000e+00 2.087751793254965e-03 
9.620000000000001e+00 2.083157249039041e-03 
9.625000000000000e+00 2.078595581511362e-03 
9.630000000000001e+00 2.074070250551118e-03 
9.635000000000000e+00 2.069576787110087e-03 
9.640000000000001e+00 2.065109307048477e-03 
9.645000000000000e+00 2.060659079234298e-03 
9.650000000000000e+00 2.056214600608750e-03 
9.654999999999999e+00 2.051761956304259e-03 
9.660000000000000e+00 2.047285163246898e-03 
9.665000000000001e+00 2.042766723193680e-03 
9.670000000000000e+00 2.038188469207534e-03 
9.675000000000001e+00 2.033531608220970e-03 
9.680000000000000e+00 2.028777494363098e-03 
9.685000000000000e+00 2.023907833712729e-03 
9.690000000000000e+00 2.018905159973338e-03 
9.695000000000000e+00 2.013753406123570e-03 
9.700000000000001e+00 2.008437637766908e-03 
9.705000000000000e+00 2.002935268187637e-03 
9.710000000000001e+00 1.997264744163724e-03 
9.715000000000000e+00 1.991394734240710e-03 
9.720000000000001e+00 1.985322200669181e-03 
9.725000000000000e+00 1.979044442241768e-03 
9.730000000000000e+00 1.972560076083289e-03 
9.734999999999999e+00 1.965869526691789e-03 
9.740000000000000e+00 1.958975196857235e-03 
9.745000000000001e+00 1.951881401198761e-03 
9.750000000000000e+00 1.944594210384328e-03 
9.755000000000001e+00 1.937121315214748e-03 
9.760000000000000e+00 1.929471853526857e-03 
9.765000000000001e+00 1.921655827926927e-03 
9.770000000000000e+00 1.913684378724507e-03 
9.775000000000000e+00 1.905569549011903e-03 
9.779999999999999e+00 1.897324220797243e-03 
9.785000000000000e+00 1.888961937396493e-03 
9.790000000000001e+00 1.880496646675152e-03 
9.795000000000000e+00 1.871942615543946e-03 
9.800000000000001e+00 1.863314394311612e-03 
9.805000000000000e+00 1.854616978602248e-03 
9.810000000000000e+00 1.845890103633397e-03 
9.815000000000000e+00 1.837128218608442e-03 
9.820000000000000e+00 1.828348514637341e-03 
9.825000000000001e+00 1.819565754735041e-03 
9.830000000000000e+00 1.810793680393343e-03 
9.835000000000001e+00 1.802045249489054e-03 
9.840000000000000e+00 1.793332853252464e-03 
9.845000000000001e+00 1.784668303236054e-03 
9.850000000000000e+00 1.776062760907960e-03 
9.855000000000000e+00 1.767526584974957e-03 
9.859999999999999e+00 1.759069380501604e-03 
9.865000000000000e+00 1.750700118847182e-03 
9.870000000000001e+00 1.742426965973307e-03 
9.875000000000000e+00 1.734256913303331e-03 
9.880000000000001e+00 1.726196789631393e-03 
9.885000000000000e+00 1.718252246526984e-03 
9.890000000000001e+00 1.710427915095868e-03 
9.895000000000000e+00 1.702727687846706e-03 
9.900000000000000e+00 1.695154845126473e-03 
9.904999999999999e+00 1.687696336927337e-03 
9.910000000000000e+00 1.680395961852142e-03 
9.915000000000001e+00 1.673220687693801e-03 
9.920000000000000e+00 1.666176491104339e-03 
9.925000000000001e+00 1.659265066325858e-03 
9.930000000000000e+00 1.652486169557754e-03 
9.935000000000000e+00 1.645838699448240e-03 
9.940000000000000e+00 1.639321130805700e-03 
9.945000000000000e+00 1.632931297970862e-03 
9.950000000000001e+00 1.626666904844056e-03 
9.955000000000000e+00 1.620525004346492e-03 
9.960000000000001e+00 1.614502491230712e-03 
9.965000000000000e+00 1.608596151901263e-03 
9.970000000000001e+00 1.602802472457300e-03 
9.975000000000000e+00 1.597117711122454e-03 
9.980000000000000e+00 1.591538066053261e-03 
9.984999999999999e+00 1.586059586037836e-03 
9.990000000000000e+00 1.580678964593886e-03 
9.995000000000001e+00 1.575390893213869e-03 
