9.000000000000000e+00 5.270384016770443e-04 
9.005000000000001e+00 5.264533623059059e-04 
9.010000000000000e+00 5.258796843492966e-04 
9.015000000000001e+00 5.253157828265692e-04 
9.020000000000000e+00 5.247614002895158e-04 
9.025000000000000e+00 5.242162972148053e-04 
9.029999999999999e+00 5.236802295180813e-04 
9.035000000000000e+00 5.231529421494825e-04 
9.040000000000001e+00 5.226341739394672e-04 
9.045000000000000e+00 5.221236805197919e-04 
9.050000000000001e+00 5.216246513071540e-04 
9.055000000000000e+00 5.211642504505910e-04 
9.060000000000000e+00 5.208134734351976e-04 
9.065000000000000e+00 5.206798605655530e-04 
9.070000000000000e+00 5.208748978414263e-04 
9.075000000000001e+00 5.214896437488040e-04 
9.080000000000000e+00 5.225918570424564e-04 
9.085000000000001e+00 5.242199983008887e-04 
9.090000000000000e+00 5.263779383064581e-04 
9.095000000000001e+00 5.290403125508570e-04 
9.100000000000000e+00 5.321589764394988e-04 
9.105000000000000e+00 5.356751889836557e-04 
9.109999999999999e+00 5.395252499831572e-04 
9.115000000000000e+00 5.436443323939296e-04 
9.120000000000001e+00 5.479695924725679e-04 
9.125000000000000e+00 5.524406453234400e-04 
9.130000000000001e+00 5.570002388352797e-04 
9.135000000000000e+00 5.615960629695096e-04 
9.140000000000001e+00 5.661804295179703e-04 
9.145000000000000e+00 5.707107327364713e-04 
9.150000000000000e+00 5.751499313873980e-04 
9.154999999999999e+00 5.794663940388903e-04 
9.160000000000000e+00 5.836335985364095e-04 
9.165000000000001e+00 5.876298245873035e-04 
9.170000000000000e+00 5.914378641727773e-04 
9.175000000000001e+00 5.950448441576489e-04 
9.180000000000000e+00 5.984418781339780e-04 
9.185000000000000e+00 6.016229708136089e-04 
9.190000000000000e+00 6.045835832369036e-04 
9.195000000000000e+00 6.073195100768493e-04 
9.200000000000001e+00 6.098272503839991e-04 
9.205000000000000e+00 6.121082133198998e-04 
9.210000000000001e+00 6.141537927323664e-04 
9.215000000000000e+00 6.159709401208671e-04 
9.220000000000001e+00 6.175617216918223e-04 
9.225000000000000e+00 6.189291829724137e-04 
9.230000000000000e+00 6.200769039520193e-04 
9.234999999999999e+00 6.210088084205125e-04 
9.240000000000000e+00 6.217304738897425e-04 
9.245000000000001e+00 6.222504703166336e-04 
9.250000000000000e+00 6.225796580895105e-04 
9.255000000000001e+00 6.227305521517706e-04 
9.260000000000000e+00 6.227169189026347e-04 
9.265000000000001e+00 6.225543173758653e-04 
9.270000000000000e+00 6.222601682125856e-04 
9.275000000000000e+00 6.218542030468456e-04 
9.279999999999999e+00 6.213576826860864e-04 
9.285000000000000e+00 6.207917762452414e-04 
9.290000000000001e+00 6.201762981261870e-04 
9.295000000000000e+00 6.195289225587974e-04 
9.300000000000001e+00 6.188650194707089e-04 
9.305000000000000e+00 6.181981195300391e-04 
9.310000000000000e+00 6.175385103157354e-04 
9.315000000000000e+00 6.168956897688553e-04 
9.320000000000000e+00 6.162760267536542e-04 
9.325000000000001e+00 6.156839987838239e-04 
9.330000000000000e+00 6.151224476032130e-04 
9.335000000000001e+00 6.145928029271848e-04 
9.340000000000000e+00 6.140951856270275e-04 
9.345000000000001e+00 6.136285291985711e-04 
9.350000000000000e+00 6.131908144596430e-04 
9.355000000000000e+00 6.127792510887885e-04 
9.359999999999999e+00 6.123904275812071e-04 
9.365000000000000e+00 6.120206696093867e-04 
9.370000000000001e+00 6.116662147011163e-04 
9.375000000000000e+00 6.113227570259159e-04 
9.380000000000001e+00 6.109850934429472e-04 
9.385000000000000e+00 6.106470846950153e-04 
9.390000000000001e+00 6.103012713822984e-04 
9.395000000000000e+00 6.099378977034265e-04 
9.400000000000000e+00 6.095422437690150e-04 
9.404999999999999e+00 6.090910022810696e-04 
9.410000000000000e+00 6.085518265038214e-04 
9.415000000000001e+00 6.078796114290671e-04 
9.420000000000000e+00 6.070198458983169e-04 
9.425000000000001e+00 6.059166440826451e-04 
9.430000000000000e+00 6.045279766719650e-04 
9.435000000000000e+00 6.028404981410844e-04 
9.440000000000000e+00 6.008906909711917e-04 
9.445000000000000e+00 5.987628939806327e-04 
9.450000000000001e+00 5.965724086245141e-04 
9.455000000000000e+00 5.944391837953996e-04 
9.460000000000001e+00 5.924594890043300e-04 
9.465000000000000e+00 5.906929413956987e-04 
9.470000000000001e+00 5.891665814220057e-04 
9.475000000000000e+00 5.878808185024394e-04 
9.480000000000000e+00 5.868180256536897e-04 
9.484999999999999e+00 5.859505982159132e-04 
9.490000000000000e+00 5.852476780038645e-04 
9.495000000000001e+00 5.846786406425146e-04 
9.500000000000000e+00 5.842155209350684e-04 
9.505000000000001e+00 5.838321684701775e-04 
9.510000000000000e+00 5.835106133134898e-04 
9.515000000000001e+00 5.832313038108156e-04 
9.520000000000000e+00 5.829788109192677e-04 
9.525000000000000e+00 5.827424593333578e-04 
9.529999999999999e+00 5.825143436496131e-04 
9.535000000000000e+00 5.822878289839719e-04 
9.540000000000001e+00 5.820576425468607e-04 
9.545000000000000e+00 5.818195642889009e-04 
9.550000000000001e+00 5.815710460612576e-04 
9.555000000000000e+00 5.813108962886517e-04 
9.560000000000000e+00 5.810376495469043e-04 
9.565000000000000e+00 5.807500634640021e-04 
9.570000000000000e+00 5.804476497914920e-04 
9.575000000000001e+00 5.801303693885121e-04 
9.580000000000000e+00 5.797984844949514e-04 
9.585000000000001e+00 5.794526630465663e-04 
9.590000000000000e+00 5.790937042739261e-04 
9.595000000000001e+00 5.787223873519129e-04 
9.600000000000000e+00 5.783396488447564e-04 
9.605000000000000e+00 5.779462437252288e-04 
9.609999999999999e+00 5.775438604020421e-04 
9.615000000000000e+00 5.771331040363210e-04 
9.620000000000001e+00 5.767149922367012e-04 
9.625000000000000e+00 5.762904492722920e-04 
9.630000000000001e+00 5.758603117094731e-04 
9.635000000000000e+00 5.754252628658660e-04 
9.640000000000001e+00 5.749858334077011e-04 
9.645000000000000e+00 5.745424278827405e-04 
9.650000000000000e+00 5.740953039939071e-04 
9.654999999999999e+00 5.736445674189091e-04 
9.660000000000000e+00 5.731901714951674e-04 
9.665000000000001e+00 5.727319222102026e-04 
9.670000000000000e+00 5.722694921765662e-04 
9.675000000000001e+00 5.718024320090864e-04 
9.680000000000000e+00 5.713301849441822e-04 
9.685000000000000e+00 5.708521040554236e-04 
9.690000000000000e+00 5.703674693594530e-04 
9.695000000000000e+00 5.698755102602248e-04 
9.700000000000001e+00 5.693754303306823e-04 
9.705000000000000e+00 5.688663749345958e-04 
9.710000000000001e+00 5.683478312694454e-04 
9.715000000000000e+00 5.678186600199647e-04 
9.720000000000001e+00 5.672782195418501e-04 
9.725000000000000e+00 5.667258679357274e-04 
9.730000000000000e+00 5.661610145481844e-04 
9.734999999999999e+00 5.655831427309769e-04 
9.740000000000000e+00 5.649918217699646e-04 
9.745000000000001e+00 5.643867162673905e-04 
9.750000000000000e+00 5.637675910825357e-04 
9.755000000000001e+00 5.631343142602704e-04 
9.760000000000000e+00 5.624868582116518e-04 
9.765000000000001e+00 5.618252943844948e-04 
9.770000000000000e+00 5.611497912176664e-04 
9.775000000000000e+00 5.604606140436465e-04 
9.779999999999999e+00 5.597581215179414e-04 
9.785000000000000e+00 5.590427615673854e-04 
9.790000000000001e+00 5.583150645001568e-04 
9.795000000000000e+00 5.575756362470084e-04 
9.800000000000001e+00 5.568251530849355e-04 
9.805000000000000e+00 5.560636671164079e-04 
9.810000000000000e+00 5.552935076349626e-04 
9.815000000000000e+00 5.545145614786255e-04 
9.820000000000000e+00 5.537277809260617e-04 
9.825000000000001e+00 5.529341031567106e-04 
9.830000000000000e+00 5.521344749560645e-04 
9.835000000000001e+00 5.513298547070869e-04 
9.840000000000000e+00 5.505212090802948e-04 
9.845000000000001e+00 5.497095085447350e-04 
9.850000000000000e+00 5.488957210211291e-04 
9.855000000000000e+00 5.480808042808678e-04 
9.859999999999999e+00 5.472656998500242e-04 
9.865000000000000e+00 5.464513298807965e-04 
9.870000000000001e+00 5.456385921175847e-04 
9.875000000000000e+00 5.448283500812907e-04 
9.880000000000001e+00 5.440214367289202e-04 
9.885000000000000e+00 5.432186492460864e-04 
9.890000000000001e+00 5.424207389137084e-04 
9.895000000000000e+00 5.416284117268126e-04 
9.900000000000000e+00 5.408423296460247e-04 
9.904999999999999e+00 5.400628777634503e-04 
9.910000000000000e+00 5.392913651074423e-04 
9.915000000000001e+00 5.385276184805199e-04 
9.920000000000000e+00 5.377722311437335e-04 
9.925000000000001e+00 5.370256674510234e-04 
9.930000000000000e+00 5.362883134135660e-04 
9.935000000000000e+00 5.355604975785794e-04 
9.940000000000000e+00 5.348425011635129e-04 
9.945000000000000e+00 5.341345578950295e-04 
9.950000000000001e+00 5.334368604697489e-04 
9.955000000000000e+00 5.327495573534492e-04 
9.960000000000001e+00 5.320727562938207e-04 
9.965000000000000e+00 5.314065295758232e-04 
9.970000000000001e+00 5.307509141703060e-04 
9.975000000000000e+00 5.301059127353332e-04 
9.980000000000000e+00 5.294714968082261e-04 
9.984999999999999e+00 5.288476093167509e-04 
9.990000000000000e+00 5.282341743321985e-04 
9.995000000000001e+00 5.276310823904012e-04 
