9.000000000000000e+00 3.091338553567080e-03 
9.005000000000001e+00 3.081540316709160e-03 
9.010000000000000e+00 3.072092891193832e-03 
9.015000000000001e+00 3.062784892599343e-03 
9.020000000000000e+00 3.053606743050344e-03 
9.025000000000000e+00 3.044548520559129e-03 
9.029999999999999e+00 3.035600801647672e-03 
9.035000000000000e+00 3.026753711628552e-03 
9.040000000000001e+00 3.017999554694962e-03 
9.045000000000000e+00 3.009335359342224e-03 
9.050000000000001e+00 3.001729163653784e-03 
9.055000000000000e+00 3.001741520486187e-03 
9.060000000000000e+00 3.020670295629341e-03 
9.065000000000000e+00 3.069552996403851e-03 
9.070000000000000e+00 3.151228031088978e-03 
9.075000000000001e+00 3.267946596751918e-03 
9.080000000000000e+00 3.417587638503012e-03 
9.085000000000001e+00 3.594250506749588e-03 
9.090000000000000e+00 3.789170883039362e-03 
9.095000000000001e+00 3.993341834544111e-03 
9.100000000000000e+00 4.197657293481283e-03 
9.105000000000000e+00 4.395801120602014e-03 
9.109999999999999e+00 4.582546743111514e-03 
9.115000000000000e+00 4.754230813514389e-03 
9.120000000000001e+00 4.908976134874244e-03 
9.125000000000000e+00 5.045368918147644e-03 
9.130000000000001e+00 5.163168847343766e-03 
9.135000000000000e+00 5.262746397995093e-03 
9.140000000000001e+00 5.344853524312848e-03 
9.145000000000000e+00 5.410666173526816e-03 
9.150000000000000e+00 5.461585601986110e-03 
9.154999999999999e+00 5.499127826992891e-03 
9.160000000000000e+00 5.524814155552796e-03 
9.165000000000001e+00 5.540142883233162e-03 
9.170000000000000e+00 5.546541146009804e-03 
9.175000000000001e+00 5.545387626494548e-03 
9.180000000000000e+00 5.537938098782799e-03 
9.185000000000000e+00 5.525179551136875e-03 
9.190000000000000e+00 5.507784615819879e-03 
9.195000000000000e+00 5.486143680826027e-03 
9.200000000000001e+00 5.460683969374549e-03 
9.205000000000000e+00 5.431848539498933e-03 
9.210000000000001e+00 5.400018331332192e-03 
9.215000000000000e+00 5.365676125965750e-03 
9.220000000000001e+00 5.329110240714876e-03 
9.225000000000000e+00 5.290582253151275e-03 
9.230000000000000e+00 5.250239109831663e-03 
9.234999999999999e+00 5.208228405086219e-03 
9.240000000000000e+00 5.164970707915328e-03 
9.245000000000001e+00 5.121080505371142e-03 
9.250000000000000e+00 5.077041603564050e-03 
9.255000000000001e+00 5.033388133281913e-03 
9.260000000000000e+00 4.990143960596270e-03 
9.265000000000001e+00 4.947979122868944e-03 
9.270000000000000e+00 4.908001714819375e-03 
9.275000000000000e+00 4.870910868923110e-03 
9.279999999999999e+00 4.837328066030072e-03 
9.285000000000000e+00 4.807568441488058e-03 
9.290000000000001e+00 4.781778247322750e-03 
9.295000000000000e+00 4.759858327434465e-03 
9.300000000000001e+00 4.741665164246206e-03 
9.305000000000000e+00 4.726944472009310e-03 
9.310000000000000e+00 4.715459612918901e-03 
9.315000000000000e+00 4.706795327105754e-03 
9.320000000000000e+00 4.700540752059337e-03 
9.325000000000001e+00 4.696302405214519e-03 
9.330000000000000e+00 4.693696751479013e-03 
9.335000000000001e+00 4.692367573396966e-03 
9.340000000000000e+00 4.691953104055191e-03 
9.345000000000001e+00 4.692117418169131e-03 
9.350000000000000e+00 4.692555485369840e-03 
9.355000000000000e+00 4.692989536934516e-03 
9.359999999999999e+00 4.693170859740194e-03 
9.365000000000000e+00 4.692935181204058e-03 
9.370000000000001e+00 4.692133456171392e-03 
9.375000000000000e+00 4.690529416227884e-03 
9.380000000000001e+00 4.687850753868118e-03 
9.385000000000000e+00 4.683792450956189e-03 
9.390000000000001e+00 4.677929900252849e-03 
9.395000000000000e+00 4.669606374283573e-03 
9.400000000000000e+00 4.657504771426908e-03 
9.404999999999999e+00 4.639665529557080e-03 
9.410000000000000e+00 4.613308805977571e-03 
9.415000000000001e+00 4.575521441401440e-03 
9.420000000000000e+00 4.523023722768859e-03 
9.425000000000001e+00 4.454564757497433e-03 
9.430000000000000e+00 4.371741930776317e-03 
9.435000000000000e+00 4.280836470869443e-03 
9.440000000000000e+00 4.189712586389172e-03 
9.445000000000000e+00 4.108596029192756e-03 
9.450000000000001e+00 4.045824445595858e-03 
9.455000000000000e+00 4.006197534409508e-03 
9.460000000000001e+00 3.989198107804249e-03 
9.465000000000000e+00 3.991568604172357e-03 
9.470000000000001e+00 4.008915241159222e-03 
9.475000000000000e+00 4.036702595950270e-03 
9.480000000000000e+00 4.069479050528983e-03 
9.484999999999999e+00 4.103401631473502e-03 
9.490000000000000e+00 4.135953744383457e-03 
9.495000000000001e+00 4.165439756798943e-03 
9.500000000000000e+00 4.191033468501230e-03 
9.505000000000001e+00 4.212150778336345e-03 
9.510000000000000e+00 4.229134908450372e-03 
9.515000000000001e+00 4.241718908831774e-03 
9.520000000000000e+00 4.250347301099280e-03 
9.525000000000000e+00 4.255751771525553e-03 
9.529999999999999e+00 4.258331083627418e-03 
9.535000000000000e+00 4.258470747852044e-03 
9.540000000000001e+00 4.256528680551454e-03 
9.545000000000000e+00 4.252786155060286e-03 
9.550000000000001e+00 4.247718216822897e-03 
9.555000000000000e+00 4.241617030020438e-03 
9.560000000000000e+00 4.234512858674524e-03 
9.565000000000000e+00 4.226625210350205e-03 
9.570000000000000e+00 4.218109480271625e-03 
9.575000000000001e+00 4.209120355919381e-03 
9.580000000000000e+00 4.199765461272212e-03 
9.585000000000001e+00 4.190201010894115e-03 
9.590000000000000e+00 4.180474485356638e-03 
9.595000000000001e+00 4.170657131498688e-03 
9.600000000000000e+00 4.160815815748276e-03 
9.605000000000000e+00 4.151001604359632e-03 
9.609999999999999e+00 4.141254683187252e-03 
9.615000000000000e+00 4.131600055149586e-03 
9.620000000000001e+00 4.122054807278615e-03 
9.625000000000000e+00 4.112626783408565e-03 
9.630000000000001e+00 4.103317829935095e-03 
9.635000000000000e+00 4.094106627575065e-03 
9.640000000000001e+00 4.084975149934974e-03 
9.645000000000000e+00 4.075897665487566e-03 
9.650000000000000e+00 4.066842378745167e-03 
9.654999999999999e+00 4.057772596839737e-03 
9.660000000000000e+00 4.048647574174193e-03 
9.665000000000001e+00 4.039424049308983e-03 
9.670000000000000e+00 4.030058538154036e-03 
9.675000000000001e+00 4.020506639941185e-03 
9.680000000000000e+00 4.010725547342758e-03 
9.685000000000000e+00 4.000673944394916e-03 
9.690000000000000e+00 3.990313348188563e-03 
9.695000000000000e+00 3.979609498121690e-03 
9.700000000000001e+00 3.968532214377185e-03 
9.705000000000000e+00 3.957054577506930e-03 
9.710000000000001e+00 3.945162995229383e-03 
9.715000000000000e+00 3.932839567836596e-03 
9.720000000000001e+00 3.920074381725399e-03 
9.725000000000000e+00 3.906863886997115e-03 
9.730000000000000e+00 3.893209366574645e-03 
9.734999999999999e+00 3.879116316285693e-03 
9.740000000000000e+00 3.864594921139570e-03 
9.745000000000001e+00 3.849659558751444e-03 
9.750000000000000e+00 3.834328304876780e-03 
9.755000000000001e+00 3.818622596645270e-03 
9.760000000000000e+00 3.802566547927670e-03 
9.765000000000001e+00 3.786186024278019e-03 
9.770000000000000e+00 3.769508820414124e-03 
9.775000000000000e+00 3.752564453638824e-03 
9.779999999999999e+00 3.735383969985470e-03 
9.785000000000000e+00 3.717999413379715e-03 
9.790000000000001e+00 3.700443153981539e-03 
9.795000000000000e+00 3.682747862054986e-03 
9.800000000000001e+00 3.664946483419644e-03 
9.805000000000000e+00 3.647067132693040e-03 
9.810000000000000e+00 3.629152787811021e-03 
9.815000000000000e+00 3.611225578859390e-03 
9.820000000000000e+00 3.593317914957552e-03 
9.825000000000001e+00 3.575459344246914e-03 
9.830000000000000e+00 3.557677999747486e-03 
9.835000000000001e+00 3.540000226003715e-03 
9.840000000000000e+00 3.522451091736445e-03 
9.845000000000001e+00 3.505054167225607e-03 
9.850000000000000e+00 3.487831337714529e-03 
9.855000000000000e+00 3.470802400721880e-03 
9.859999999999999e+00 3.453985401446291e-03 
9.865000000000000e+00 3.437397000942318e-03 
9.870000000000001e+00 3.421051828335150e-03 
9.875000000000000e+00 3.404961474631654e-03 
9.880000000000001e+00 3.389138154631874e-03 
9.885000000000000e+00 3.373590454353967e-03 
9.890000000000001e+00 3.358324858668920e-03 
9.895000000000000e+00 3.343346509964199e-03 
9.900000000000000e+00 3.328659373049653e-03 
9.904999999999999e+00 3.314262690267360e-03 
9.910000000000000e+00 3.300165811335963e-03 
9.915000000000001e+00 3.286360062138133e-03 
9.920000000000000e+00 3.272845732064459e-03 
9.925000000000001e+00 3.259620474922807e-03 
9.930000000000000e+00 3.246679933504808e-03 
9.935000000000000e+00 3.234018887907352e-03 
9.940000000000000e+00 3.221631958074885e-03 
9.945000000000000e+00 3.209511526589947e-03 
9.950000000000001e+00 3.197650936024230e-03 
9.955000000000000e+00 3.186041644993969e-03 
9.960000000000001e+00 3.174675301479847e-03 
9.965000000000000e+00 3.163543505281600e-03 
9.970000000000001e+00 3.152637151477262e-03 
9.975000000000000e+00 3.141946821120965e-03 
9.980000000000000e+00 3.131463260841394e-03 
9.984999999999999e+00 3.121176923848924e-03 
9.990000000000000e+00 3.111080582766809e-03 
9.995000000000001e+00 3.101160752342775e-03 
