-0.8571428571428572 -0.8571428571428572 0.05 
-0.8571428571428572 -0.5714285714285714 0.05 
-0.8571428571428572 -0.28571428571428575 0.05 
-0.8571428571428572 -5.551115123125783e-17 0.05 
-0.8571428571428572 0.2857142857142856 0.05 
-0.8571428571428572 0.5714285714285713 0.05 
-0.8571428571428572 0.8571428571428571 0.05 
-0.5714285714285714 -0.8571428571428572 0.05 
-0.5714285714285714 -0.5714285714285714 0.05 
-0.5714285714285714 -0.28571428571428575 0.05 
-0.5714285714285714 -5.551115123125783e-17 0.05 
-0.5714285714285714 0.2857142857142856 0.05 
-0.5714285714285714 0.5714285714285713 0.05 
-0.5714285714285714 0.8571428571428571 0.05 
-0.28571428571428575 -0.8571428571428572 0.05 
-0.28571428571428575 -0.5714285714285714 0.05 
-0.28571428571428575 -0.28571428571428575 0.05 
-0.28571428571428575 -5.551115123125783e-17 0.05 
-0.28571428571428575 0.2857142857142856 0.05 
-0.28571428571428575 0.5714285714285713 0.05 
-0.28571428571428575 0.8571428571428571 0.05 
-5.551115123125783e-17 -0.8571428571428572 0.05 
-5.551115123125783e-17 -0.5714285714285714 0.05 
-5.551115123125783e-17 -0.28571428571428575 0.05 
-5.551115123125783e-17 -5.551115123125783e-17 0.05 
-5.551115123125783e-17 0.2857142857142856 0.05 
-5.551115123125783e-17 0.5714285714285713 0.05 
-5.551115123125783e-17 0.8571428571428571 0.05 
0.2857142857142856 -0.8571428571428572 0.05 
0.2857142857142856 -0.5714285714285714 0.05 
0.2857142857142856 -0.28571428571428575 0.05 
0.2857142857142856 -5.551115123125783e-17 0.05 
0.2857142857142856 0.2857142857142856 0.05 
0.2857142857142856 0.5714285714285713 0.05 
0.2857142857142856 0.8571428571428571 0.05 
0.5714285714285713 -0.8571428571428572 0.05 
0.5714285714285713 -0.5714285714285714 0.05 
0.5714285714285713 -0.28571428571428575 0.05 
0.5714285714285713 -5.551115123125783e-17 0.05 
0.5714285714285713 0.2857142857142856 0.05 
0.5714285714285713 0.5714285714285713 0.05 
0.5714285714285713 0.8571428571428571 0.05 
0.8571428571428571 -0.8571428571428572 0.05 
0.8571428571428571 -0.5714285714285714 0.05 
0.8571428571428571 -0.28571428571428575 0.05 
0.8571428571428571 -5.551115123125783e-17 0.05 
0.8571428571428571 0.2857142857142856 0.05 
0.8571428571428571 0.5714285714285713 0.05 
0.8571428571428571 0.8571428571428571 0.05 
