-0.8333333333333334 -0.8333333333333334 0.05 
-0.8333333333333334 -0.5 0.05 
-0.8333333333333334 -0.16666666666666669 0.05 
-0.8333333333333334 0.16666666666666663 0.05 
-0.8333333333333334 0.4999999999999999 0.05 
-0.8333333333333334 0.8333333333333333 0.05 
-0.5 -0.8333333333333334 0.05 
-0.5 -0.5 0.05 
-0.5 -0.16666666666666669 0.05 
-0.5 0.16666666666666663 0.05 
-0.5 0.4999999999999999 0.05 
-0.5 0.8333333333333333 0.05 
-0.16666666666666669 -0.8333333333333334 0.05 
-0.16666666666666669 -0.5 0.05 
-0.16666666666666669 -0.16666666666666669 0.05 
-0.16666666666666669 0.16666666666666663 0.05 
-0.16666666666666669 0.4999999999999999 0.05 
-0.16666666666666669 0.8333333333333333 0.05 
0.16666666666666663 -0.8333333333333334 0.05 
0.16666666666666663 -0.5 0.05 
0.16666666666666663 -0.16666666666666669 0.05 
0.16666666666666663 0.16666666666666663 0.05 
0.16666666666666663 0.4999999999999999 0.05 
0.16666666666666663 0.8333333333333333 0.05 
0.4999999999999999 -0.8333333333333334 0.05 
0.4999999999999999 -0.5 0.05 
0.4999999999999999 -0.16666666666666669 0.05 
0.4999999999999999 0.16666666666666663 0.05 
0.4999999999999999 0.4999999999999999 0.05 
0.4999999999999999 0.8333333333333333 0.05 
0.8333333333333333 -0.8333333333333334 0.05 
0.8333333333333333 -0.5 0.05 
0.8333333333333333 -0.16666666666666669 0.05 
0.8333333333333333 0.16666666666666663 0.05 
0.8333333333333333 0.4999999999999999 0.05 
0.8333333333333333 0.8333333333333333 0.05 
