-0.8962543023550394 -0.6110265052251069 0.05 
-0.6444901524093545 -0.34797238970423133 0.05 
-0.7518259651632236 0.22979642591549526 0.05 
-0.6893628109108949 0.8654893404542052 0.05 
-0.41245616529030604 -0.9386610093911975 0.05 
-0.1156939584320521 -0.27689317283797865 0.05 
-0.1450879670168232 0.05084242134044428 0.05 
-0.27184512237807945 0.8386160129363129 0.05 
0.14150488850818105 -0.5718917217784312 0.05 
0.41057098304459344 -0.4377640067865786 0.05 
0.06017834439738432 0.2665649891173986 0.05 
0.42565966511140424 0.702481695075285 0.05 
0.6366397588522453 -0.7811533697669131 0.05 
0.5616163150299472 -0.361323333490786 0.05 
0.7251550374602288 0.24832489655274026 0.05 
0.6432337801030291 0.6423466166163937 0.05 
