-0.4285714285714286 -0.4285714285714286 0.05 
-0.4285714285714286 -0.2857142857142857 0.05 
-0.4285714285714286 -0.14285714285714288 0.05 
-0.4285714285714286 -2.7755575615628914e-17 0.05 
-0.4285714285714286 0.1428571428571428 0.05 
-0.4285714285714286 0.28571428571428564 0.05 
-0.4285714285714286 0.42857142857142855 0.05 
-0.2857142857142857 -0.4285714285714286 0.05 
-0.2857142857142857 -0.2857142857142857 0.05 
-0.2857142857142857 -0.14285714285714288 0.05 
-0.2857142857142857 -2.7755575615628914e-17 0.05 
-0.2857142857142857 0.1428571428571428 0.05 
-0.2857142857142857 0.28571428571428564 0.05 
-0.2857142857142857 0.42857142857142855 0.05 
-0.14285714285714288 -0.4285714285714286 0.05 
-0.14285714285714288 -0.2857142857142857 0.05 
-0.14285714285714288 -0.14285714285714288 0.05 
-0.14285714285714288 -2.7755575615628914e-17 0.05 
-0.14285714285714288 0.1428571428571428 0.05 
-0.14285714285714288 0.28571428571428564 0.05 
-0.14285714285714288 0.42857142857142855 0.05 
-2.7755575615628914e-17 -0.4285714285714286 0.05 
-2.7755575615628914e-17 -0.2857142857142857 0.05 
-2.7755575615628914e-17 -0.14285714285714288 0.05 
-2.7755575615628914e-17 -2.7755575615628914e-17 0.05 
-2.7755575615628914e-17 0.1428571428571428 0.05 
-2.7755575615628914e-17 0.28571428571428564 0.05 
-2.7755575615628914e-17 0.42857142857142855 0.05 
0.1428571428571428 -0.4285714285714286 0.05 
0.1428571428571428 -0.2857142857142857 0.05 
0.1428571428571428 -0.14285714285714288 0.05 
0.1428571428571428 -2.7755575615628914e-17 0.05 
0.1428571428571428 0.1428571428571428 0.05 
0.1428571428571428 0.28571428571428564 0.05 
0.1428571428571428 0.42857142857142855 0.05 
0.28571428571428564 -0.4285714285714286 0.05 
0.28571428571428564 -0.2857142857142857 0.05 
0.28571428571428564 -0.14285714285714288 0.05 
0.28571428571428564 -2.7755575615628914e-17 0.05 
0.28571428571428564 0.1428571428571428 0.05 
0.28571428571428564 0.28571428571428564 0.05 
0.28571428571428564 0.42857142857142855 0.05 
0.42857142857142855 -0.4285714285714286 0.05 
0.42857142857142855 -0.2857142857142857 0.05 
0.42857142857142855 -0.14285714285714288 0.05 
0.42857142857142855 -2.7755575615628914e-17 0.05 
0.42857142857142855 0.1428571428571428 0.05 
0.42857142857142855 0.28571428571428564 0.05 
0.42857142857142855 0.42857142857142855 0.05 
-0.75 -0.75 0.05 
-0.75 -0.25 0.05 
-0.75 0.25 0.05 
-0.75 0.75 0.05 
0.75 -0.75 0.05 
0.75 -0.25 0.05 
0.75 0.25 0.05 
0.75 0.75 0.05 
-0.25 -0.75 0.05 
0.25 -0.75 0.05 
-0.25 0.75 0.05 
0.25 0.75 0.05 
