0.21870589481961666 0.8764906067111456 0.05 
0.1839608731615815 -0.4031645647600455 0.05 
-0.4149200638991839 0.5719848241075548 0.05 
0.08039736226186 0.5029757901471409 0.05 
-0.8550844668257985 0.4032508366759776 0.05 
0.1815085448900099 0.4927712952972193 0.05 
-0.38572897612554113 0.7347574662088198 0.05 
-0.7896691270134838 -0.5784179024014424 0.05 
0.8726712207924358 0.931817907180018 0.05 
0.07703907006636868 -0.9170571891032159 0.05 
-0.41726536506961964 -0.2975476975810092 0.05 
0.2613345217060724 0.402458790829782 0.05 
0.4497334696264229 0.9431978303104099 0.05 
-0.5860939293913789 0.2559977731791784 0.05 
-0.8472706270953048 -0.6844566874281355 0.05 
-0.9234600110170796 0.24536951522846484 0.05 
-0.881512606022666 -0.937484155685702 0.05 
0.16776862781984214 0.06737391570087603 0.05 
0.5416625660929796 0.6435924052609193 0.05 
-0.3555226880058304 -0.022828890369736565 0.05 
0.47013981334419463 -0.5859370397558568 0.05 
0.9100394447346548 -0.27857575357885656 0.05 
-0.12113737670421298 -0.44416803443495567 0.05 
-0.3566864618425445 -0.6806070652880158 0.05 
0.16122590472441145 0.716039903941221 0.05 
0.786532911372891 0.4007204932269649 0.05 
-0.3745383181405406 -0.5743068910898979 0.05 
-0.6311808171454081 -0.28501442380783626 0.05 
-0.6750147874448429 -0.04661578553840484 0.05 
0.5662890140087938 -0.16492328104174048 0.05 
-0.7725393145319823 0.6004682219202998 0.05 
-0.8174311686121536 0.0707551508574068 0.05 
0.6025677483690458 -0.5662807799854968 0.05 
0.34637885432698445 -0.4476415239202127 0.05 
-0.7064936081406157 -0.717327654655083 0.05 
0.08488712891011241 -0.33308503171852033 0.05 
