0.8050325091168896 -0.2901038399559689 0.05 
-0.7018791574533525 0.904491932861439 0.05 
-0.6512024861436727 -0.12728791327479472 0.05 
0.282779020318341 0.60131381365189 0.05 
0.030439587126271817 0.5906180621780598 0.05 
0.8110297607230917 -0.44748994565025246 0.05 
-0.07230472968825596 -0.2510094336547717 0.05 
0.24584586425033372 0.016229901768589072 0.05 
0.4203533928757549 -0.5311487369664034 0.05 
0.10877568730276488 0.48931698603120044 0.05 
-0.3490251455384217 0.03832385155297191 0.05 
0.24255399572073266 0.7817665085772004 0.05 
0.05894286235641999 -0.04052225888554828 0.05 
-0.13595680040330338 -0.6390618901202008 0.05 
0.15000795330638905 0.6636094074269917 0.05 
-0.22324973307840845 0.25970439665158185 0.05 
0.7410235619606668 -0.14429095454329632 0.05 
-0.9432838143797417 0.248738623496792 0.05 
0.42438379364977485 -0.7015819597033098 0.05 
-0.4084792995973179 -0.8532523524849667 0.05 
0.2258199293526294 -0.39038253321446414 0.05 
-0.3541023278354156 -0.09376579498377702 0.05 
0.7929391192956309 0.2999980830421537 0.05 
0.8884768623049685 -0.5683740466693774 0.05 
0.7431774227867504 0.5492730559910332 0.05 
-0.5266723425765383 -0.7496358739156892 0.05 
-0.3470886583790721 0.24941850485263506 0.05 
0.4419346128245897 0.16646444011536865 0.05 
-0.30819211598945717 -0.9169538975337839 0.05 
0.3825537280217194 0.9275268886600959 0.05 
0.8858673680186978 0.8480194426665176 0.05 
0.8563096532285887 -0.9474365760336587 0.05 
-0.5565219925007074 0.7657600768807141 0.05 
0.7833684796046857 -0.743485520738856 0.05 
-0.5021312551173058 -0.20979882089670066 0.05 
