-0.4 -0.4 0.05 
-0.4 -0.19999999999999998 0.05 
-0.4 5.551115123125783e-17 0.05 
-0.4 0.20000000000000007 0.05 
-0.4 0.4 0.05 
-0.19999999999999998 -0.4 0.05 
-0.19999999999999998 -0.19999999999999998 0.05 
-0.19999999999999998 5.551115123125783e-17 0.05 
-0.19999999999999998 0.20000000000000007 0.05 
-0.19999999999999998 0.4 0.05 
5.551115123125783e-17 -0.4 0.05 
5.551115123125783e-17 -0.19999999999999998 0.05 
5.551115123125783e-17 5.551115123125783e-17 0.05 
5.551115123125783e-17 0.20000000000000007 0.05 
5.551115123125783e-17 0.4 0.05 
0.20000000000000007 -0.4 0.05 
0.20000000000000007 -0.19999999999999998 0.05 
0.20000000000000007 5.551115123125783e-17 0.05 
0.20000000000000007 0.20000000000000007 0.05 
0.20000000000000007 0.4 0.05 
0.4 -0.4 0.05 
0.4 -0.19999999999999998 0.05 
0.4 5.551115123125783e-17 0.05 
0.4 0.20000000000000007 0.05 
0.4 0.4 0.05 
-0.75 -0.75 0.05 
-0.75 -0.25 0.05 
-0.75 0.25 0.05 
-0.75 0.75 0.05 
0.75 -0.75 0.05 
0.75 -0.25 0.05 
0.75 0.25 0.05 
0.75 0.75 0.05 
-0.25 -0.75 0.05 
0.25 -0.75 0.05 
-0.25 0.75 0.05 
0.25 0.75 0.05 
