-0.33333333333333337 -0.33333333333333337 -0.998 0 0 1 0.005 0 
-0.33333333333333337 -0.33333333333333337 -0.957265306122449 0 0 1 0.005 0 
-0.33333333333333337 -0.33333333333333337 -0.916530612244898 0 0 1 0.005 0 
-0.33333333333333337 -0.33333333333333337 -0.8757959183673469 0 0 1 0.005 0 
-0.33333333333333337 -0.33333333333333337 -0.8350612244897959 0 0 1 0.005 0 
-0.33333333333333337 -0.33333333333333337 -0.7943265306122449 0 0 1 0.005 0 
-0.33333333333333337 -0.33333333333333337 -0.7535918367346939 0 0 1 0.005 0 
-0.33333333333333337 -0.33333333333333337 -0.7128571428571429 0 0 1 0.005 0 
-0.33333333333333337 -0.33333333333333337 -0.6721224489795918 0 0 1 0.005 0 
-0.33333333333333337 -0.33333333333333337 -0.6313877551020408 0 0 1 0.005 0 
-0.33333333333333337 -0.33333333333333337 -0.5906530612244898 0 0 1 0.005 0 
-0.33333333333333337 -0.33333333333333337 -0.5499183673469388 0 0 1 0.005 0 
-0.33333333333333337 -0.33333333333333337 -0.5091836734693878 0 0 1 0.005 0 
-0.33333333333333337 -0.33333333333333337 -0.46844897959183673 0 0 1 0.005 0 
-0.33333333333333337 -0.33333333333333337 -0.4277142857142857 0 0 1 0.005 0 
-0.33333333333333337 -0.33333333333333337 -0.3869795918367347 0 0 1 0.005 0 
-0.33333333333333337 -0.33333333333333337 -0.3462448979591837 0 0 1 0.005 0 
-0.33333333333333337 -0.33333333333333337 -0.30551020408163265 0 0 1 0.005 0 
-0.33333333333333337 -0.33333333333333337 -0.26477551020408163 0 0 1 0.005 0 
-0.33333333333333337 -0.33333333333333337 -0.2240408163265306 0 0 1 0.005 0 
-0.33333333333333337 -0.33333333333333337 -0.1833061224489796 0 0 1 0.005 0 
-0.33333333333333337 -0.33333333333333337 -0.14257142857142857 0 0 1 0.005 0 
-0.33333333333333337 -0.33333333333333337 -0.10183673469387755 0 0 1 0.005 0 
-0.33333333333333337 -0.33333333333333337 -0.06110204081632653 0 0 1 0.005 0 
-0.33333333333333337 -0.33333333333333337 -0.02036734693877551 0 0 1 0.005 0 
-0.33333333333333337 -0.33333333333333337 0.02036734693877551 0 0 1 0.005 0 
-0.33333333333333337 -0.33333333333333337 0.06110204081632653 0 0 1 0.005 0 
-0.33333333333333337 -0.33333333333333337 0.10183673469387755 0 0 1 0.005 0 
-0.33333333333333337 -0.33333333333333337 0.14257142857142857 0 0 1 0.005 0 
-0.33333333333333337 -0.33333333333333337 0.1833061224489796 0 0 1 0.005 0 
-0.33333333333333337 -0.33333333333333337 0.2240408163265306 0 0 1 0.005 0 
-0.33333333333333337 -0.33333333333333337 0.26477551020408163 0 0 1 0.005 0 
-0.33333333333333337 -0.33333333333333337 0.30551020408163265 0 0 1 0.005 0 
-0.33333333333333337 -0.33333333333333337 0.3462448979591837 0 0 1 0.005 0 
-0.33333333333333337 -0.33333333333333337 0.3869795918367347 0 0 1 0.005 0 
-0.33333333333333337 -0.33333333333333337 0.4277142857142857 0 0 1 0.005 0 
-0.33333333333333337 -0.33333333333333337 0.46844897959183673 0 0 1 0.005 0 
-0.33333333333333337 -0.33333333333333337 0.5091836734693878 0 0 1 0.005 0 
-0.33333333333333337 -0.33333333333333337 0.5499183673469388 0 0 1 0.005 0 
-0.33333333333333337 -0.33333333333333337 0.5906530612244898 0 0 1 0.005 0 
-0.33333333333333337 -0.33333333333333337 0.6313877551020408 0 0 1 0.005 0 
-0.33333333333333337 -0.33333333333333337 0.6721224489795918 0 0 1 0.005 0 
-0.33333333333333337 -0.33333333333333337 0.7128571428571429 0 0 1 0.005 0 
-0.33333333333333337 -0.33333333333333337 0.7535918367346939 0 0 1 0.005 0 
-0.33333333333333337 -0.33333333333333337 0.7943265306122449 0 0 1 0.005 0 
-0.33333333333333337 -0.33333333333333337 0.8350612244897959 0 0 1 0.005 0 
-0.33333333333333337 -0.33333333333333337 0.8757959183673469 0 0 1 0.005 0 
-0.33333333333333337 -0.33333333333333337 0.916530612244898 0 0 1 0.005 0 
-0.33333333333333337 -0.33333333333333337 0.957265306122449 0 0 1 0.005 0 
-0.33333333333333337 -0.33333333333333337 0.998 0 0 1 0.005 0 
-0.33333333333333337 -2.7755575615628914e-17 -0.998 0 0 1 0.005 1 
-0.33333333333333337 -2.7755575615628914e-17 -0.957265306122449 0 0 1 0.005 1 
-0.33333333333333337 -2.7755575615628914e-17 -0.916530612244898 0 0 1 0.005 1 
-0.33333333333333337 -2.7755575615628914e-17 -0.8757959183673469 0 0 1 0.005 1 
-0.33333333333333337 -2.7755575615628914e-17 -0.8350612244897959 0 0 1 0.005 1 
-0.33333333333333337 -2.7755575615628914e-17 -0.7943265306122449 0 0 1 0.005 1 
-0.33333333333333337 -2.7755575615628914e-17 -0.7535918367346939 0 0 1 0.005 1 
-0.33333333333333337 -2.7755575615628914e-17 -0.7128571428571429 0 0 1 0.005 1 
-0.33333333333333337 -2.7755575615628914e-17 -0.6721224489795918 0 0 1 0.005 1 
-0.33333333333333337 -2.7755575615628914e-17 -0.6313877551020408 0 0 1 0.005 1 
-0.33333333333333337 -2.7755575615628914e-17 -0.5906530612244898 0 0 1 0.005 1 
-0.33333333333333337 -2.7755575615628914e-17 -0.5499183673469388 0 0 1 0.005 1 
-0.33333333333333337 -2.7755575615628914e-17 -0.5091836734693878 0 0 1 0.005 1 
-0.33333333333333337 -2.7755575615628914e-17 -0.46844897959183673 0 0 1 0.005 1 
-0.33333333333333337 -2.7755575615628914e-17 -0.4277142857142857 0 0 1 0.005 1 
-0.33333333333333337 -2.7755575615628914e-17 -0.3869795918367347 0 0 1 0.005 1 
-0.33333333333333337 -2.7755575615628914e-17 -0.3462448979591837 0 0 1 0.005 1 
-0.33333333333333337 -2.7755575615628914e-17 -0.30551020408163265 0 0 1 0.005 1 
-0.33333333333333337 -2.7755575615628914e-17 -0.26477551020408163 0 0 1 0.005 1 
-0.33333333333333337 -2.7755575615628914e-17 -0.2240408163265306 0 0 1 0.005 1 
-0.33333333333333337 -2.7755575615628914e-17 -0.1833061224489796 0 0 1 0.005 1 
-0.33333333333333337 -2.7755575615628914e-17 -0.14257142857142857 0 0 1 0.005 1 
-0.33333333333333337 -2.7755575615628914e-17 -0.10183673469387755 0 0 1 0.005 1 
-0.33333333333333337 -2.7755575615628914e-17 -0.06110204081632653 0 0 1 0.005 1 
-0.33333333333333337 -2.7755575615628914e-17 -0.02036734693877551 0 0 1 0.005 1 
-0.33333333333333337 -2.7755575615628914e-17 0.02036734693877551 0 0 1 0.005 1 
-0.33333333333333337 -2.7755575615628914e-17 0.06110204081632653 0 0 1 0.005 1 
-0.33333333333333337 -2.7755575615628914e-17 0.10183673469387755 0 0 1 0.005 1 
-0.33333333333333337 -2.7755575615628914e-17 0.14257142857142857 0 0 1 0.005 1 
-0.33333333333333337 -2.7755575615628914e-17 0.1833061224489796 0 0 1 0.005 1 
-0.33333333333333337 -2.7755575615628914e-17 0.2240408163265306 0 0 1 0.005 1 
-0.33333333333333337 -2.7755575615628914e-17 0.26477551020408163 0 0 1 0.005 1 
-0.33333333333333337 -2.7755575615628914e-17 0.30551020408163265 0 0 1 0.005 1 
-0.33333333333333337 -2.7755575615628914e-17 0.3462448979591837 0 0 1 0.005 1 
-0.33333333333333337 -2.7755575615628914e-17 0.3869795918367347 0 0 1 0.005 1 
-0.33333333333333337 -2.7755575615628914e-17 0.4277142857142857 0 0 1 0.005 1 
-0.33333333333333337 -2.7755575615628914e-17 0.46844897959183673 0 0 1 0.005 1 
-0.33333333333333337 -2.7755575615628914e-17 0.5091836734693878 0 0 1 0.005 1 
-0.33333333333333337 -2.7755575615628914e-17 0.5499183673469388 0 0 1 0.005 1 
-0.33333333333333337 -2.7755575615628914e-17 0.5906530612244898 0 0 1 0.005 1 
-0.33333333333333337 -2.7755575615628914e-17 0.6313877551020408 0 0 1 0.005 1 
-0.33333333333333337 -2.7755575615628914e-17 0.6721224489795918 0 0 1 0.005 1 
-0.33333333333333337 -2.7755575615628914e-17 0.7128571428571429 0 0 1 0.005 1 
-0.33333333333333337 -2.7755575615628914e-17 0.7535918367346939 0 0 1 0.005 1 
-0.33333333333333337 -2.7755575615628914e-17 0.7943265306122449 0 0 1 0.005 1 
-0.33333333333333337 -2.7755575615628914e-17 0.8350612244897959 0 0 1 0.005 1 
-0.33333333333333337 -2.7755575615628914e-17 0.8757959183673469 0 0 1 0.005 1 
-0.33333333333333337 -2.7755575615628914e-17 0.916530612244898 0 0 1 0.005 1 
-0.33333333333333337 -2.7755575615628914e-17 0.957265306122449 0 0 1 0.005 1 
-0.33333333333333337 -2.7755575615628914e-17 0.998 0 0 1 0.005 1 
-0.33333333333333337 0.3333333333333333 -0.998 0 0 1 0.005 2 
-0.33333333333333337 0.3333333333333333 -0.957265306122449 0 0 1 0.005 2 
-0.33333333333333337 0.3333333333333333 -0.916530612244898 0 0 1 0.005 2 
-0.33333333333333337 0.3333333333333333 -0.8757959183673469 0 0 1 0.005 2 
-0.33333333333333337 0.3333333333333333 -0.8350612244897959 0 0 1 0.005 2 
-0.33333333333333337 0.3333333333333333 -0.7943265306122449 0 0 1 0.005 2 
-0.33333333333333337 0.3333333333333333 -0.7535918367346939 0 0 1 0.005 2 
-0.33333333333333337 0.3333333333333333 -0.7128571428571429 0 0 1 0.005 2 
-0.33333333333333337 0.3333333333333333 -0.6721224489795918 0 0 1 0.005 2 
-0.33333333333333337 0.3333333333333333 -0.6313877551020408 0 0 1 0.005 2 
-0.33333333333333337 0.3333333333333333 -0.5906530612244898 0 0 1 0.005 2 
-0.33333333333333337 0.3333333333333333 -0.5499183673469388 0 0 1 0.005 2 
-0.33333333333333337 0.3333333333333333 -0.5091836734693878 0 0 1 0.005 2 
-0.33333333333333337 0.3333333333333333 -0.46844897959183673 0 0 1 0.005 2 
-0.33333333333333337 0.3333333333333333 -0.4277142857142857 0 0 1 0.005 2 
-0.33333333333333337 0.3333333333333333 -0.3869795918367347 0 0 1 0.005 2 
-0.33333333333333337 0.3333333333333333 -0.3462448979591837 0 0 1 0.005 2 
-0.33333333333333337 0.3333333333333333 -0.30551020408163265 0 0 1 0.005 2 
-0.33333333333333337 0.3333333333333333 -0.26477551020408163 0 0 1 0.005 2 
-0.33333333333333337 0.3333333333333333 -0.2240408163265306 0 0 1 0.005 2 
-0.33333333333333337 0.3333333333333333 -0.1833061224489796 0 0 1 0.005 2 
-0.33333333333333337 0.3333333333333333 -0.14257142857142857 0 0 1 0.005 2 
-0.33333333333333337 0.3333333333333333 -0.10183673469387755 0 0 1 0.005 2 
-0.33333333333333337 0.3333333333333333 -0.06110204081632653 0 0 1 0.005 2 
-0.33333333333333337 0.3333333333333333 -0.02036734693877551 0 0 1 0.005 2 
-0.33333333333333337 0.3333333333333333 0.02036734693877551 0 0 1 0.005 2 
-0.33333333333333337 0.3333333333333333 0.06110204081632653 0 0 1 0.005 2 
-0.33333333333333337 0.3333333333333333 0.10183673469387755 0 0 1 0.005 2 
-0.33333333333333337 0.3333333333333333 0.14257142857142857 0 0 1 0.005 2 
-0.33333333333333337 0.3333333333333333 0.1833061224489796 0 0 1 0.005 2 
-0.33333333333333337 0.3333333333333333 0.2240408163265306 0 0 1 0.005 2 
-0.33333333333333337 0.3333333333333333 0.26477551020408163 0 0 1 0.005 2 
-0.33333333333333337 0.3333333333333333 0.30551020408163265 0 0 1 0.005 2 
-0.33333333333333337 0.3333333333333333 0.3462448979591837 0 0 1 0.005 2 
-0.33333333333333337 0.3333333333333333 0.3869795918367347 0 0 1 0.005 2 
-0.33333333333333337 0.3333333333333333 0.4277142857142857 0 0 1 0.005 2 
-0.33333333333333337 0.3333333333333333 0.46844897959183673 0 0 1 0.005 2 
-0.33333333333333337 0.3333333333333333 0.5091836734693878 0 0 1 0.005 2 
-0.33333333333333337 0.3333333333333333 0.5499183673469388 0 0 1 0.005 2 
-0.33333333333333337 0.3333333333333333 0.5906530612244898 0 0 1 0.005 2 
-0.33333333333333337 0.3333333333333333 0.6313877551020408 0 0 1 0.005 2 
-0.33333333333333337 0.3333333333333333 0.6721224489795918 0 0 1 0.005 2 
-0.33333333333333337 0.3333333333333333 0.7128571428571429 0 0 1 0.005 2 
-0.33333333333333337 0.3333333333333333 0.7535918367346939 0 0 1 0.005 2 
-0.33333333333333337 0.3333333333333333 0.7943265306122449 0 0 1 0.005 2 
-0.33333333333333337 0.3333333333333333 0.8350612244897959 0 0 1 0.005 2 
-0.33333333333333337 0.3333333333333333 0.8757959183673469 0 0 1 0.005 2 
-0.33333333333333337 0.3333333333333333 0.916530612244898 0 0 1 0.005 2 
-0.33333333333333337 0.3333333333333333 0.957265306122449 0 0 1 0.005 2 
-0.33333333333333337 0.3333333333333333 0.998 0 0 1 0.005 2 
-2.7755575615628914e-17 -0.33333333333333337 -0.998 0 0 1 0.005 3 
-2.7755575615628914e-17 -0.33333333333333337 -0.957265306122449 0 0 1 0.005 3 
-2.7755575615628914e-17 -0.33333333333333337 -0.916530612244898 0 0 1 0.005 3 
-2.7755575615628914e-17 -0.33333333333333337 -0.8757959183673469 0 0 1 0.005 3 
-2.7755575615628914e-17 -0.33333333333333337 -0.8350612244897959 0 0 1 0.005 3 
-2.7755575615628914e-17 -0.33333333333333337 -0.7943265306122449 0 0 1 0.005 3 
-2.7755575615628914e-17 -0.33333333333333337 -0.7535918367346939 0 0 1 0.005 3 
-2.7755575615628914e-17 -0.33333333333333337 -0.7128571428571429 0 0 1 0.005 3 
-2.7755575615628914e-17 -0.33333333333333337 -0.6721224489795918 0 0 1 0.005 3 
-2.7755575615628914e-17 -0.33333333333333337 -0.6313877551020408 0 0 1 0.005 3 
-2.7755575615628914e-17 -0.33333333333333337 -0.5906530612244898 0 0 1 0.005 3 
-2.7755575615628914e-17 -0.33333333333333337 -0.5499183673469388 0 0 1 0.005 3 
-2.7755575615628914e-17 -0.33333333333333337 -0.5091836734693878 0 0 1 0.005 3 
-2.7755575615628914e-17 -0.33333333333333337 -0.46844897959183673 0 0 1 0.005 3 
-2.7755575615628914e-17 -0.33333333333333337 -0.4277142857142857 0 0 1 0.005 3 
-2.7755575615628914e-17 -0.33333333333333337 -0.3869795918367347 0 0 1 0.005 3 
-2.7755575615628914e-17 -0.33333333333333337 -0.3462448979591837 0 0 1 0.005 3 
-2.7755575615628914e-17 -0.33333333333333337 -0.30551020408163265 0 0 1 0.005 3 
-2.7755575615628914e-17 -0.33333333333333337 -0.26477551020408163 0 0 1 0.005 3 
-2.7755575615628914e-17 -0.33333333333333337 -0.2240408163265306 0 0 1 0.005 3 
-2.7755575615628914e-17 -0.33333333333333337 -0.1833061224489796 0 0 1 0.005 3 
-2.7755575615628914e-17 -0.33333333333333337 -0.14257142857142857 0 0 1 0.005 3 
-2.7755575615628914e-17 -0.33333333333333337 -0.10183673469387755 0 0 1 0.005 3 
-2.7755575615628914e-17 -0.33333333333333337 -0.06110204081632653 0 0 1 0.005 3 
-2.7755575615628914e-17 -0.33333333333333337 -0.02036734693877551 0 0 1 0.005 3 
-2.7755575615628914e-17 -0.33333333333333337 0.02036734693877551 0 0 1 0.005 3 
-2.7755575615628914e-17 -0.33333333333333337 0.06110204081632653 0 0 1 0.005 3 
-2.7755575615628914e-17 -0.33333333333333337 0.10183673469387755 0 0 1 0.005 3 
-2.7755575615628914e-17 -0.33333333333333337 0.14257142857142857 0 0 1 0.005 3 
-2.7755575615628914e-17 -0.33333333333333337 0.1833061224489796 0 0 1 0.005 3 
-2.7755575615628914e-17 -0.33333333333333337 0.2240408163265306 0 0 1 0.005 3 
-2.7755575615628914e-17 -0.33333333333333337 0.26477551020408163 0 0 1 0.005 3 
-2.7755575615628914e-17 -0.33333333333333337 0.30551020408163265 0 0 1 0.005 3 
-2.7755575615628914e-17 -0.33333333333333337 0.3462448979591837 0 0 1 0.005 3 
-2.7755575615628914e-17 -0.33333333333333337 0.3869795918367347 0 0 1 0.005 3 
-2.7755575615628914e-17 -0.33333333333333337 0.4277142857142857 0 0 1 0.005 3 
-2.7755575615628914e-17 -0.33333333333333337 0.46844897959183673 0 0 1 0.005 3 
-2.7755575615628914e-17 -0.33333333333333337 0.5091836734693878 0 0 1 0.005 3 
-2.7755575615628914e-17 -0.33333333333333337 0.5499183673469388 0 0 1 0.005 3 
-2.7755575615628914e-17 -0.33333333333333337 0.5906530612244898 0 0 1 0.005 3 
-2.7755575615628914e-17 -0.33333333333333337 0.6313877551020408 0 0 1 0.005 3 
-2.7755575615628914e-17 -0.33333333333333337 0.6721224489795918 0 0 1 0.005 3 
-2.7755575615628914e-17 -0.33333333333333337 0.7128571428571429 0 0 1 0.005 3 
-2.7755575615628914e-17 -0.33333333333333337 0.7535918367346939 0 0 1 0.005 3 
-2.7755575615628914e-17 -0.33333333333333337 0.7943265306122449 0 0 1 0.005 3 
-2.7755575615628914e-17 -0.33333333333333337 0.8350612244897959 0 0 1 0.005 3 
-2.7755575615628914e-17 -0.33333333333333337 0.8757959183673469 0 0 1 0.005 3 
-2.7755575615628914e-17 -0.33333333333333337 0.916530612244898 0 0 1 0.005 3 
-2.7755575615628914e-17 -0.33333333333333337 0.957265306122449 0 0 1 0.005 3 
-2.7755575615628914e-17 -0.33333333333333337 0.998 0 0 1 0.005 3 
-2.7755575615628914e-17 -2.7755575615628914e-17 -0.998 0 0 1 0.005 4 
-2.7755575615628914e-17 -2.7755575615628914e-17 -0.957265306122449 0 0 1 0.005 4 
-2.7755575615628914e-17 -2.7755575615628914e-17 -0.916530612244898 0 0 1 0.005 4 
-2.7755575615628914e-17 -2.7755575615628914e-17 -0.8757959183673469 0 0 1 0.005 4 
-2.7755575615628914e-17 -2.7755575615628914e-17 -0.8350612244897959 0 0 1 0.005 4 
-2.7755575615628914e-17 -2.7755575615628914e-17 -0.7943265306122449 0 0 1 0.005 4 
-2.7755575615628914e-17 -2.7755575615628914e-17 -0.7535918367346939 0 0 1 0.005 4 
-2.7755575615628914e-17 -2.7755575615628914e-17 -0.7128571428571429 0 0 1 0.005 4 
-2.7755575615628914e-17 -2.7755575615628914e-17 -0.6721224489795918 0 0 1 0.005 4 
-2.7755575615628914e-17 -2.7755575615628914e-17 -0.6313877551020408 0 0 1 0.005 4 
-2.7755575615628914e-17 -2.7755575615628914e-17 -0.5906530612244898 0 0 1 0.005 4 
-2.7755575615628914e-17 -2.7755575615628914e-17 -0.5499183673469388 0 0 1 0.005 4 
-2.7755575615628914e-17 -2.7755575615628914e-17 -0.5091836734693878 0 0 1 0.005 4 
-2.7755575615628914e-17 -2.7755575615628914e-17 -0.46844897959183673 0 0 1 0.005 4 
-2.7755575615628914e-17 -2.7755575615628914e-17 -0.4277142857142857 0 0 1 0.005 4 
-2.7755575615628914e-17 -2.7755575615628914e-17 -0.3869795918367347 0 0 1 0.005 4 
-2.7755575615628914e-17 -2.7755575615628914e-17 -0.3462448979591837 0 0 1 0.005 4 
-2.7755575615628914e-17 -2.7755575615628914e-17 -0.30551020408163265 0 0 1 0.005 4 
-2.7755575615628914e-17 -2.7755575615628914e-17 -0.26477551020408163 0 0 1 0.005 4 
-2.7755575615628914e-17 -2.7755575615628914e-17 -0.2240408163265306 0 0 1 0.005 4 
-2.7755575615628914e-17 -2.7755575615628914e-17 -0.1833061224489796 0 0 1 0.005 4 
-2.7755575615628914e-17 -2.7755575615628914e-17 -0.14257142857142857 0 0 1 0.005 4 
-2.7755575615628914e-17 -2.7755575615628914e-17 -0.10183673469387755 0 0 1 0.005 4 
-2.7755575615628914e-17 -2.7755575615628914e-17 -0.06110204081632653 0 0 1 0.005 4 
-2.7755575615628914e-17 -2.7755575615628914e-17 -0.02036734693877551 0 0 1 0.005 4 
-2.7755575615628914e-17 -2.7755575615628914e-17 0.02036734693877551 0 0 1 0.005 4 
-2.7755575615628914e-17 -2.7755575615628914e-17 0.06110204081632653 0 0 1 0.005 4 
-2.7755575615628914e-17 -2.7755575615628914e-17 0.10183673469387755 0 0 1 0.005 4 
-2.7755575615628914e-17 -2.7755575615628914e-17 0.14257142857142857 0 0 1 0.005 4 
-2.7755575615628914e-17 -2.7755575615628914e-17 0.1833061224489796 0 0 1 0.005 4 
-2.7755575615628914e-17 -2.7755575615628914e-17 0.2240408163265306 0 0 1 0.005 4 
-2.7755575615628914e-17 -2.7755575615628914e-17 0.26477551020408163 0 0 1 0.005 4 
-2.7755575615628914e-17 -2.7755575615628914e-17 0.30551020408163265 0 0 1 0.005 4 
-2.7755575615628914e-17 -2.7755575615628914e-17 0.3462448979591837 0 0 1 0.005 4 
-2.7755575615628914e-17 -2.7755575615628914e-17 0.3869795918367347 0 0 1 0.005 4 
-2.7755575615628914e-17 -2.7755575615628914e-17 0.4277142857142857 0 0 1 0.005 4 
-2.7755575615628914e-17 -2.7755575615628914e-17 0.46844897959183673 0 0 1 0.005 4 
-2.7755575615628914e-17 -2.7755575615628914e-17 0.5091836734693878 0 0 1 0.005 4 
-2.7755575615628914e-17 -2.7755575615628914e-17 0.5499183673469388 0 0 1 0.005 4 
-2.7755575615628914e-17 -2.7755575615628914e-17 0.5906530612244898 0 0 1 0.005 4 
-2.7755575615628914e-17 -2.7755575615628914e-17 0.6313877551020408 0 0 1 0.005 4 
-2.7755575615628914e-17 -2.7755575615628914e-17 0.6721224489795918 0 0 1 0.005 4 
-2.7755575615628914e-17 -2.7755575615628914e-17 0.7128571428571429 0 0 1 0.005 4 
-2.7755575615628914e-17 -2.7755575615628914e-17 0.7535918367346939 0 0 1 0.005 4 
-2.7755575615628914e-17 -2.7755575615628914e-17 0.7943265306122449 0 0 1 0.005 4 
-2.7755575615628914e-17 -2.7755575615628914e-17 0.8350612244897959 0 0 1 0.005 4 
-2.7755575615628914e-17 -2.7755575615628914e-17 0.8757959183673469 0 0 1 0.005 4 
-2.7755575615628914e-17 -2.7755575615628914e-17 0.916530612244898 0 0 1 0.005 4 
-2.7755575615628914e-17 -2.7755575615628914e-17 0.957265306122449 0 0 1 0.005 4 
-2.7755575615628914e-17 -2.7755575615628914e-17 0.998 0 0 1 0.005 4 
-2.7755575615628914e-17 0.3333333333333333 -0.998 0 0 1 0.005 5 
-2.7755575615628914e-17 0.3333333333333333 -0.957265306122449 0 0 1 0.005 5 
-2.7755575615628914e-17 0.3333333333333333 -0.916530612244898 0 0 1 0.005 5 
-2.7755575615628914e-17 0.3333333333333333 -0.8757959183673469 0 0 1 0.005 5 
-2.7755575615628914e-17 0.3333333333333333 -0.8350612244897959 0 0 1 0.005 5 
-2.7755575615628914e-17 0.3333333333333333 -0.7943265306122449 0 0 1 0.005 5 
-2.7755575615628914e-17 0.3333333333333333 -0.7535918367346939 0 0 1 0.005 5 
-2.7755575615628914e-17 0.3333333333333333 -0.7128571428571429 0 0 1 0.005 5 
-2.7755575615628914e-17 0.3333333333333333 -0.6721224489795918 0 0 1 0.005 5 
-2.7755575615628914e-17 0.3333333333333333 -0.6313877551020408 0 0 1 0.005 5 
-2.7755575615628914e-17 0.3333333333333333 -0.5906530612244898 0 0 1 0.005 5 
-2.7755575615628914e-17 0.3333333333333333 -0.5499183673469388 0 0 1 0.005 5 
-2.7755575615628914e-17 0.3333333333333333 -0.5091836734693878 0 0 1 0.005 5 
-2.7755575615628914e-17 0.3333333333333333 -0.46844897959183673 0 0 1 0.005 5 
-2.7755575615628914e-17 0.3333333333333333 -0.4277142857142857 0 0 1 0.005 5 
-2.7755575615628914e-17 0.3333333333333333 -0.3869795918367347 0 0 1 0.005 5 
-2.7755575615628914e-17 0.3333333333333333 -0.3462448979591837 0 0 1 0.005 5 
-2.7755575615628914e-17 0.3333333333333333 -0.30551020408163265 0 0 1 0.005 5 
-2.7755575615628914e-17 0.3333333333333333 -0.26477551020408163 0 0 1 0.005 5 
-2.7755575615628914e-17 0.3333333333333333 -0.2240408163265306 0 0 1 0.005 5 
-2.7755575615628914e-17 0.3333333333333333 -0.1833061224489796 0 0 1 0.005 5 
-2.7755575615628914e-17 0.3333333333333333 -0.14257142857142857 0 0 1 0.005 5 
-2.7755575615628914e-17 0.3333333333333333 -0.10183673469387755 0 0 1 0.005 5 
-2.7755575615628914e-17 0.3333333333333333 -0.06110204081632653 0 0 1 0.005 5 
-2.7755575615628914e-17 0.3333333333333333 -0.02036734693877551 0 0 1 0.005 5 
-2.7755575615628914e-17 0.3333333333333333 0.02036734693877551 0 0 1 0.005 5 
-2.7755575615628914e-17 0.3333333333333333 0.06110204081632653 0 0 1 0.005 5 
-2.7755575615628914e-17 0.3333333333333333 0.10183673469387755 0 0 1 0.005 5 
-2.7755575615628914e-17 0.3333333333333333 0.14257142857142857 0 0 1 0.005 5 
-2.7755575615628914e-17 0.3333333333333333 0.1833061224489796 0 0 1 0.005 5 
-2.7755575615628914e-17 0.3333333333333333 0.2240408163265306 0 0 1 0.005 5 
-2.7755575615628914e-17 0.3333333333333333 0.26477551020408163 0 0 1 0.005 5 
-2.7755575615628914e-17 0.3333333333333333 0.30551020408163265 0 0 1 0.005 5 
-2.7755575615628914e-17 0.3333333333333333 0.3462448979591837 0 0 1 0.005 5 
-2.7755575615628914e-17 0.3333333333333333 0.3869795918367347 0 0 1 0.005 5 
-2.7755575615628914e-17 0.3333333333333333 0.4277142857142857 0 0 1 0.005 5 
-2.7755575615628914e-17 0.3333333333333333 0.46844897959183673 0 0 1 0.005 5 
-2.7755575615628914e-17 0.3333333333333333 0.5091836734693878 0 0 1 0.005 5 
-2.7755575615628914e-17 0.3333333333333333 0.5499183673469388 0 0 1 0.005 5 
-2.7755575615628914e-17 0.3333333333333333 0.5906530612244898 0 0 1 0.005 5 
-2.7755575615628914e-17 0.3333333333333333 0.6313877551020408 0 0 1 0.005 5 
-2.7755575615628914e-17 0.3333333333333333 0.6721224489795918 0 0 1 0.005 5 
-2.7755575615628914e-17 0.3333333333333333 0.7128571428571429 0 0 1 0.005 5 
-2.7755575615628914e-17 0.3333333333333333 0.7535918367346939 0 0 1 0.005 5 
-2.7755575615628914e-17 0.3333333333333333 0.7943265306122449 0 0 1 0.005 5 
-2.7755575615628914e-17 0.3333333333333333 0.8350612244897959 0 0 1 0.005 5 
-2.7755575615628914e-17 0.3333333333333333 0.8757959183673469 0 0 1 0.005 5 
-2.7755575615628914e-17 0.3333333333333333 0.916530612244898 0 0 1 0.005 5 
-2.7755575615628914e-17 0.3333333333333333 0.957265306122449 0 0 1 0.005 5 
-2.7755575615628914e-17 0.3333333333333333 0.998 0 0 1 0.005 5 
0.3333333333333333 -0.33333333333333337 -0.998 0 0 1 0.005 6 
0.3333333333333333 -0.33333333333333337 -0.957265306122449 0 0 1 0.005 6 
0.3333333333333333 -0.33333333333333337 -0.916530612244898 0 0 1 0.005 6 
0.3333333333333333 -0.33333333333333337 -0.8757959183673469 0 0 1 0.005 6 
0.3333333333333333 -0.33333333333333337 -0.8350612244897959 0 0 1 0.005 6 
0.3333333333333333 -0.33333333333333337 -0.7943265306122449 0 0 1 0.005 6 
0.3333333333333333 -0.33333333333333337 -0.7535918367346939 0 0 1 0.005 6 
0.3333333333333333 -0.33333333333333337 -0.7128571428571429 0 0 1 0.005 6 
0.3333333333333333 -0.33333333333333337 -0.6721224489795918 0 0 1 0.005 6 
0.3333333333333333 -0.33333333333333337 -0.6313877551020408 0 0 1 0.005 6 
0.3333333333333333 -0.33333333333333337 -0.5906530612244898 0 0 1 0.005 6 
0.3333333333333333 -0.33333333333333337 -0.5499183673469388 0 0 1 0.005 6 
0.3333333333333333 -0.33333333333333337 -0.5091836734693878 0 0 1 0.005 6 
0.3333333333333333 -0.33333333333333337 -0.46844897959183673 0 0 1 0.005 6 
0.3333333333333333 -0.33333333333333337 -0.4277142857142857 0 0 1 0.005 6 
0.3333333333333333 -0.33333333333333337 -0.3869795918367347 0 0 1 0.005 6 
0.3333333333333333 -0.33333333333333337 -0.3462448979591837 0 0 1 0.005 6 
0.3333333333333333 -0.33333333333333337 -0.30551020408163265 0 0 1 0.005 6 
0.3333333333333333 -0.33333333333333337 -0.26477551020408163 0 0 1 0.005 6 
0.3333333333333333 -0.33333333333333337 -0.2240408163265306 0 0 1 0.005 6 
0.3333333333333333 -0.33333333333333337 -0.1833061224489796 0 0 1 0.005 6 
0.3333333333333333 -0.33333333333333337 -0.14257142857142857 0 0 1 0.005 6 
0.3333333333333333 -0.33333333333333337 -0.10183673469387755 0 0 1 0.005 6 
0.3333333333333333 -0.33333333333333337 -0.06110204081632653 0 0 1 0.005 6 
0.3333333333333333 -0.33333333333333337 -0.02036734693877551 0 0 1 0.005 6 
0.3333333333333333 -0.33333333333333337 0.02036734693877551 0 0 1 0.005 6 
0.3333333333333333 -0.33333333333333337 0.06110204081632653 0 0 1 0.005 6 
0.3333333333333333 -0.33333333333333337 0.10183673469387755 0 0 1 0.005 6 
0.3333333333333333 -0.33333333333333337 0.14257142857142857 0 0 1 0.005 6 
0.3333333333333333 -0.33333333333333337 0.1833061224489796 0 0 1 0.005 6 
0.3333333333333333 -0.33333333333333337 0.2240408163265306 0 0 1 0.005 6 
0.3333333333333333 -0.33333333333333337 0.26477551020408163 0 0 1 0.005 6 
0.3333333333333333 -0.33333333333333337 0.30551020408163265 0 0 1 0.005 6 
0.3333333333333333 -0.33333333333333337 0.3462448979591837 0 0 1 0.005 6 
0.3333333333333333 -0.33333333333333337 0.3869795918367347 0 0 1 0.005 6 
0.3333333333333333 -0.33333333333333337 0.4277142857142857 0 0 1 0.005 6 
0.3333333333333333 -0.33333333333333337 0.46844897959183673 0 0 1 0.005 6 
0.3333333333333333 -0.33333333333333337 0.5091836734693878 0 0 1 0.005 6 
0.3333333333333333 -0.33333333333333337 0.5499183673469388 0 0 1 0.005 6 
0.3333333333333333 -0.33333333333333337 0.5906530612244898 0 0 1 0.005 6 
0.3333333333333333 -0.33333333333333337 0.6313877551020408 0 0 1 0.005 6 
0.3333333333333333 -0.33333333333333337 0.6721224489795918 0 0 1 0.005 6 
0.3333333333333333 -0.33333333333333337 0.7128571428571429 0 0 1 0.005 6 
0.3333333333333333 -0.33333333333333337 0.7535918367346939 0 0 1 0.005 6 
0.3333333333333333 -0.33333333333333337 0.7943265306122449 0 0 1 0.005 6 
0.3333333333333333 -0.33333333333333337 0.8350612244897959 0 0 1 0.005 6 
0.3333333333333333 -0.33333333333333337 0.8757959183673469 0 0 1 0.005 6 
0.3333333333333333 -0.33333333333333337 0.916530612244898 0 0 1 0.005 6 
0.3333333333333333 -0.33333333333333337 0.957265306122449 0 0 1 0.005 6 
0.3333333333333333 -0.33333333333333337 0.998 0 0 1 0.005 6 
0.3333333333333333 -2.7755575615628914e-17 -0.998 0 0 1 0.005 7 
0.3333333333333333 -2.7755575615628914e-17 -0.957265306122449 0 0 1 0.005 7 
0.3333333333333333 -2.7755575615628914e-17 -0.916530612244898 0 0 1 0.005 7 
0.3333333333333333 -2.7755575615628914e-17 -0.8757959183673469 0 0 1 0.005 7 
0.3333333333333333 -2.7755575615628914e-17 -0.8350612244897959 0 0 1 0.005 7 
0.3333333333333333 -2.7755575615628914e-17 -0.7943265306122449 0 0 1 0.005 7 
0.3333333333333333 -2.7755575615628914e-17 -0.7535918367346939 0 0 1 0.005 7 
0.3333333333333333 -2.7755575615628914e-17 -0.7128571428571429 0 0 1 0.005 7 
0.3333333333333333 -2.7755575615628914e-17 -0.6721224489795918 0 0 1 0.005 7 
0.3333333333333333 -2.7755575615628914e-17 -0.6313877551020408 0 0 1 0.005 7 
0.3333333333333333 -2.7755575615628914e-17 -0.5906530612244898 0 0 1 0.005 7 
0.3333333333333333 -2.7755575615628914e-17 -0.5499183673469388 0 0 1 0.005 7 
0.3333333333333333 -2.7755575615628914e-17 -0.5091836734693878 0 0 1 0.005 7 
0.3333333333333333 -2.7755575615628914e-17 -0.46844897959183673 0 0 1 0.005 7 
0.3333333333333333 -2.7755575615628914e-17 -0.4277142857142857 0 0 1 0.005 7 
0.3333333333333333 -2.7755575615628914e-17 -0.3869795918367347 0 0 1 0.005 7 
0.3333333333333333 -2.7755575615628914e-17 -0.3462448979591837 0 0 1 0.005 7 
0.3333333333333333 -2.7755575615628914e-17 -0.30551020408163265 0 0 1 0.005 7 
0.3333333333333333 -2.7755575615628914e-17 -0.26477551020408163 0 0 1 0.005 7 
0.3333333333333333 -2.7755575615628914e-17 -0.2240408163265306 0 0 1 0.005 7 
0.3333333333333333 -2.7755575615628914e-17 -0.1833061224489796 0 0 1 0.005 7 
0.3333333333333333 -2.7755575615628914e-17 -0.14257142857142857 0 0 1 0.005 7 
0.3333333333333333 -2.7755575615628914e-17 -0.10183673469387755 0 0 1 0.005 7 
0.3333333333333333 -2.7755575615628914e-17 -0.06110204081632653 0 0 1 0.005 7 
0.3333333333333333 -2.7755575615628914e-17 -0.02036734693877551 0 0 1 0.005 7 
0.3333333333333333 -2.7755575615628914e-17 0.02036734693877551 0 0 1 0.005 7 
0.3333333333333333 -2.7755575615628914e-17 0.06110204081632653 0 0 1 0.005 7 
0.3333333333333333 -2.7755575615628914e-17 0.10183673469387755 0 0 1 0.005 7 
0.3333333333333333 -2.7755575615628914e-17 0.14257142857142857 0 0 1 0.005 7 
0.3333333333333333 -2.7755575615628914e-17 0.1833061224489796 0 0 1 0.005 7 
0.3333333333333333 -2.7755575615628914e-17 0.2240408163265306 0 0 1 0.005 7 
0.3333333333333333 -2.7755575615628914e-17 0.26477551020408163 0 0 1 0.005 7 
0.3333333333333333 -2.7755575615628914e-17 0.30551020408163265 0 0 1 0.005 7 
0.3333333333333333 -2.7755575615628914e-17 0.3462448979591837 0 0 1 0.005 7 
0.3333333333333333 -2.7755575615628914e-17 0.3869795918367347 0 0 1 0.005 7 
0.3333333333333333 -2.7755575615628914e-17 0.4277142857142857 0 0 1 0.005 7 
0.3333333333333333 -2.7755575615628914e-17 0.46844897959183673 0 0 1 0.005 7 
0.3333333333333333 -2.7755575615628914e-17 0.5091836734693878 0 0 1 0.005 7 
0.3333333333333333 -2.7755575615628914e-17 0.5499183673469388 0 0 1 0.005 7 
0.3333333333333333 -2.7755575615628914e-17 0.5906530612244898 0 0 1 0.005 7 
0.3333333333333333 -2.7755575615628914e-17 0.6313877551020408 0 0 1 0.005 7 
0.3333333333333333 -2.7755575615628914e-17 0.6721224489795918 0 0 1 0.005 7 
0.3333333333333333 -2.7755575615628914e-17 0.7128571428571429 0 0 1 0.005 7 
0.3333333333333333 -2.7755575615628914e-17 0.7535918367346939 0 0 1 0.005 7 
0.3333333333333333 -2.7755575615628914e-17 0.7943265306122449 0 0 1 0.005 7 
0.3333333333333333 -2.7755575615628914e-17 0.8350612244897959 0 0 1 0.005 7 
0.3333333333333333 -2.7755575615628914e-17 0.8757959183673469 0 0 1 0.005 7 
0.3333333333333333 -2.7755575615628914e-17 0.916530612244898 0 0 1 0.005 7 
0.3333333333333333 -2.7755575615628914e-17 0.957265306122449 0 0 1 0.005 7 
0.3333333333333333 -2.7755575615628914e-17 0.998 0 0 1 0.005 7 
0.3333333333333333 0.3333333333333333 -0.998 0 0 1 0.005 8 
0.3333333333333333 0.3333333333333333 -0.957265306122449 0 0 1 0.005 8 
0.3333333333333333 0.3333333333333333 -0.916530612244898 0 0 1 0.005 8 
0.3333333333333333 0.3333333333333333 -0.8757959183673469 0 0 1 0.005 8 
0.3333333333333333 0.3333333333333333 -0.8350612244897959 0 0 1 0.005 8 
0.3333333333333333 0.3333333333333333 -0.7943265306122449 0 0 1 0.005 8 
0.3333333333333333 0.3333333333333333 -0.7535918367346939 0 0 1 0.005 8 
0.3333333333333333 0.3333333333333333 -0.7128571428571429 0 0 1 0.005 8 
0.3333333333333333 0.3333333333333333 -0.6721224489795918 0 0 1 0.005 8 
0.3333333333333333 0.3333333333333333 -0.6313877551020408 0 0 1 0.005 8 
0.3333333333333333 0.3333333333333333 -0.5906530612244898 0 0 1 0.005 8 
0.3333333333333333 0.3333333333333333 -0.5499183673469388 0 0 1 0.005 8 
0.3333333333333333 0.3333333333333333 -0.5091836734693878 0 0 1 0.005 8 
0.3333333333333333 0.3333333333333333 -0.46844897959183673 0 0 1 0.005 8 
0.3333333333333333 0.3333333333333333 -0.4277142857142857 0 0 1 0.005 8 
0.3333333333333333 0.3333333333333333 -0.3869795918367347 0 0 1 0.005 8 
0.3333333333333333 0.3333333333333333 -0.3462448979591837 0 0 1 0.005 8 
0.3333333333333333 0.3333333333333333 -0.30551020408163265 0 0 1 0.005 8 
0.3333333333333333 0.3333333333333333 -0.26477551020408163 0 0 1 0.005 8 
0.3333333333333333 0.3333333333333333 -0.2240408163265306 0 0 1 0.005 8 
0.3333333333333333 0.3333333333333333 -0.1833061224489796 0 0 1 0.005 8 
0.3333333333333333 0.3333333333333333 -0.14257142857142857 0 0 1 0.005 8 
0.3333333333333333 0.3333333333333333 -0.10183673469387755 0 0 1 0.005 8 
0.3333333333333333 0.3333333333333333 -0.06110204081632653 0 0 1 0.005 8 
0.3333333333333333 0.3333333333333333 -0.02036734693877551 0 0 1 0.005 8 
0.3333333333333333 0.3333333333333333 0.02036734693877551 0 0 1 0.005 8 
0.3333333333333333 0.3333333333333333 0.06110204081632653 0 0 1 0.005 8 
0.3333333333333333 0.3333333333333333 0.10183673469387755 0 0 1 0.005 8 
0.3333333333333333 0.3333333333333333 0.14257142857142857 0 0 1 0.005 8 
0.3333333333333333 0.3333333333333333 0.1833061224489796 0 0 1 0.005 8 
0.3333333333333333 0.3333333333333333 0.2240408163265306 0 0 1 0.005 8 
0.3333333333333333 0.3333333333333333 0.26477551020408163 0 0 1 0.005 8 
0.3333333333333333 0.3333333333333333 0.30551020408163265 0 0 1 0.005 8 
0.3333333333333333 0.3333333333333333 0.3462448979591837 0 0 1 0.005 8 
0.3333333333333333 0.3333333333333333 0.3869795918367347 0 0 1 0.005 8 
0.3333333333333333 0.3333333333333333 0.4277142857142857 0 0 1 0.005 8 
0.3333333333333333 0.3333333333333333 0.46844897959183673 0 0 1 0.005 8 
0.3333333333333333 0.3333333333333333 0.5091836734693878 0 0 1 0.005 8 
0.3333333333333333 0.3333333333333333 0.5499183673469388 0 0 1 0.005 8 
0.3333333333333333 0.3333333333333333 0.5906530612244898 0 0 1 0.005 8 
0.3333333333333333 0.3333333333333333 0.6313877551020408 0 0 1 0.005 8 
0.3333333333333333 0.3333333333333333 0.6721224489795918 0 0 1 0.005 8 
0.3333333333333333 0.3333333333333333 0.7128571428571429 0 0 1 0.005 8 
0.3333333333333333 0.3333333333333333 0.7535918367346939 0 0 1 0.005 8 
0.3333333333333333 0.3333333333333333 0.7943265306122449 0 0 1 0.005 8 
0.3333333333333333 0.3333333333333333 0.8350612244897959 0 0 1 0.005 8 
0.3333333333333333 0.3333333333333333 0.8757959183673469 0 0 1 0.005 8 
0.3333333333333333 0.3333333333333333 0.916530612244898 0 0 1 0.005 8 
0.3333333333333333 0.3333333333333333 0.957265306122449 0 0 1 0.005 8 
0.3333333333333333 0.3333333333333333 0.998 0 0 1 0.005 8 
-0.75 -0.75 -0.998 0 0 1 0.005 9 
-0.75 -0.75 -0.957265306122449 0 0 1 0.005 9 
-0.75 -0.75 -0.916530612244898 0 0 1 0.005 9 
-0.75 -0.75 -0.8757959183673469 0 0 1 0.005 9 
-0.75 -0.75 -0.8350612244897959 0 0 1 0.005 9 
-0.75 -0.75 -0.7943265306122449 0 0 1 0.005 9 
-0.75 -0.75 -0.7535918367346939 0 0 1 0.005 9 
-0.75 -0.75 -0.7128571428571429 0 0 1 0.005 9 
-0.75 -0.75 -0.6721224489795918 0 0 1 0.005 9 
-0.75 -0.75 -0.6313877551020408 0 0 1 0.005 9 
-0.75 -0.75 -0.5906530612244898 0 0 1 0.005 9 
-0.75 -0.75 -0.5499183673469388 0 0 1 0.005 9 
-0.75 -0.75 -0.5091836734693878 0 0 1 0.005 9 
-0.75 -0.75 -0.46844897959183673 0 0 1 0.005 9 
-0.75 -0.75 -0.4277142857142857 0 0 1 0.005 9 
-0.75 -0.75 -0.3869795918367347 0 0 1 0.005 9 
-0.75 -0.75 -0.3462448979591837 0 0 1 0.005 9 
-0.75 -0.75 -0.30551020408163265 0 0 1 0.005 9 
-0.75 -0.75 -0.26477551020408163 0 0 1 0.005 9 
-0.75 -0.75 -0.2240408163265306 0 0 1 0.005 9 
-0.75 -0.75 -0.1833061224489796 0 0 1 0.005 9 
-0.75 -0.75 -0.14257142857142857 0 0 1 0.005 9 
-0.75 -0.75 -0.10183673469387755 0 0 1 0.005 9 
-0.75 -0.75 -0.06110204081632653 0 0 1 0.005 9 
-0.75 -0.75 -0.02036734693877551 0 0 1 0.005 9 
-0.75 -0.75 0.02036734693877551 0 0 1 0.005 9 
-0.75 -0.75 0.06110204081632653 0 0 1 0.005 9 
-0.75 -0.75 0.10183673469387755 0 0 1 0.005 9 
-0.75 -0.75 0.14257142857142857 0 0 1 0.005 9 
-0.75 -0.75 0.1833061224489796 0 0 1 0.005 9 
-0.75 -0.75 0.2240408163265306 0 0 1 0.005 9 
-0.75 -0.75 0.26477551020408163 0 0 1 0.005 9 
-0.75 -0.75 0.30551020408163265 0 0 1 0.005 9 
-0.75 -0.75 0.3462448979591837 0 0 1 0.005 9 
-0.75 -0.75 0.3869795918367347 0 0 1 0.005 9 
-0.75 -0.75 0.4277142857142857 0 0 1 0.005 9 
-0.75 -0.75 0.46844897959183673 0 0 1 0.005 9 
-0.75 -0.75 0.5091836734693878 0 0 1 0.005 9 
-0.75 -0.75 0.5499183673469388 0 0 1 0.005 9 
-0.75 -0.75 0.5906530612244898 0 0 1 0.005 9 
-0.75 -0.75 0.6313877551020408 0 0 1 0.005 9 
-0.75 -0.75 0.6721224489795918 0 0 1 0.005 9 
-0.75 -0.75 0.7128571428571429 0 0 1 0.005 9 
-0.75 -0.75 0.7535918367346939 0 0 1 0.005 9 
-0.75 -0.75 0.7943265306122449 0 0 1 0.005 9 
-0.75 -0.75 0.8350612244897959 0 0 1 0.005 9 
-0.75 -0.75 0.8757959183673469 0 0 1 0.005 9 
-0.75 -0.75 0.916530612244898 0 0 1 0.005 9 
-0.75 -0.75 0.957265306122449 0 0 1 0.005 9 
-0.75 -0.75 0.998 0 0 1 0.005 9 
-0.75 -0.25 -0.998 0 0 1 0.005 10 
-0.75 -0.25 -0.957265306122449 0 0 1 0.005 10 
-0.75 -0.25 -0.916530612244898 0 0 1 0.005 10 
-0.75 -0.25 -0.8757959183673469 0 0 1 0.005 10 
-0.75 -0.25 -0.8350612244897959 0 0 1 0.005 10 
-0.75 -0.25 -0.7943265306122449 0 0 1 0.005 10 
-0.75 -0.25 -0.7535918367346939 0 0 1 0.005 10 
-0.75 -0.25 -0.7128571428571429 0 0 1 0.005 10 
-0.75 -0.25 -0.6721224489795918 0 0 1 0.005 10 
-0.75 -0.25 -0.6313877551020408 0 0 1 0.005 10 
-0.75 -0.25 -0.5906530612244898 0 0 1 0.005 10 
-0.75 -0.25 -0.5499183673469388 0 0 1 0.005 10 
-0.75 -0.25 -0.5091836734693878 0 0 1 0.005 10 
-0.75 -0.25 -0.46844897959183673 0 0 1 0.005 10 
-0.75 -0.25 -0.4277142857142857 0 0 1 0.005 10 
-0.75 -0.25 -0.3869795918367347 0 0 1 0.005 10 
-0.75 -0.25 -0.3462448979591837 0 0 1 0.005 10 
-0.75 -0.25 -0.30551020408163265 0 0 1 0.005 10 
-0.75 -0.25 -0.26477551020408163 0 0 1 0.005 10 
-0.75 -0.25 -0.2240408163265306 0 0 1 0.005 10 
-0.75 -0.25 -0.1833061224489796 0 0 1 0.005 10 
-0.75 -0.25 -0.14257142857142857 0 0 1 0.005 10 
-0.75 -0.25 -0.10183673469387755 0 0 1 0.005 10 
-0.75 -0.25 -0.06110204081632653 0 0 1 0.005 10 
-0.75 -0.25 -0.02036734693877551 0 0 1 0.005 10 
-0.75 -0.25 0.02036734693877551 0 0 1 0.005 10 
-0.75 -0.25 0.06110204081632653 0 0 1 0.005 10 
-0.75 -0.25 0.10183673469387755 0 0 1 0.005 10 
-0.75 -0.25 0.14257142857142857 0 0 1 0.005 10 
-0.75 -0.25 0.1833061224489796 0 0 1 0.005 10 
-0.75 -0.25 0.2240408163265306 0 0 1 0.005 10 
-0.75 -0.25 0.26477551020408163 0 0 1 0.005 10 
-0.75 -0.25 0.30551020408163265 0 0 1 0.005 10 
-0.75 -0.25 0.3462448979591837 0 0 1 0.005 10 
-0.75 -0.25 0.3869795918367347 0 0 1 0.005 10 
-0.75 -0.25 0.4277142857142857 0 0 1 0.005 10 
-0.75 -0.25 0.46844897959183673 0 0 1 0.005 10 
-0.75 -0.25 0.5091836734693878 0 0 1 0.005 10 
-0.75 -0.25 0.5499183673469388 0 0 1 0.005 10 
-0.75 -0.25 0.5906530612244898 0 0 1 0.005 10 
-0.75 -0.25 0.6313877551020408 0 0 1 0.005 10 
-0.75 -0.25 0.6721224489795918 0 0 1 0.005 10 
-0.75 -0.25 0.7128571428571429 0 0 1 0.005 10 
-0.75 -0.25 0.7535918367346939 0 0 1 0.005 10 
-0.75 -0.25 0.7943265306122449 0 0 1 0.005 10 
-0.75 -0.25 0.8350612244897959 0 0 1 0.005 10 
-0.75 -0.25 0.8757959183673469 0 0 1 0.005 10 
-0.75 -0.25 0.916530612244898 0 0 1 0.005 10 
-0.75 -0.25 0.957265306122449 0 0 1 0.005 10 
-0.75 -0.25 0.998 0 0 1 0.005 10 
-0.75 0.25 -0.998 0 0 1 0.005 11 
-0.75 0.25 -0.957265306122449 0 0 1 0.005 11 
-0.75 0.25 -0.916530612244898 0 0 1 0.005 11 
-0.75 0.25 -0.8757959183673469 0 0 1 0.005 11 
-0.75 0.25 -0.8350612244897959 0 0 1 0.005 11 
-0.75 0.25 -0.7943265306122449 0 0 1 0.005 11 
-0.75 0.25 -0.7535918367346939 0 0 1 0.005 11 
-0.75 0.25 -0.7128571428571429 0 0 1 0.005 11 
-0.75 0.25 -0.6721224489795918 0 0 1 0.005 11 
-0.75 0.25 -0.6313877551020408 0 0 1 0.005 11 
-0.75 0.25 -0.5906530612244898 0 0 1 0.005 11 
-0.75 0.25 -0.5499183673469388 0 0 1 0.005 11 
-0.75 0.25 -0.5091836734693878 0 0 1 0.005 11 
-0.75 0.25 -0.46844897959183673 0 0 1 0.005 11 
-0.75 0.25 -0.4277142857142857 0 0 1 0.005 11 
-0.75 0.25 -0.3869795918367347 0 0 1 0.005 11 
-0.75 0.25 -0.3462448979591837 0 0 1 0.005 11 
-0.75 0.25 -0.30551020408163265 0 0 1 0.005 11 
-0.75 0.25 -0.26477551020408163 0 0 1 0.005 11 
-0.75 0.25 -0.2240408163265306 0 0 1 0.005 11 
-0.75 0.25 -0.1833061224489796 0 0 1 0.005 11 
-0.75 0.25 -0.14257142857142857 0 0 1 0.005 11 
-0.75 0.25 -0.10183673469387755 0 0 1 0.005 11 
-0.75 0.25 -0.06110204081632653 0 0 1 0.005 11 
-0.75 0.25 -0.02036734693877551 0 0 1 0.005 11 
-0.75 0.25 0.02036734693877551 0 0 1 0.005 11 
-0.75 0.25 0.06110204081632653 0 0 1 0.005 11 
-0.75 0.25 0.10183673469387755 0 0 1 0.005 11 
-0.75 0.25 0.14257142857142857 0 0 1 0.005 11 
-0.75 0.25 0.1833061224489796 0 0 1 0.005 11 
-0.75 0.25 0.2240408163265306 0 0 1 0.005 11 
-0.75 0.25 0.26477551020408163 0 0 1 0.005 11 
-0.75 0.25 0.30551020408163265 0 0 1 0.005 11 
-0.75 0.25 0.3462448979591837 0 0 1 0.005 11 
-0.75 0.25 0.3869795918367347 0 0 1 0.005 11 
-0.75 0.25 0.4277142857142857 0 0 1 0.005 11 
-0.75 0.25 0.46844897959183673 0 0 1 0.005 11 
-0.75 0.25 0.5091836734693878 0 0 1 0.005 11 
-0.75 0.25 0.5499183673469388 0 0 1 0.005 11 
-0.75 0.25 0.5906530612244898 0 0 1 0.005 11 
-0.75 0.25 0.6313877551020408 0 0 1 0.005 11 
-0.75 0.25 0.6721224489795918 0 0 1 0.005 11 
-0.75 0.25 0.7128571428571429 0 0 1 0.005 11 
-0.75 0.25 0.7535918367346939 0 0 1 0.005 11 
-0.75 0.25 0.7943265306122449 0 0 1 0.005 11 
-0.75 0.25 0.8350612244897959 0 0 1 0.005 11 
-0.75 0.25 0.8757959183673469 0 0 1 0.005 11 
-0.75 0.25 0.916530612244898 0 0 1 0.005 11 
-0.75 0.25 0.957265306122449 0 0 1 0.005 11 
-0.75 0.25 0.998 0 0 1 0.005 11 
-0.75 0.75 -0.998 0 0 1 0.005 12 
-0.75 0.75 -0.957265306122449 0 0 1 0.005 12 
-0.75 0.75 -0.916530612244898 0 0 1 0.005 12 
-0.75 0.75 -0.8757959183673469 0 0 1 0.005 12 
-0.75 0.75 -0.8350612244897959 0 0 1 0.005 12 
-0.75 0.75 -0.7943265306122449 0 0 1 0.005 12 
-0.75 0.75 -0.7535918367346939 0 0 1 0.005 12 
-0.75 0.75 -0.7128571428571429 0 0 1 0.005 12 
-0.75 0.75 -0.6721224489795918 0 0 1 0.005 12 
-0.75 0.75 -0.6313877551020408 0 0 1 0.005 12 
-0.75 0.75 -0.5906530612244898 0 0 1 0.005 12 
-0.75 0.75 -0.5499183673469388 0 0 1 0.005 12 
-0.75 0.75 -0.5091836734693878 0 0 1 0.005 12 
-0.75 0.75 -0.46844897959183673 0 0 1 0.005 12 
-0.75 0.75 -0.4277142857142857 0 0 1 0.005 12 
-0.75 0.75 -0.3869795918367347 0 0 1 0.005 12 
-0.75 0.75 -0.3462448979591837 0 0 1 0.005 12 
-0.75 0.75 -0.30551020408163265 0 0 1 0.005 12 
-0.75 0.75 -0.26477551020408163 0 0 1 0.005 12 
-0.75 0.75 -0.2240408163265306 0 0 1 0.005 12 
-0.75 0.75 -0.1833061224489796 0 0 1 0.005 12 
-0.75 0.75 -0.14257142857142857 0 0 1 0.005 12 
-0.75 0.75 -0.10183673469387755 0 0 1 0.005 12 
-0.75 0.75 -0.06110204081632653 0 0 1 0.005 12 
-0.75 0.75 -0.02036734693877551 0 0 1 0.005 12 
-0.75 0.75 0.02036734693877551 0 0 1 0.005 12 
-0.75 0.75 0.06110204081632653 0 0 1 0.005 12 
-0.75 0.75 0.10183673469387755 0 0 1 0.005 12 
-0.75 0.75 0.14257142857142857 0 0 1 0.005 12 
-0.75 0.75 0.1833061224489796 0 0 1 0.005 12 
-0.75 0.75 0.2240408163265306 0 0 1 0.005 12 
-0.75 0.75 0.26477551020408163 0 0 1 0.005 12 
-0.75 0.75 0.30551020408163265 0 0 1 0.005 12 
-0.75 0.75 0.3462448979591837 0 0 1 0.005 12 
-0.75 0.75 0.3869795918367347 0 0 1 0.005 12 
-0.75 0.75 0.4277142857142857 0 0 1 0.005 12 
-0.75 0.75 0.46844897959183673 0 0 1 0.005 12 
-0.75 0.75 0.5091836734693878 0 0 1 0.005 12 
-0.75 0.75 0.5499183673469388 0 0 1 0.005 12 
-0.75 0.75 0.5906530612244898 0 0 1 0.005 12 
-0.75 0.75 0.6313877551020408 0 0 1 0.005 12 
-0.75 0.75 0.6721224489795918 0 0 1 0.005 12 
-0.75 0.75 0.7128571428571429 0 0 1 0.005 12 
-0.75 0.75 0.7535918367346939 0 0 1 0.005 12 
-0.75 0.75 0.7943265306122449 0 0 1 0.005 12 
-0.75 0.75 0.8350612244897959 0 0 1 0.005 12 
-0.75 0.75 0.8757959183673469 0 0 1 0.005 12 
-0.75 0.75 0.916530612244898 0 0 1 0.005 12 
-0.75 0.75 0.957265306122449 0 0 1 0.005 12 
-0.75 0.75 0.998 0 0 1 0.005 12 
0.75 -0.75 -0.998 0 0 1 0.005 13 
0.75 -0.75 -0.957265306122449 0 0 1 0.005 13 
0.75 -0.75 -0.916530612244898 0 0 1 0.005 13 
0.75 -0.75 -0.8757959183673469 0 0 1 0.005 13 
0.75 -0.75 -0.8350612244897959 0 0 1 0.005 13 
0.75 -0.75 -0.7943265306122449 0 0 1 0.005 13 
0.75 -0.75 -0.7535918367346939 0 0 1 0.005 13 
0.75 -0.75 -0.7128571428571429 0 0 1 0.005 13 
0.75 -0.75 -0.6721224489795918 0 0 1 0.005 13 
0.75 -0.75 -0.6313877551020408 0 0 1 0.005 13 
0.75 -0.75 -0.5906530612244898 0 0 1 0.005 13 
0.75 -0.75 -0.5499183673469388 0 0 1 0.005 13 
0.75 -0.75 -0.5091836734693878 0 0 1 0.005 13 
0.75 -0.75 -0.46844897959183673 0 0 1 0.005 13 
0.75 -0.75 -0.4277142857142857 0 0 1 0.005 13 
0.75 -0.75 -0.3869795918367347 0 0 1 0.005 13 
0.75 -0.75 -0.3462448979591837 0 0 1 0.005 13 
0.75 -0.75 -0.30551020408163265 0 0 1 0.005 13 
0.75 -0.75 -0.26477551020408163 0 0 1 0.005 13 
0.75 -0.75 -0.2240408163265306 0 0 1 0.005 13 
0.75 -0.75 -0.1833061224489796 0 0 1 0.005 13 
0.75 -0.75 -0.14257142857142857 0 0 1 0.005 13 
0.75 -0.75 -0.10183673469387755 0 0 1 0.005 13 
0.75 -0.75 -0.06110204081632653 0 0 1 0.005 13 
0.75 -0.75 -0.02036734693877551 0 0 1 0.005 13 
0.75 -0.75 0.02036734693877551 0 0 1 0.005 13 
0.75 -0.75 0.06110204081632653 0 0 1 0.005 13 
0.75 -0.75 0.10183673469387755 0 0 1 0.005 13 
0.75 -0.75 0.14257142857142857 0 0 1 0.005 13 
0.75 -0.75 0.1833061224489796 0 0 1 0.005 13 
0.75 -0.75 0.2240408163265306 0 0 1 0.005 13 
0.75 -0.75 0.26477551020408163 0 0 1 0.005 13 
0.75 -0.75 0.30551020408163265 0 0 1 0.005 13 
0.75 -0.75 0.3462448979591837 0 0 1 0.005 13 
0.75 -0.75 0.3869795918367347 0 0 1 0.005 13 
0.75 -0.75 0.4277142857142857 0 0 1 0.005 13 
0.75 -0.75 0.46844897959183673 0 0 1 0.005 13 
0.75 -0.75 0.5091836734693878 0 0 1 0.005 13 
0.75 -0.75 0.5499183673469388 0 0 1 0.005 13 
0.75 -0.75 0.5906530612244898 0 0 1 0.005 13 
0.75 -0.75 0.6313877551020408 0 0 1 0.005 13 
0.75 -0.75 0.6721224489795918 0 0 1 0.005 13 
0.75 -0.75 0.7128571428571429 0 0 1 0.005 13 
0.75 -0.75 0.7535918367346939 0 0 1 0.005 13 
0.75 -0.75 0.7943265306122449 0 0 1 0.005 13 
0.75 -0.75 0.8350612244897959 0 0 1 0.005 13 
0.75 -0.75 0.8757959183673469 0 0 1 0.005 13 
0.75 -0.75 0.916530612244898 0 0 1 0.005 13 
0.75 -0.75 0.957265306122449 0 0 1 0.005 13 
0.75 -0.75 0.998 0 0 1 0.005 13 
0.75 -0.25 -0.998 0 0 1 0.005 14 
0.75 -0.25 -0.957265306122449 0 0 1 0.005 14 
0.75 -0.25 -0.916530612244898 0 0 1 0.005 14 
0.75 -0.25 -0.8757959183673469 0 0 1 0.005 14 
0.75 -0.25 -0.8350612244897959 0 0 1 0.005 14 
0.75 -0.25 -0.7943265306122449 0 0 1 0.005 14 
0.75 -0.25 -0.7535918367346939 0 0 1 0.005 14 
0.75 -0.25 -0.7128571428571429 0 0 1 0.005 14 
0.75 -0.25 -0.6721224489795918 0 0 1 0.005 14 
0.75 -0.25 -0.6313877551020408 0 0 1 0.005 14 
0.75 -0.25 -0.5906530612244898 0 0 1 0.005 14 
0.75 -0.25 -0.5499183673469388 0 0 1 0.005 14 
0.75 -0.25 -0.5091836734693878 0 0 1 0.005 14 
0.75 -0.25 -0.46844897959183673 0 0 1 0.005 14 
0.75 -0.25 -0.4277142857142857 0 0 1 0.005 14 
0.75 -0.25 -0.3869795918367347 0 0 1 0.005 14 
0.75 -0.25 -0.3462448979591837 0 0 1 0.005 14 
0.75 -0.25 -0.30551020408163265 0 0 1 0.005 14 
0.75 -0.25 -0.26477551020408163 0 0 1 0.005 14 
0.75 -0.25 -0.2240408163265306 0 0 1 0.005 14 
0.75 -0.25 -0.1833061224489796 0 0 1 0.005 14 
0.75 -0.25 -0.14257142857142857 0 0 1 0.005 14 
0.75 -0.25 -0.10183673469387755 0 0 1 0.005 14 
0.75 -0.25 -0.06110204081632653 0 0 1 0.005 14 
0.75 -0.25 -0.02036734693877551 0 0 1 0.005 14 
0.75 -0.25 0.02036734693877551 0 0 1 0.005 14 
0.75 -0.25 0.06110204081632653 0 0 1 0.005 14 
0.75 -0.25 0.10183673469387755 0 0 1 0.005 14 
0.75 -0.25 0.14257142857142857 0 0 1 0.005 14 
0.75 -0.25 0.1833061224489796 0 0 1 0.005 14 
0.75 -0.25 0.2240408163265306 0 0 1 0.005 14 
0.75 -0.25 0.26477551020408163 0 0 1 0.005 14 
0.75 -0.25 0.30551020408163265 0 0 1 0.005 14 
0.75 -0.25 0.3462448979591837 0 0 1 0.005 14 
0.75 -0.25 0.3869795918367347 0 0 1 0.005 14 
0.75 -0.25 0.4277142857142857 0 0 1 0.005 14 
0.75 -0.25 0.46844897959183673 0 0 1 0.005 14 
0.75 -0.25 0.5091836734693878 0 0 1 0.005 14 
0.75 -0.25 0.5499183673469388 0 0 1 0.005 14 
0.75 -0.25 0.5906530612244898 0 0 1 0.005 14 
0.75 -0.25 0.6313877551020408 0 0 1 0.005 14 
0.75 -0.25 0.6721224489795918 0 0 1 0.005 14 
0.75 -0.25 0.7128571428571429 0 0 1 0.005 14 
0.75 -0.25 0.7535918367346939 0 0 1 0.005 14 
0.75 -0.25 0.7943265306122449 0 0 1 0.005 14 
0.75 -0.25 0.8350612244897959 0 0 1 0.005 14 
0.75 -0.25 0.8757959183673469 0 0 1 0.005 14 
0.75 -0.25 0.916530612244898 0 0 1 0.005 14 
0.75 -0.25 0.957265306122449 0 0 1 0.005 14 
0.75 -0.25 0.998 0 0 1 0.005 14 
0.75 0.25 -0.998 0 0 1 0.005 15 
0.75 0.25 -0.957265306122449 0 0 1 0.005 15 
0.75 0.25 -0.916530612244898 0 0 1 0.005 15 
0.75 0.25 -0.8757959183673469 0 0 1 0.005 15 
0.75 0.25 -0.8350612244897959 0 0 1 0.005 15 
0.75 0.25 -0.7943265306122449 0 0 1 0.005 15 
0.75 0.25 -0.7535918367346939 0 0 1 0.005 15 
0.75 0.25 -0.7128571428571429 0 0 1 0.005 15 
0.75 0.25 -0.6721224489795918 0 0 1 0.005 15 
0.75 0.25 -0.6313877551020408 0 0 1 0.005 15 
0.75 0.25 -0.5906530612244898 0 0 1 0.005 15 
0.75 0.25 -0.5499183673469388 0 0 1 0.005 15 
0.75 0.25 -0.5091836734693878 0 0 1 0.005 15 
0.75 0.25 -0.46844897959183673 0 0 1 0.005 15 
0.75 0.25 -0.4277142857142857 0 0 1 0.005 15 
0.75 0.25 -0.3869795918367347 0 0 1 0.005 15 
0.75 0.25 -0.3462448979591837 0 0 1 0.005 15 
0.75 0.25 -0.30551020408163265 0 0 1 0.005 15 
0.75 0.25 -0.26477551020408163 0 0 1 0.005 15 
0.75 0.25 -0.2240408163265306 0 0 1 0.005 15 
0.75 0.25 -0.1833061224489796 0 0 1 0.005 15 
0.75 0.25 -0.14257142857142857 0 0 1 0.005 15 
0.75 0.25 -0.10183673469387755 0 0 1 0.005 15 
0.75 0.25 -0.06110204081632653 0 0 1 0.005 15 
0.75 0.25 -0.02036734693877551 0 0 1 0.005 15 
0.75 0.25 0.02036734693877551 0 0 1 0.005 15 
0.75 0.25 0.06110204081632653 0 0 1 0.005 15 
0.75 0.25 0.10183673469387755 0 0 1 0.005 15 
0.75 0.25 0.14257142857142857 0 0 1 0.005 15 
0.75 0.25 0.1833061224489796 0 0 1 0.005 15 
0.75 0.25 0.2240408163265306 0 0 1 0.005 15 
0.75 0.25 0.26477551020408163 0 0 1 0.005 15 
0.75 0.25 0.30551020408163265 0 0 1 0.005 15 
0.75 0.25 0.3462448979591837 0 0 1 0.005 15 
0.75 0.25 0.3869795918367347 0 0 1 0.005 15 
0.75 0.25 0.4277142857142857 0 0 1 0.005 15 
0.75 0.25 0.46844897959183673 0 0 1 0.005 15 
0.75 0.25 0.5091836734693878 0 0 1 0.005 15 
0.75 0.25 0.5499183673469388 0 0 1 0.005 15 
0.75 0.25 0.5906530612244898 0 0 1 0.005 15 
0.75 0.25 0.6313877551020408 0 0 1 0.005 15 
0.75 0.25 0.6721224489795918 0 0 1 0.005 15 
0.75 0.25 0.7128571428571429 0 0 1 0.005 15 
0.75 0.25 0.7535918367346939 0 0 1 0.005 15 
0.75 0.25 0.7943265306122449 0 0 1 0.005 15 
0.75 0.25 0.8350612244897959 0 0 1 0.005 15 
0.75 0.25 0.8757959183673469 0 0 1 0.005 15 
0.75 0.25 0.916530612244898 0 0 1 0.005 15 
0.75 0.25 0.957265306122449 0 0 1 0.005 15 
0.75 0.25 0.998 0 0 1 0.005 15 
0.75 0.75 -0.998 0 0 1 0.005 16 
0.75 0.75 -0.957265306122449 0 0 1 0.005 16 
0.75 0.75 -0.916530612244898 0 0 1 0.005 16 
0.75 0.75 -0.8757959183673469 0 0 1 0.005 16 
0.75 0.75 -0.8350612244897959 0 0 1 0.005 16 
0.75 0.75 -0.7943265306122449 0 0 1 0.005 16 
0.75 0.75 -0.7535918367346939 0 0 1 0.005 16 
0.75 0.75 -0.7128571428571429 0 0 1 0.005 16 
0.75 0.75 -0.6721224489795918 0 0 1 0.005 16 
0.75 0.75 -0.6313877551020408 0 0 1 0.005 16 
0.75 0.75 -0.5906530612244898 0 0 1 0.005 16 
0.75 0.75 -0.5499183673469388 0 0 1 0.005 16 
0.75 0.75 -0.5091836734693878 0 0 1 0.005 16 
0.75 0.75 -0.46844897959183673 0 0 1 0.005 16 
0.75 0.75 -0.4277142857142857 0 0 1 0.005 16 
0.75 0.75 -0.3869795918367347 0 0 1 0.005 16 
0.75 0.75 -0.3462448979591837 0 0 1 0.005 16 
0.75 0.75 -0.30551020408163265 0 0 1 0.005 16 
0.75 0.75 -0.26477551020408163 0 0 1 0.005 16 
0.75 0.75 -0.2240408163265306 0 0 1 0.005 16 
0.75 0.75 -0.1833061224489796 0 0 1 0.005 16 
0.75 0.75 -0.14257142857142857 0 0 1 0.005 16 
0.75 0.75 -0.10183673469387755 0 0 1 0.005 16 
0.75 0.75 -0.06110204081632653 0 0 1 0.005 16 
0.75 0.75 -0.02036734693877551 0 0 1 0.005 16 
0.75 0.75 0.02036734693877551 0 0 1 0.005 16 
0.75 0.75 0.06110204081632653 0 0 1 0.005 16 
0.75 0.75 0.10183673469387755 0 0 1 0.005 16 
0.75 0.75 0.14257142857142857 0 0 1 0.005 16 
0.75 0.75 0.1833061224489796 0 0 1 0.005 16 
0.75 0.75 0.2240408163265306 0 0 1 0.005 16 
0.75 0.75 0.26477551020408163 0 0 1 0.005 16 
0.75 0.75 0.30551020408163265 0 0 1 0.005 16 
0.75 0.75 0.3462448979591837 0 0 1 0.005 16 
0.75 0.75 0.3869795918367347 0 0 1 0.005 16 
0.75 0.75 0.4277142857142857 0 0 1 0.005 16 
0.75 0.75 0.46844897959183673 0 0 1 0.005 16 
0.75 0.75 0.5091836734693878 0 0 1 0.005 16 
0.75 0.75 0.5499183673469388 0 0 1 0.005 16 
0.75 0.75 0.5906530612244898 0 0 1 0.005 16 
0.75 0.75 0.6313877551020408 0 0 1 0.005 16 
0.75 0.75 0.6721224489795918 0 0 1 0.005 16 
0.75 0.75 0.7128571428571429 0 0 1 0.005 16 
0.75 0.75 0.7535918367346939 0 0 1 0.005 16 
0.75 0.75 0.7943265306122449 0 0 1 0.005 16 
0.75 0.75 0.8350612244897959 0 0 1 0.005 16 
0.75 0.75 0.8757959183673469 0 0 1 0.005 16 
0.75 0.75 0.916530612244898 0 0 1 0.005 16 
0.75 0.75 0.957265306122449 0 0 1 0.005 16 
0.75 0.75 0.998 0 0 1 0.005 16 
-0.25 -0.75 -0.998 0 0 1 0.005 17 
-0.25 -0.75 -0.957265306122449 0 0 1 0.005 17 
-0.25 -0.75 -0.916530612244898 0 0 1 0.005 17 
-0.25 -0.75 -0.8757959183673469 0 0 1 0.005 17 
-0.25 -0.75 -0.8350612244897959 0 0 1 0.005 17 
-0.25 -0.75 -0.7943265306122449 0 0 1 0.005 17 
-0.25 -0.75 -0.7535918367346939 0 0 1 0.005 17 
-0.25 -0.75 -0.7128571428571429 0 0 1 0.005 17 
-0.25 -0.75 -0.6721224489795918 0 0 1 0.005 17 
-0.25 -0.75 -0.6313877551020408 0 0 1 0.005 17 
-0.25 -0.75 -0.5906530612244898 0 0 1 0.005 17 
-0.25 -0.75 -0.5499183673469388 0 0 1 0.005 17 
-0.25 -0.75 -0.5091836734693878 0 0 1 0.005 17 
-0.25 -0.75 -0.46844897959183673 0 0 1 0.005 17 
-0.25 -0.75 -0.4277142857142857 0 0 1 0.005 17 
-0.25 -0.75 -0.3869795918367347 0 0 1 0.005 17 
-0.25 -0.75 -0.3462448979591837 0 0 1 0.005 17 
-0.25 -0.75 -0.30551020408163265 0 0 1 0.005 17 
-0.25 -0.75 -0.26477551020408163 0 0 1 0.005 17 
-0.25 -0.75 -0.2240408163265306 0 0 1 0.005 17 
-0.25 -0.75 -0.1833061224489796 0 0 1 0.005 17 
-0.25 -0.75 -0.14257142857142857 0 0 1 0.005 17 
-0.25 -0.75 -0.10183673469387755 0 0 1 0.005 17 
-0.25 -0.75 -0.06110204081632653 0 0 1 0.005 17 
-0.25 -0.75 -0.02036734693877551 0 0 1 0.005 17 
-0.25 -0.75 0.02036734693877551 0 0 1 0.005 17 
-0.25 -0.75 0.06110204081632653 0 0 1 0.005 17 
-0.25 -0.75 0.10183673469387755 0 0 1 0.005 17 
-0.25 -0.75 0.14257142857142857 0 0 1 0.005 17 
-0.25 -0.75 0.1833061224489796 0 0 1 0.005 17 
-0.25 -0.75 0.2240408163265306 0 0 1 0.005 17 
-0.25 -0.75 0.26477551020408163 0 0 1 0.005 17 
-0.25 -0.75 0.30551020408163265 0 0 1 0.005 17 
-0.25 -0.75 0.3462448979591837 0 0 1 0.005 17 
-0.25 -0.75 0.3869795918367347 0 0 1 0.005 17 
-0.25 -0.75 0.4277142857142857 0 0 1 0.005 17 
-0.25 -0.75 0.46844897959183673 0 0 1 0.005 17 
-0.25 -0.75 0.5091836734693878 0 0 1 0.005 17 
-0.25 -0.75 0.5499183673469388 0 0 1 0.005 17 
-0.25 -0.75 0.5906530612244898 0 0 1 0.005 17 
-0.25 -0.75 0.6313877551020408 0 0 1 0.005 17 
-0.25 -0.75 0.6721224489795918 0 0 1 0.005 17 
-0.25 -0.75 0.7128571428571429 0 0 1 0.005 17 
-0.25 -0.75 0.7535918367346939 0 0 1 0.005 17 
-0.25 -0.75 0.7943265306122449 0 0 1 0.005 17 
-0.25 -0.75 0.8350612244897959 0 0 1 0.005 17 
-0.25 -0.75 0.8757959183673469 0 0 1 0.005 17 
-0.25 -0.75 0.916530612244898 0 0 1 0.005 17 
-0.25 -0.75 0.957265306122449 0 0 1 0.005 17 
-0.25 -0.75 0.998 0 0 1 0.005 17 
0.25 -0.75 -0.998 0 0 1 0.005 18 
0.25 -0.75 -0.957265306122449 0 0 1 0.005 18 
0.25 -0.75 -0.916530612244898 0 0 1 0.005 18 
0.25 -0.75 -0.8757959183673469 0 0 1 0.005 18 
0.25 -0.75 -0.8350612244897959 0 0 1 0.005 18 
0.25 -0.75 -0.7943265306122449 0 0 1 0.005 18 
0.25 -0.75 -0.7535918367346939 0 0 1 0.005 18 
0.25 -0.75 -0.7128571428571429 0 0 1 0.005 18 
0.25 -0.75 -0.6721224489795918 0 0 1 0.005 18 
0.25 -0.75 -0.6313877551020408 0 0 1 0.005 18 
0.25 -0.75 -0.5906530612244898 0 0 1 0.005 18 
0.25 -0.75 -0.5499183673469388 0 0 1 0.005 18 
0.25 -0.75 -0.5091836734693878 0 0 1 0.005 18 
0.25 -0.75 -0.46844897959183673 0 0 1 0.005 18 
0.25 -0.75 -0.4277142857142857 0 0 1 0.005 18 
0.25 -0.75 -0.3869795918367347 0 0 1 0.005 18 
0.25 -0.75 -0.3462448979591837 0 0 1 0.005 18 
0.25 -0.75 -0.30551020408163265 0 0 1 0.005 18 
0.25 -0.75 -0.26477551020408163 0 0 1 0.005 18 
0.25 -0.75 -0.2240408163265306 0 0 1 0.005 18 
0.25 -0.75 -0.1833061224489796 0 0 1 0.005 18 
0.25 -0.75 -0.14257142857142857 0 0 1 0.005 18 
0.25 -0.75 -0.10183673469387755 0 0 1 0.005 18 
0.25 -0.75 -0.06110204081632653 0 0 1 0.005 18 
0.25 -0.75 -0.02036734693877551 0 0 1 0.005 18 
0.25 -0.75 0.02036734693877551 0 0 1 0.005 18 
0.25 -0.75 0.06110204081632653 0 0 1 0.005 18 
0.25 -0.75 0.10183673469387755 0 0 1 0.005 18 
0.25 -0.75 0.14257142857142857 0 0 1 0.005 18 
0.25 -0.75 0.1833061224489796 0 0 1 0.005 18 
0.25 -0.75 0.2240408163265306 0 0 1 0.005 18 
0.25 -0.75 0.26477551020408163 0 0 1 0.005 18 
0.25 -0.75 0.30551020408163265 0 0 1 0.005 18 
0.25 -0.75 0.3462448979591837 0 0 1 0.005 18 
0.25 -0.75 0.3869795918367347 0 0 1 0.005 18 
0.25 -0.75 0.4277142857142857 0 0 1 0.005 18 
0.25 -0.75 0.46844897959183673 0 0 1 0.005 18 
0.25 -0.75 0.5091836734693878 0 0 1 0.005 18 
0.25 -0.75 0.5499183673469388 0 0 1 0.005 18 
0.25 -0.75 0.5906530612244898 0 0 1 0.005 18 
0.25 -0.75 0.6313877551020408 0 0 1 0.005 18 
0.25 -0.75 0.6721224489795918 0 0 1 0.005 18 
0.25 -0.75 0.7128571428571429 0 0 1 0.005 18 
0.25 -0.75 0.7535918367346939 0 0 1 0.005 18 
0.25 -0.75 0.7943265306122449 0 0 1 0.005 18 
0.25 -0.75 0.8350612244897959 0 0 1 0.005 18 
0.25 -0.75 0.8757959183673469 0 0 1 0.005 18 
0.25 -0.75 0.916530612244898 0 0 1 0.005 18 
0.25 -0.75 0.957265306122449 0 0 1 0.005 18 
0.25 -0.75 0.998 0 0 1 0.005 18 
-0.25 0.75 -0.998 0 0 1 0.005 19 
-0.25 0.75 -0.957265306122449 0 0 1 0.005 19 
-0.25 0.75 -0.916530612244898 0 0 1 0.005 19 
-0.25 0.75 -0.8757959183673469 0 0 1 0.005 19 
-0.25 0.75 -0.8350612244897959 0 0 1 0.005 19 
-0.25 0.75 -0.7943265306122449 0 0 1 0.005 19 
-0.25 0.75 -0.7535918367346939 0 0 1 0.005 19 
-0.25 0.75 -0.7128571428571429 0 0 1 0.005 19 
-0.25 0.75 -0.6721224489795918 0 0 1 0.005 19 
-0.25 0.75 -0.6313877551020408 0 0 1 0.005 19 
-0.25 0.75 -0.5906530612244898 0 0 1 0.005 19 
-0.25 0.75 -0.5499183673469388 0 0 1 0.005 19 
-0.25 0.75 -0.5091836734693878 0 0 1 0.005 19 
-0.25 0.75 -0.46844897959183673 0 0 1 0.005 19 
-0.25 0.75 -0.4277142857142857 0 0 1 0.005 19 
-0.25 0.75 -0.3869795918367347 0 0 1 0.005 19 
-0.25 0.75 -0.3462448979591837 0 0 1 0.005 19 
-0.25 0.75 -0.30551020408163265 0 0 1 0.005 19 
-0.25 0.75 -0.26477551020408163 0 0 1 0.005 19 
-0.25 0.75 -0.2240408163265306 0 0 1 0.005 19 
-0.25 0.75 -0.1833061224489796 0 0 1 0.005 19 
-0.25 0.75 -0.14257142857142857 0 0 1 0.005 19 
-0.25 0.75 -0.10183673469387755 0 0 1 0.005 19 
-0.25 0.75 -0.06110204081632653 0 0 1 0.005 19 
-0.25 0.75 -0.02036734693877551 0 0 1 0.005 19 
-0.25 0.75 0.02036734693877551 0 0 1 0.005 19 
-0.25 0.75 0.06110204081632653 0 0 1 0.005 19 
-0.25 0.75 0.10183673469387755 0 0 1 0.005 19 
-0.25 0.75 0.14257142857142857 0 0 1 0.005 19 
-0.25 0.75 0.1833061224489796 0 0 1 0.005 19 
-0.25 0.75 0.2240408163265306 0 0 1 0.005 19 
-0.25 0.75 0.26477551020408163 0 0 1 0.005 19 
-0.25 0.75 0.30551020408163265 0 0 1 0.005 19 
-0.25 0.75 0.3462448979591837 0 0 1 0.005 19 
-0.25 0.75 0.3869795918367347 0 0 1 0.005 19 
-0.25 0.75 0.4277142857142857 0 0 1 0.005 19 
-0.25 0.75 0.46844897959183673 0 0 1 0.005 19 
-0.25 0.75 0.5091836734693878 0 0 1 0.005 19 
-0.25 0.75 0.5499183673469388 0 0 1 0.005 19 
-0.25 0.75 0.5906530612244898 0 0 1 0.005 19 
-0.25 0.75 0.6313877551020408 0 0 1 0.005 19 
-0.25 0.75 0.6721224489795918 0 0 1 0.005 19 
-0.25 0.75 0.7128571428571429 0 0 1 0.005 19 
-0.25 0.75 0.7535918367346939 0 0 1 0.005 19 
-0.25 0.75 0.7943265306122449 0 0 1 0.005 19 
-0.25 0.75 0.8350612244897959 0 0 1 0.005 19 
-0.25 0.75 0.8757959183673469 0 0 1 0.005 19 
-0.25 0.75 0.916530612244898 0 0 1 0.005 19 
-0.25 0.75 0.957265306122449 0 0 1 0.005 19 
-0.25 0.75 0.998 0 0 1 0.005 19 
0.25 0.75 -0.998 0 0 1 0.005 20 
0.25 0.75 -0.957265306122449 0 0 1 0.005 20 
0.25 0.75 -0.916530612244898 0 0 1 0.005 20 
0.25 0.75 -0.8757959183673469 0 0 1 0.005 20 
0.25 0.75 -0.8350612244897959 0 0 1 0.005 20 
0.25 0.75 -0.7943265306122449 0 0 1 0.005 20 
0.25 0.75 -0.7535918367346939 0 0 1 0.005 20 
0.25 0.75 -0.7128571428571429 0 0 1 0.005 20 
0.25 0.75 -0.6721224489795918 0 0 1 0.005 20 
0.25 0.75 -0.6313877551020408 0 0 1 0.005 20 
0.25 0.75 -0.5906530612244898 0 0 1 0.005 20 
0.25 0.75 -0.5499183673469388 0 0 1 0.005 20 
0.25 0.75 -0.5091836734693878 0 0 1 0.005 20 
0.25 0.75 -0.46844897959183673 0 0 1 0.005 20 
0.25 0.75 -0.4277142857142857 0 0 1 0.005 20 
0.25 0.75 -0.3869795918367347 0 0 1 0.005 20 
0.25 0.75 -0.3462448979591837 0 0 1 0.005 20 
0.25 0.75 -0.30551020408163265 0 0 1 0.005 20 
0.25 0.75 -0.26477551020408163 0 0 1 0.005 20 
0.25 0.75 -0.2240408163265306 0 0 1 0.005 20 
0.25 0.75 -0.1833061224489796 0 0 1 0.005 20 
0.25 0.75 -0.14257142857142857 0 0 1 0.005 20 
0.25 0.75 -0.10183673469387755 0 0 1 0.005 20 
0.25 0.75 -0.06110204081632653 0 0 1 0.005 20 
0.25 0.75 -0.02036734693877551 0 0 1 0.005 20 
0.25 0.75 0.02036734693877551 0 0 1 0.005 20 
0.25 0.75 0.06110204081632653 0 0 1 0.005 20 
0.25 0.75 0.10183673469387755 0 0 1 0.005 20 
0.25 0.75 0.14257142857142857 0 0 1 0.005 20 
0.25 0.75 0.1833061224489796 0 0 1 0.005 20 
0.25 0.75 0.2240408163265306 0 0 1 0.005 20 
0.25 0.75 0.26477551020408163 0 0 1 0.005 20 
0.25 0.75 0.30551020408163265 0 0 1 0.005 20 
0.25 0.75 0.3462448979591837 0 0 1 0.005 20 
0.25 0.75 0.3869795918367347 0 0 1 0.005 20 
0.25 0.75 0.4277142857142857 0 0 1 0.005 20 
0.25 0.75 0.46844897959183673 0 0 1 0.005 20 
0.25 0.75 0.5091836734693878 0 0 1 0.005 20 
0.25 0.75 0.5499183673469388 0 0 1 0.005 20 
0.25 0.75 0.5906530612244898 0 0 1 0.005 20 
0.25 0.75 0.6313877551020408 0 0 1 0.005 20 
0.25 0.75 0.6721224489795918 0 0 1 0.005 20 
0.25 0.75 0.7128571428571429 0 0 1 0.005 20 
0.25 0.75 0.7535918367346939 0 0 1 0.005 20 
0.25 0.75 0.7943265306122449 0 0 1 0.005 20 
0.25 0.75 0.8350612244897959 0 0 1 0.005 20 
0.25 0.75 0.8757959183673469 0 0 1 0.005 20 
0.25 0.75 0.916530612244898 0 0 1 0.005 20 
0.25 0.75 0.957265306122449 0 0 1 0.005 20 
0.25 0.75 0.998 0 0 1 0.005 20 
