0.01 0.000541787
0.02 0.000540546
0.03 0.000537858
0.04 0.000535258
0.05 0.000532862
0.06 0.000530832
0.07 0.000529853
0.08 0.000530709
0.09 0.000533796
0.1 0.000539009
0.11 0.000545901
0.12 0.000553951
0.13 0.000562621
0.14 0.00057147
0.15 0.000580131
0.16 0.000588322
0.17 0.000595849
0.18 0.000602588
0.19 0.000608478
0.2 0.000613482
0.21 0.000617578
0.22 0.00062077
0.23 0.000623081
0.24 0.000624541
0.25 0.000625208
0.26 0.000625174
0.27 0.000624558
0.28 0.00062351
0.29 0.000622196
0.3 0.000620767
0.31 0.000619335
0.32 0.000617979
0.33 0.000616742
0.34 0.00061564
0.35 0.000614669
0.36 0.000613808
0.37 0.00061303
0.38 0.000612299
0.39 0.000611569
0.4 0.000610766
0.41 0.000609731
0.42 0.000608147
0.43 0.000605597
0.44 0.000601905
0.45 0.000597538
0.46 0.00059339
0.47 0.000590075
0.48 0.000587716
0.49 0.00058614
0.5 0.000585101
0.51 0.00058439
0.52 0.000583849
0.53 0.000583375
0.54 0.000582909
0.55 0.000582412
0.56 0.000581869
0.57 0.00058127
0.58 0.000580612
0.59 0.000579898
0.6 0.000579136
0.61 0.000578332
0.62 0.000577496
0.63 0.000576634
0.64 0.000575753
0.65 0.000574856
0.66 0.000573944
0.67 0.000573018
0.68 0.000572073
0.69 0.000571104
0.7 0.000570106
0.71 0.000569072
0.72 0.000567996
0.73 0.000566872
0.74 0.000565696
0.75 0.000564465
0.76 0.000563177
0.77 0.000561833
0.78 0.000560434
0.79 0.000558983
0.8 0.000557486
0.81 0.000555947
0.82 0.000554374
0.83 0.000552773
0.84 0.000551153
0.85 0.00054952
0.86 0.000547883
0.87 0.000546249
0.88 0.000544625
0.89 0.000543018
0.9 0.000541434
0.91 0.000539877
0.92 0.000538352
0.93 0.000536863
0.94 0.000535412
0.95 0.000534001
0.96 0.000532632
0.97 0.000531306
0.98 0.000530022
0.99 0.00052878
1 0.00052758
