0.01 0.000541256
0.02 0.000540011
0.03 0.000537328
0.04 0.000534733
0.05 0.000532342
0.06 0.000530312
0.07 0.000529311
0.08 0.000530122
0.09 0.000533149
0.1 0.000538296
0.11 0.000545125
0.12 0.000553102
0.13 0.000561727
0.14 0.00057054
0.15 0.000579175
0.16 0.000587348
0.17 0.000594863
0.18 0.000601596
0.19 0.000607484
0.2 0.000612489
0.21 0.000616589
0.22 0.000619789
0.23 0.000622109
0.24 0.00062358
0.25 0.000624261
0.26 0.000624241
0.27 0.000623639
0.28 0.000622603
0.29 0.0006213
0.3 0.000619878
0.31 0.000618451
0.32 0.000617098
0.33 0.000615863
0.34 0.000614763
0.35 0.000613793
0.36 0.000612933
0.37 0.000612156
0.38 0.000611426
0.39 0.000610699
0.4 0.000609901
0.41 0.000608875
0.42 0.00060731
0.43 0.000604786
0.44 0.000601121
0.45 0.000596778
0.46 0.000592643
0.47 0.00058933
0.48 0.000586965
0.49 0.00058538
0.5 0.000584334
0.51 0.000583618
0.52 0.000583075
0.53 0.000582601
0.54 0.000582136
0.55 0.000581641
0.56 0.000581101
0.57 0.000580505
0.58 0.00057985
0.59 0.00057914
0.6 0.000578382
0.61 0.000577582
0.62 0.000576749
0.63 0.000575892
0.64 0.000575014
0.65 0.000574121
0.66 0.000573213
0.67 0.00057229
0.68 0.000571349
0.69 0.000570385
0.7 0.000569391
0.71 0.000568362
0.72 0.000567291
0.73 0.000566172
0.74 0.000565002
0.75 0.000563777
0.76 0.000562495
0.77 0.000561157
0.78 0.000559765
0.79 0.000558321
0.8 0.00055683
0.81 0.000555299
0.82 0.000553732
0.83 0.000552138
0.84 0.000550525
0.85 0.000548899
0.86 0.000547268
0.87 0.000545641
0.88 0.000544023
0.89 0.000542423
0.9 0.000540844
0.91 0.000539293
0.92 0.000537773
0.93 0.000536289
0.94 0.000534843
0.95 0.000533437
0.96 0.000532073
0.97 0.000530751
0.98 0.000529472
0.99 0.000528235
1 0.000527039
