0.01 0.000541256
0.02 0.000540011
0.03 0.000537328
0.04 0.000534733
0.05 0.000532342
0.06 0.000530312
0.07 0.000529311
0.08 0.000530122
0.09 0.000533149
0.1 0.000538296
0.11 0.000545125
0.12 0.000553145
0.13 0.000561771
0.14 0.000570586
0.15 0.000579223
0.16 0.000587398
0.17 0.000594915
0.18 0.000601649
0.19 0.000607538
0.2 0.000612544
0.21 0.000616646
0.22 0.000619846
0.23 0.000622166
0.24 0.000623638
0.25 0.000624319
0.26 0.000624299
0.27 0.000623697
0.28 0.000622661
0.29 0.000621357
0.3 0.000619935
0.31 0.000618507
0.32 0.000617154
0.33 0.000615919
0.34 0.000614819
0.35 0.000613848
0.36 0.000612988
0.37 0.000612211
0.38 0.000611481
0.39 0.000610754
0.4 0.000609956
0.41 0.00060893
0.42 0.000607364
0.43 0.000604839
0.44 0.000601174
0.45 0.00059683
0.46 0.000592694
0.47 0.00058938
0.48 0.000587015
0.49 0.000585429
0.5 0.000584383
0.51 0.000583667
0.52 0.000583124
0.53 0.00058265
0.54 0.000582184
0.55 0.00058169
0.56 0.000581149
0.57 0.000580553
0.58 0.000579898
0.59 0.000579188
0.6 0.000578429
0.61 0.00057763
0.62 0.000576797
0.63 0.000575939
0.64 0.000575061
0.65 0.000574168
0.66 0.00057326
0.67 0.000572337
0.68 0.000571395
0.69 0.000570431
0.7 0.000569437
0.71 0.000568407
0.72 0.000567336
0.73 0.000566218
0.74 0.000565047
0.75 0.000563821
0.76 0.000562539
0.77 0.000561201
0.78 0.000559809
0.79 0.000558364
0.8 0.000556874
0.81 0.000555342
0.82 0.000553775
0.83 0.000552181
0.84 0.000550567
0.85 0.000548941
0.86 0.00054731
0.87 0.000545682
0.88 0.000544064
0.89 0.000542463
0.9 0.000540884
0.91 0.000539333
0.92 0.000537813
0.93 0.000536329
0.94 0.000534882
0.95 0.000533476
0.96 0.000532112
0.97 0.00053079
0.98 0.00052951
0.99 0.000528272
1 0.000527076
