0.001 0.000528284
0.002 0.000531702
0.003 0.00053437
0.004 0.000536467
0.005 0.000538049
0.006 0.000539201
0.007 0.000540031
0.008 0.000540614
0.009 0.000541004
0.01 0.000541241
0.011 0.00054136
0.012 0.000541387
0.013 0.000541342
0.014 0.000541242
0.015 0.000541099
0.016 0.000540922
0.017 0.000540719
0.018 0.000540497
0.019 0.000540259
0.02 0.000540011
0.021 0.000539754
0.022 0.000539492
0.023 0.000539225
0.024 0.000538956
0.025 0.000538685
0.026 0.000538413
0.027 0.000538142
0.028 0.000537871
0.029 0.0005376
0.03 0.000537331
0.031 0.000537064
0.032 0.000536797
0.033 0.000536533
0.034 0.000536271
0.035 0.00053601
0.036 0.000535752
0.037 0.000535495
0.038 0.000535241
0.039 0.000534988
0.04 0.000534738
0.041 0.000534489
0.042 0.000534243
0.043 0.000533998
0.044 0.000533756
0.045 0.000533516
0.046 0.000533278
0.047 0.000533042
0.048 0.000532808
0.049 0.000532577
0.05 0.000532347
0.051 0.000532121
0.052 0.0005319
0.053 0.000531682
0.054 0.000531468
0.055 0.000531258
0.056 0.000531053
0.057 0.000530858
0.058 0.000530671
0.059 0.00053049
0.06 0.000530316
0.061 0.000530153
0.062 0.000530004
0.063 0.000529869
0.064 0.000529745
0.065 0.000529631
0.066 0.000529533
0.067 0.000529454
0.068 0.000529392
0.069 0.000529346
0.07 0.000529314
0.071 0.0005293
0.072 0.00052931
0.073 0.00052934
0.074 0.000529389
0.075 0.000529455
0.076 0.000529543
0.077 0.000529656
0.078 0.000529791
0.079 0.000529948
0.08 0.000530124
0.081 0.000530323
0.082 0.000530547
0.083 0.000530796
0.084 0.000531066
0.085 0.000531357
0.086 0.00053167
0.087 0.000532008
0.088 0.000532368
0.089 0.00053275
0.09 0.000533153
0.091 0.000533577
0.092 0.000534024
0.093 0.000534491
0.094 0.000534978
0.095 0.000535486
0.096 0.000536012
0.097 0.000536557
0.098 0.000537121
0.099 0.000537703
0.1 0.000538302
0.101 0.000538919
0.102 0.00053955
0.103 0.000540198
0.104 0.000540861
0.105 0.00054154
0.106 0.000542234
0.107 0.000542939
0.108 0.000543657
0.109 0.000544389
0.11 0.000545134
0.111 0.00054589
0.112 0.000546656
0.113 0.000547431
0.114 0.000548217
0.115 0.000549015
0.116 0.000549821
0.117 0.000550633
0.118 0.000551453
0.119 0.00055228
0.12 0.000553117
0.121 0.00055396
0.122 0.000554807
0.123 0.000555658
0.124 0.000556515
0.125 0.000557379
0.126 0.000558246
0.127 0.000559115
0.128 0.000559987
0.129 0.000560862
0.13 0.000561741
0.131 0.000562622
0.132 0.000563502
0.133 0.000564382
0.134 0.000565264
0.135 0.000566149
0.136 0.000567033
0.137 0.000567914
0.138 0.000568794
0.139 0.000569674
0.14 0.000570554
0.141 0.000571432
0.142 0.000572306
0.143 0.000573177
0.144 0.000574045
0.145 0.000574913
0.146 0.000575777
0.147 0.000576635
0.148 0.000577489
0.149 0.00057834
0.15 0.000579187
0.151 0.00058003
0.152 0.000580867
0.153 0.000581697
0.154 0.000582523
0.155 0.000583345
0.156 0.000584161
0.157 0.00058497
0.158 0.000585772
0.159 0.000586568
0.16 0.000587359
0.161 0.000588144
0.162 0.00058892
0.163 0.000589689
0.164 0.000590451
0.165 0.000591207
0.166 0.000591956
0.167 0.000592696
0.168 0.000593429
0.169 0.000594154
0.17 0.000594872
0.171 0.000595582
0.172 0.000596284
0.173 0.000596977
0.174 0.000597662
0.175 0.00059834
0.176 0.00059901
0.177 0.000599671
0.178 0.000600323
0.179 0.000600967
0.18 0.000601603
0.181 0.000602231
0.182 0.000602849
0.183 0.000603459
0.184 0.00060406
0.185 0.000604654
0.186 0.000605238
0.187 0.000605814
0.188 0.00060638
0.189 0.000606938
0.19 0.000607488
0.191 0.000608029
0.192 0.00060856
0.193 0.000609083
0.194 0.000609597
0.195 0.000610102
0.196 0.000610598
0.197 0.000611085
0.198 0.000611562
0.199 0.000612031
0.2 0.000612491
0.201 0.000612942
0.202 0.000613373
0.203 0.000613808
0.204 0.00061423
0.205 0.000614644
0.206 0.000615049
0.207 0.000615445
0.208 0.000615831
0.209 0.000616209
0.21 0.000616578
0.211 0.000616938
0.212 0.000617289
0.213 0.000617631
0.214 0.000617963
0.215 0.000618288
0.216 0.000618603
0.217 0.000618909
0.218 0.000619206
0.219 0.000619495
0.22 0.000619774
0.221 0.000620046
0.222 0.000620308
0.223 0.000620561
0.224 0.000620805
0.225 0.000621042
0.226 0.000621269
0.227 0.000621488
0.228 0.000621698
0.229 0.000621899
0.23 0.000622092
0.231 0.000622277
0.232 0.000622453
0.233 0.000622621
0.234 0.00062278
0.235 0.000622931
0.236 0.000623073
0.237 0.000623208
0.238 0.000623334
0.239 0.000623452
0.24 0.000623562
0.241 0.000623664
0.242 0.000623759
0.243 0.000623845
0.244 0.000623924
0.245 0.000623995
0.246 0.000624059
0.247 0.000624115
0.248 0.000624164
0.249 0.000624206
0.25 0.000624241
0.251 0.000624268
0.252 0.000624289
0.253 0.000624303
0.254 0.000624311
0.255 0.000624311
0.256 0.000624306
0.257 0.000624294
0.258 0.000624275
0.259 0.000624251
0.26 0.000624221
0.261 0.000624184
0.262 0.000624143
0.263 0.000624095
0.264 0.000624042
0.265 0.000623984
0.266 0.00062392
0.267 0.000623852
0.268 0.000623779
0.269 0.000623701
0.27 0.000623619
0.271 0.000623532
0.272 0.000623441
0.273 0.000623346
0.274 0.000623247
0.275 0.000623145
0.276 0.000623038
0.277 0.000622929
0.278 0.000622817
0.279 0.000622701
0.28 0.000622583
0.281 0.000622462
0.282 0.000622338
0.283 0.000622213
0.284 0.000622085
0.285 0.000621955
0.286 0.000621822
0.287 0.000621689
0.288 0.000621554
0.289 0.000621418
0.29 0.00062128
0.291 0.00062114
0.292 0.000621001
0.293 0.00062086
0.294 0.000620718
0.295 0.000620576
0.296 0.000620432
0.297 0.000620289
0.298 0.000620146
0.299 0.000620002
0.3 0.000619858
0.301 0.000619714
0.302 0.000619569
0.303 0.000619426
0.304 0.000619282
0.305 0.000619139
0.306 0.000618995
0.307 0.000618853
0.308 0.000618712
0.309 0.000618571
0.31 0.00061843
0.311 0.00061829
0.312 0.000618152
0.313 0.000618014
0.314 0.000617877
0.315 0.000617741
0.316 0.000617606
0.317 0.000617472
0.318 0.00061734
0.319 0.000617208
0.32 0.000617078
0.321 0.000616948
0.322 0.00061682
0.323 0.000616694
0.324 0.000616568
0.325 0.000616444
0.326 0.000616321
0.327 0.000616199
0.328 0.000616079
0.329 0.00061596
0.33 0.000615843
0.331 0.000615727
0.332 0.000615612
0.333 0.000615498
0.334 0.000615386
0.335 0.000615276
0.336 0.000615166
0.337 0.000615058
0.338 0.000614952
0.339 0.000614847
0.34 0.000614743
0.341 0.00061464
0.342 0.000614539
0.343 0.000614439
0.344 0.00061434
0.345 0.000614242
0.346 0.000614146
0.347 0.000614051
0.348 0.000613957
0.349 0.000613864
0.35 0.000613773
0.351 0.000613682
0.352 0.000613593
0.353 0.000613504
0.354 0.000613417
0.355 0.000613331
0.356 0.000613245
0.357 0.000613161
0.358 0.000613077
0.359 0.000612995
0.36 0.000612913
0.361 0.000612832
0.362 0.000612752
0.363 0.000612673
0.364 0.000612594
0.365 0.000612516
0.366 0.000612439
0.367 0.000612362
0.368 0.000612286
0.369 0.000612211
0.37 0.000612136
0.371 0.000612061
0.372 0.000611987
0.373 0.000611914
0.374 0.000611841
0.375 0.000611768
0.376 0.000611695
0.377 0.000611623
0.378 0.000611551
0.379 0.000611479
0.38 0.000611407
0.381 0.000611335
0.382 0.000611263
0.383 0.000611191
0.384 0.000611119
0.385 0.000611047
0.386 0.000610974
0.387 0.000610901
0.388 0.000610828
0.389 0.000610754
0.39 0.00061068
0.391 0.000610605
0.392 0.000610529
0.393 0.000610452
0.394 0.000610375
0.395 0.000610297
0.396 0.000610217
0.397 0.000610136
0.398 0.000610052
0.399 0.000609968
0.4 0.000609882
0.401 0.000609794
0.402 0.000609704
0.403 0.00060961
0.404 0.000609513
0.405 0.000609414
0.406 0.000609312
0.407 0.000609205
0.408 0.000609093
0.409 0.000608977
0.41 0.000608858
0.411 0.000608733
0.412 0.000608602
0.413 0.000608463
0.414 0.000608319
0.415 0.000608169
0.416 0.000608012
0.417 0.000607845
0.418 0.00060767
0.419 0.000607486
0.42 0.000607294
0.421 0.000607093
0.422 0.000606879
0.423 0.000606655
0.424 0.00060642
0.425 0.000606176
0.426 0.00060592
0.427 0.000605651
0.428 0.00060537
0.429 0.000605077
0.43 0.000604773
0.431 0.000604457
0.432 0.000604128
0.433 0.000603787
0.434 0.000603435
0.435 0.000603071
0.436 0.000602698
0.437 0.000602314
0.438 0.000601922
0.439 0.000601519
0.44 0.000601108
0.441 0.00060069
0.442 0.000600267
0.443 0.00059984
0.444 0.000599406
0.445 0.000598968
0.446 0.000598527
0.447 0.000598087
0.448 0.000597647
0.449 0.000597207
0.45 0.000596765
0.451 0.000596326
0.452 0.000595893
0.453 0.000595465
0.454 0.000595041
0.455 0.00059462
0.456 0.000594206
0.457 0.0005938
0.458 0.000593403
0.459 0.000593014
0.46 0.00059263
0.461 0.000592254
0.462 0.00059189
0.463 0.000591536
0.464 0.000591191
0.465 0.000590853
0.466 0.000590525
0.467 0.000590208
0.468 0.000589902
0.469 0.000589605
0.47 0.000589317
0.471 0.000589038
0.472 0.00058877
0.473 0.000588512
0.474 0.000588263
0.475 0.000588022
0.476 0.000587791
0.477 0.000587568
0.478 0.000587354
0.479 0.000587149
0.48 0.000586951
0.481 0.000586761
0.482 0.000586579
0.483 0.000586404
0.484 0.000586237
0.485 0.000586076
0.486 0.000585922
0.487 0.000585774
0.488 0.000585632
0.489 0.000585496
0.49 0.000585366
0.491 0.000585241
0.492 0.000585121
0.493 0.000585006
0.494 0.000584895
0.495 0.00058479
0.496 0.000584688
0.497 0.000584591
0.498 0.000584496
0.499 0.000584406
0.5 0.00058432
0.501 0.000584237
0.502 0.000584157
0.503 0.000584079
0.504 0.000584004
0.505 0.000583932
0.506 0.000583863
0.507 0.000583795
0.508 0.00058373
0.509 0.000583666
0.51 0.000583605
0.511 0.000583545
0.512 0.000583487
0.513 0.00058343
0.514 0.000583374
0.515 0.00058332
0.516 0.000583267
0.517 0.000583215
0.518 0.000583163
0.519 0.000583112
0.52 0.000583062
0.521 0.000583013
0.522 0.000582964
0.523 0.000582916
0.524 0.000582868
0.525 0.000582821
0.526 0.000582774
0.527 0.000582728
0.528 0.000582681
0.529 0.000582634
0.53 0.000582588
0.531 0.000582542
0.532 0.000582496
0.533 0.00058245
0.534 0.000582404
0.535 0.000582357
0.536 0.000582311
0.537 0.000582264
0.538 0.000582217
0.539 0.00058217
0.54 0.000582123
0.541 0.000582076
0.542 0.000582027
0.543 0.000581979
0.544 0.00058193
0.545 0.000581881
0.546 0.000581832
0.547 0.000581782
0.548 0.000581731
0.549 0.00058168
0.55 0.000581629
0.551 0.000581577
0.552 0.000581525
0.553 0.000581472
0.554 0.000581419
0.555 0.000581365
0.556 0.000581311
0.557 0.000581256
0.558 0.000581201
0.559 0.000581145
0.56 0.000581089
0.561 0.000581032
0.562 0.000580974
0.563 0.000580916
0.564 0.000580857
0.565 0.000580798
0.566 0.000580738
0.567 0.000580677
0.568 0.000580616
0.569 0.000580555
0.57 0.000580492
0.571 0.000580429
0.572 0.000580366
0.573 0.000580302
0.574 0.000580237
0.575 0.000580172
0.576 0.000580106
0.577 0.00058004
0.578 0.000579973
0.579 0.000579906
0.58 0.000579838
0.581 0.000579769
0.582 0.0005797
0.583 0.00057963
0.584 0.00057956
0.585 0.000579489
0.586 0.000579418
0.587 0.000579346
0.588 0.000579274
0.589 0.000579201
0.59 0.000579128
0.591 0.000579054
0.592 0.00057898
0.593 0.000578905
0.594 0.00057883
0.595 0.000578754
0.596 0.000578678
0.597 0.000578601
0.598 0.000578524
0.599 0.000578447
0.6 0.000578369
0.601 0.000578291
0.602 0.000578214
0.603 0.000578135
0.604 0.000578056
0.605 0.000577976
0.606 0.000577896
0.607 0.000577816
0.608 0.000577735
0.609 0.000577654
0.61 0.000577572
0.611 0.00057749
0.612 0.000577408
0.613 0.000577326
0.614 0.000577243
0.615 0.00057716
0.616 0.000577076
0.617 0.000576992
0.618 0.000576909
0.619 0.000576824
0.62 0.00057674
0.621 0.000576655
0.622 0.00057657
0.623 0.000576485
0.624 0.000576399
0.625 0.000576314
0.626 0.000576228
0.627 0.000576141
0.628 0.000576055
0.629 0.000575969
0.63 0.000575882
0.631 0.000575795
0.632 0.000575708
0.633 0.00057562
0.634 0.000575533
0.635 0.000575445
0.636 0.000575357
0.637 0.000575269
0.638 0.000575181
0.639 0.000575093
0.64 0.000575004
0.641 0.000574916
0.642 0.000574827
0.643 0.000574738
0.644 0.000574649
0.645 0.00057456
0.646 0.00057447
0.647 0.000574381
0.648 0.000574291
0.649 0.000574201
0.65 0.000574111
0.651 0.000574021
0.652 0.000573931
0.653 0.000573841
0.654 0.00057375
0.655 0.000573659
0.656 0.000573569
0.657 0.000573478
0.658 0.000573387
0.659 0.000573295
0.66 0.000573204
0.661 0.000573112
0.662 0.000573021
0.663 0.000572929
0.664 0.000572837
0.665 0.000572745
0.666 0.000572652
0.667 0.00057256
0.668 0.000572467
0.669 0.000572374
0.67 0.000572281
0.671 0.000572188
0.672 0.000572095
0.673 0.000572001
0.674 0.000571907
0.675 0.000571813
0.676 0.000571719
0.677 0.000571625
0.678 0.00057153
0.679 0.000571435
0.68 0.00057134
0.681 0.000571245
0.682 0.000571149
0.683 0.000571053
0.684 0.000570957
0.685 0.000570861
0.686 0.000570765
0.687 0.000570668
0.688 0.000570571
0.689 0.000570473
0.69 0.000570376
0.691 0.000570278
0.692 0.000570179
0.693 0.000570081
0.694 0.000569982
0.695 0.000569883
0.696 0.000569783
0.697 0.000569684
0.698 0.000569583
0.699 0.000569483
0.7 0.000569382
0.701 0.000569281
0.702 0.00056918
0.703 0.000569078
0.704 0.000568976
0.705 0.000568873
0.706 0.00056877
0.707 0.000568667
0.708 0.000568563
0.709 0.000568459
0.71 0.000568354
0.711 0.000568249
0.712 0.000568143
0.713 0.000568037
0.714 0.000567931
0.715 0.000567824
0.716 0.000567717
0.717 0.000567609
0.718 0.000567501
0.719 0.000567392
0.72 0.000567283
0.721 0.000567174
0.722 0.000567063
0.723 0.000566953
0.724 0.000566842
0.725 0.00056673
0.726 0.000566618
0.727 0.000566506
0.728 0.000566393
0.729 0.000566279
0.73 0.000566165
0.731 0.00056605
0.732 0.000565935
0.733 0.000565819
0.734 0.000565703
0.735 0.000565586
0.736 0.000565469
0.737 0.000565351
0.738 0.000565233
0.739 0.000565114
0.74 0.000564995
0.741 0.000564875
0.742 0.000564754
0.743 0.000564633
0.744 0.000564511
0.745 0.000564389
0.746 0.000564266
0.747 0.000564143
0.748 0.000564019
0.749 0.000563895
0.75 0.00056377
0.751 0.000563644
0.752 0.000563518
0.753 0.000563391
0.754 0.000563264
0.755 0.000563136
0.756 0.000563008
0.757 0.000562879
0.758 0.000562749
0.759 0.000562619
0.76 0.000562488
0.761 0.000562357
0.762 0.000562225
0.763 0.000562093
0.764 0.00056196
0.765 0.000561826
0.766 0.000561692
0.767 0.000561558
0.768 0.000561422
0.769 0.000561287
0.77 0.00056115
0.771 0.000561014
0.772 0.000560876
0.773 0.000560738
0.774 0.0005606
0.775 0.000560461
0.776 0.000560321
0.777 0.000560181
0.778 0.000560041
0.779 0.0005599
0.78 0.000559758
0.781 0.000559616
0.782 0.000559473
0.783 0.00055933
0.784 0.000559187
0.785 0.000559042
0.786 0.000558898
0.787 0.000558753
0.788 0.000558607
0.789 0.000558461
0.79 0.000558315
0.791 0.000558168
0.792 0.00055802
0.793 0.000557872
0.794 0.000557724
0.795 0.000557575
0.796 0.000557426
0.797 0.000557276
0.798 0.000557126
0.799 0.000556975
0.8 0.000556824
0.801 0.000556673
0.802 0.000556522
0.803 0.00055637
0.804 0.000556217
0.805 0.000556064
0.806 0.000555911
0.807 0.000555757
0.808 0.000555603
0.809 0.000555449
0.81 0.000555294
0.811 0.000555139
0.812 0.000554983
0.813 0.000554827
0.814 0.000554671
0.815 0.000554515
0.816 0.000554358
0.817 0.000554201
0.818 0.000554044
0.819 0.000553886
0.82 0.000553728
0.821 0.00055357
0.822 0.000553411
0.823 0.000553252
0.824 0.000553093
0.825 0.000552934
0.826 0.000552774
0.827 0.000552615
0.828 0.000552455
0.829 0.000552295
0.83 0.000552134
0.831 0.000551974
0.832 0.000551813
0.833 0.000551652
0.834 0.000551491
0.835 0.000551329
0.836 0.000551168
0.837 0.000551006
0.838 0.000550845
0.839 0.000550683
0.84 0.000550521
0.841 0.000550358
0.842 0.000550196
0.843 0.000550034
0.844 0.000549871
0.845 0.000549709
0.846 0.000549546
0.847 0.000549383
0.848 0.000549221
0.849 0.000549058
0.85 0.000548895
0.851 0.000548732
0.852 0.000548569
0.853 0.000548406
0.854 0.000548243
0.855 0.00054808
0.856 0.000547917
0.857 0.000547754
0.858 0.000547591
0.859 0.000547428
0.86 0.000547265
0.861 0.000547102
0.862 0.000546939
0.863 0.000546776
0.864 0.000546613
0.865 0.00054645
0.866 0.000546287
0.867 0.000546125
0.868 0.000545962
0.869 0.0005458
0.87 0.000545637
0.871 0.000545475
0.872 0.000545313
0.873 0.000545151
0.874 0.000544989
0.875 0.000544827
0.876 0.000544665
0.877 0.000544504
0.878 0.000544342
0.879 0.000544181
0.88 0.00054402
0.881 0.000543859
0.882 0.000543698
0.883 0.000543538
0.884 0.000543377
0.885 0.000543217
0.886 0.000543057
0.887 0.000542897
0.888 0.000542738
0.889 0.000542578
0.89 0.000542419
0.891 0.00054226
0.892 0.000542101
0.893 0.000541943
0.894 0.000541785
0.895 0.000541627
0.896 0.000541469
0.897 0.000541311
0.898 0.000541154
0.899 0.000540997
0.9 0.000540841
0.901 0.000540684
0.902 0.000540528
0.903 0.000540372
0.904 0.000540217
0.905 0.000540062
0.906 0.000539907
0.907 0.000539752
0.908 0.000539598
0.909 0.000539444
0.91 0.00053929
0.911 0.000539137
0.912 0.000538983
0.913 0.000538831
0.914 0.000538678
0.915 0.000538526
0.916 0.000538374
0.917 0.000538223
0.918 0.000538072
0.919 0.000537921
0.92 0.000537771
0.921 0.000537621
0.922 0.000537471
0.923 0.000537322
0.924 0.000537173
0.925 0.000537024
0.926 0.000536876
0.927 0.000536728
0.928 0.00053658
0.929 0.000536433
0.93 0.000536287
0.931 0.00053614
0.932 0.000535994
0.933 0.000535849
0.934 0.000535704
0.935 0.000535559
0.936 0.000535414
0.937 0.00053527
0.938 0.000535127
0.939 0.000534984
0.94 0.000534841
0.941 0.000534698
0.942 0.000534556
0.943 0.000534415
0.944 0.000534274
0.945 0.000534133
0.946 0.000533992
0.947 0.000533852
0.948 0.000533713
0.949 0.000533574
0.95 0.000533435
0.951 0.000533297
0.952 0.000533159
0.953 0.000533021
0.954 0.000532884
0.955 0.000532748
0.956 0.000532611
0.957 0.000532476
0.958 0.00053234
0.959 0.000532205
0.96 0.000532071
0.961 0.000531937
0.962 0.000531803
0.963 0.00053167
0.964 0.000531537
0.965 0.000531405
0.966 0.000531273
0.967 0.000531141
0.968 0.00053101
0.969 0.000530879
0.97 0.000530749
0.971 0.000530619
0.972 0.00053049
0.973 0.000530361
0.974 0.000530232
0.975 0.000530104
0.976 0.000529976
0.977 0.000529849
0.978 0.000529722
0.979 0.000529595
0.98 0.000529469
0.981 0.000529344
0.982 0.000529219
0.983 0.000529094
0.984 0.000528969
0.985 0.000528846
0.986 0.000528722
0.987 0.000528599
0.988 0.000528476
0.989 0.000528354
0.99 0.000528232
0.991 0.000528111
0.992 0.00052799
0.993 0.000527869
0.994 0.000527749
0.995 0.000527629
0.996 0.00052751
0.997 0.000527391
0.998 0.000527272
0.999 0.000527154
1 0.000527036
