0.001 0.000528284
0.002 0.000531702
0.003 0.00053437
0.004 0.000536467
0.005 0.000538049
0.006 0.000539201
0.007 0.000540031
0.008 0.000540614
0.009 0.000541004
0.01 0.000541241
0.011 0.00054136
0.012 0.000541387
0.013 0.000541342
0.014 0.000541242
0.015 0.000541099
0.016 0.000540922
0.017 0.000540719
0.018 0.000540497
0.019 0.000540259
0.02 0.000540011
0.021 0.000539754
0.022 0.000539492
0.023 0.000539225
0.024 0.000538956
0.025 0.000538685
0.026 0.000538413
0.027 0.000538142
0.028 0.000537871
0.029 0.0005376
0.03 0.000537331
0.031 0.000537064
0.032 0.000536797
0.033 0.000536533
0.034 0.000536271
0.035 0.00053601
0.036 0.000535752
0.037 0.000535495
0.038 0.000535241
0.039 0.000534988
0.04 0.000534738
0.041 0.000534489
0.042 0.000534243
0.043 0.000533998
0.044 0.000533756
0.045 0.000533516
0.046 0.000533278
0.047 0.000533042
0.048 0.000532808
0.049 0.000532577
0.05 0.000532347
0.051 0.000532121
0.052 0.0005319
0.053 0.000531682
0.054 0.000531468
0.055 0.000531258
0.056 0.000531053
0.057 0.000530858
0.058 0.000530671
0.059 0.00053049
0.06 0.000530316
0.061 0.000530153
0.062 0.000530004
0.063 0.000529869
0.064 0.000529745
0.065 0.000529631
0.066 0.000529533
0.067 0.000529454
0.068 0.000529392
0.069 0.000529346
0.07 0.000529314
0.071 0.0005293
0.072 0.00052931
0.073 0.00052934
0.074 0.000529389
0.075 0.000529455
0.076 0.000529543
0.077 0.000529656
0.078 0.000529791
0.079 0.000529948
0.08 0.000530124
0.081 0.000530323
0.082 0.000530547
0.083 0.000530796
0.084 0.000531066
0.085 0.000531357
0.086 0.00053167
0.087 0.000532008
0.088 0.000532368
0.089 0.00053275
0.09 0.000533153
0.091 0.000533577
0.092 0.000534024
0.093 0.000534491
0.094 0.000534978
0.095 0.000535486
0.096 0.000536012
0.097 0.000536557
0.098 0.000537121
0.099 0.000537703
0.1 0.000538302
0.101 0.000538919
0.102 0.00053955
0.103 0.000540198
0.104 0.000540861
0.105 0.00054154
0.106 0.000542234
0.107 0.000542939
0.108 0.000543657
0.109 0.000544389
0.11 0.000545134
0.111 0.00054589
0.112 0.000546656
0.113 0.000547431
0.114 0.000548217
0.115 0.000549015
0.116 0.000549821
0.117 0.000550633
0.118 0.000551453
0.119 0.00055228
0.12 0.000553117
0.121 0.00055396
0.122 0.000554807
0.123 0.000555658
0.124 0.000556515
0.125 0.000557379
0.126 0.000558246
0.127 0.000559115
0.128 0.000559987
0.129 0.000560862
0.13 0.000561741
0.131 0.000562622
0.132 0.000563502
0.133 0.000564382
0.134 0.000565264
0.135 0.000566149
0.136 0.000567033
0.137 0.000567914
0.138 0.000568794
0.139 0.000569674
0.14 0.000570554
0.141 0.000571432
0.142 0.000572306
0.143 0.000573177
0.144 0.000574045
0.145 0.000574913
0.146 0.000575777
0.147 0.000576635
0.148 0.000577489
0.149 0.00057834
0.15 0.000579187
0.151 0.00058003
0.152 0.000580867
0.153 0.000581697
0.154 0.000582523
0.155 0.000583345
0.156 0.000584161
0.157 0.00058497
0.158 0.000585772
0.159 0.000586568
0.16 0.000587359
0.161 0.000588144
0.162 0.00058892
0.163 0.000589689
0.164 0.000590451
0.165 0.000591207
0.166 0.000591956
0.167 0.000592696
0.168 0.000593429
0.169 0.000594154
0.17 0.000594872
0.171 0.000595582
0.172 0.000596284
0.173 0.000596977
0.174 0.000597662
0.175 0.00059834
0.176 0.00059901
0.177 0.000599671
0.178 0.000600323
0.179 0.000600967
0.18 0.000601603
0.181 0.000602231
0.182 0.000602849
0.183 0.000603459
0.184 0.00060406
0.185 0.000604654
0.186 0.000605238
0.187 0.000605814
0.188 0.00060638
0.189 0.000606938
0.19 0.000607488
0.191 0.000608029
0.192 0.00060856
0.193 0.000609083
0.194 0.000609597
0.195 0.000610102
0.196 0.000610598
0.197 0.000611085
0.198 0.000611562
0.199 0.000612031
0.2 0.000612491
0.201 0.000612942
0.202 0.000613392
0.203 0.00061382
0.204 0.000614244
0.205 0.000614658
0.206 0.000615063
0.207 0.000615459
0.208 0.000615845
0.209 0.000616223
0.21 0.000616592
0.211 0.000616952
0.212 0.000617303
0.213 0.000617645
0.214 0.000617978
0.215 0.000618302
0.216 0.000618617
0.217 0.000618923
0.218 0.000619221
0.219 0.000619509
0.22 0.000619789
0.221 0.00062006
0.222 0.000620322
0.223 0.000620575
0.224 0.00062082
0.225 0.000621056
0.226 0.000621284
0.227 0.000621502
0.228 0.000621712
0.229 0.000621914
0.23 0.000622107
0.231 0.000622292
0.232 0.000622468
0.233 0.000622635
0.234 0.000622794
0.235 0.000622945
0.236 0.000623088
0.237 0.000623222
0.238 0.000623349
0.239 0.000623467
0.24 0.000623577
0.241 0.000623679
0.242 0.000623773
0.243 0.00062386
0.244 0.000623939
0.245 0.00062401
0.246 0.000624074
0.247 0.00062413
0.248 0.000624179
0.249 0.000624221
0.25 0.000624256
0.251 0.000624283
0.252 0.000624304
0.253 0.000624318
0.254 0.000624325
0.255 0.000624326
0.256 0.00062432
0.257 0.000624308
0.258 0.00062429
0.259 0.000624266
0.26 0.000624235
0.261 0.000624199
0.262 0.000624157
0.263 0.00062411
0.264 0.000624057
0.265 0.000623999
0.266 0.000623935
0.267 0.000623867
0.268 0.000623794
0.269 0.000623716
0.27 0.000623633
0.271 0.000623546
0.272 0.000623456
0.273 0.000623361
0.274 0.000623262
0.275 0.000623159
0.276 0.000623053
0.277 0.000622944
0.278 0.000622831
0.279 0.000622716
0.28 0.000622597
0.281 0.000622476
0.282 0.000622353
0.283 0.000622227
0.284 0.000622099
0.285 0.000621969
0.286 0.000621837
0.287 0.000621704
0.288 0.000621569
0.289 0.000621432
0.29 0.000621294
0.291 0.000621155
0.292 0.000621015
0.293 0.000620874
0.294 0.000620733
0.295 0.00062059
0.296 0.000620447
0.297 0.000620304
0.298 0.00062016
0.299 0.000620017
0.3 0.000619872
0.301 0.000619728
0.302 0.000619585
0.303 0.000619441
0.304 0.000619297
0.305 0.000619154
0.306 0.000619011
0.307 0.000618869
0.308 0.000618727
0.309 0.000618586
0.31 0.000618446
0.311 0.000618306
0.312 0.000618167
0.313 0.000618029
0.314 0.000617893
0.315 0.000617757
0.316 0.000617621
0.317 0.000617488
0.318 0.000617355
0.319 0.000617223
0.32 0.000617093
0.321 0.000616963
0.322 0.000616836
0.323 0.000616709
0.324 0.000616583
0.325 0.000616459
0.326 0.000616336
0.327 0.000616215
0.328 0.000616094
0.329 0.000615976
0.33 0.000615858
0.331 0.000615742
0.332 0.000615627
0.333 0.000615514
0.334 0.000615402
0.335 0.000615291
0.336 0.000615181
0.337 0.000615074
0.338 0.000614967
0.339 0.000614862
0.34 0.000614758
0.341 0.000614655
0.342 0.000614554
0.343 0.000614454
0.344 0.000614355
0.345 0.000614257
0.346 0.000614161
0.347 0.000614066
0.348 0.000613972
0.349 0.000613879
0.35 0.000613788
0.351 0.000613697
0.352 0.000613608
0.353 0.000613519
0.354 0.000613432
0.355 0.000613346
0.356 0.00061326
0.357 0.000613176
0.358 0.000613092
0.359 0.00061301
0.36 0.000612928
0.361 0.000612847
0.362 0.000612767
0.363 0.000612688
0.364 0.000612609
0.365 0.000612531
0.366 0.000612454
0.367 0.000612377
0.368 0.000612301
0.369 0.000612226
0.37 0.000612151
0.371 0.000612076
0.372 0.000612002
0.373 0.000611929
0.374 0.000611856
0.375 0.000611783
0.376 0.00061171
0.377 0.000611638
0.378 0.000611566
0.379 0.000611494
0.38 0.000611422
0.381 0.00061135
0.382 0.000611278
0.383 0.000611206
0.384 0.000611134
0.385 0.000611062
0.386 0.000610989
0.387 0.000610916
0.388 0.000610843
0.389 0.000610769
0.39 0.000610695
0.391 0.00061062
0.392 0.000610544
0.393 0.000610467
0.394 0.00061039
0.395 0.000610311
0.396 0.000610232
0.397 0.00061015
0.398 0.000610067
0.399 0.000609983
0.4 0.000609897
0.401 0.000609809
0.402 0.000609717
0.403 0.000609623
0.404 0.000609526
0.405 0.000609428
0.406 0.000609325
0.407 0.000609218
0.408 0.000609106
0.409 0.000608991
0.41 0.000608871
0.411 0.000608747
0.412 0.000608615
0.413 0.000608477
0.414 0.000608332
0.415 0.000608183
0.416 0.000608026
0.417 0.000607859
0.418 0.000607683
0.419 0.000607499
0.42 0.000607307
0.421 0.000607106
0.422 0.000606893
0.423 0.000606668
0.424 0.000606433
0.425 0.000606189
0.426 0.000605933
0.427 0.000605664
0.428 0.000605383
0.429 0.00060509
0.43 0.000604786
0.431 0.00060447
0.432 0.000604141
0.433 0.0006038
0.434 0.000603448
0.435 0.000603084
0.436 0.000602711
0.437 0.000602327
0.438 0.000601934
0.439 0.000601532
0.44 0.000601121
0.441 0.000600703
0.442 0.00060028
0.443 0.000599852
0.444 0.000599419
0.445 0.000598981
0.446 0.000598539
0.447 0.0005981
0.448 0.00059766
0.449 0.000597219
0.45 0.000596778
0.451 0.000596339
0.452 0.000595906
0.453 0.000595478
0.454 0.000595054
0.455 0.000594633
0.456 0.000594218
0.457 0.000593813
0.458 0.000593416
0.459 0.000593026
0.46 0.000592642
0.461 0.000592267
0.462 0.000591903
0.463 0.000591548
0.464 0.000591203
0.465 0.000590865
0.466 0.000590537
0.467 0.000590221
0.468 0.000589914
0.469 0.000589617
0.47 0.000589329
0.471 0.000589051
0.472 0.000588782
0.473 0.000588524
0.474 0.000588275
0.475 0.000588034
0.476 0.000587803
0.477 0.00058758
0.478 0.000587366
0.479 0.000587161
0.48 0.000586963
0.481 0.000586773
0.482 0.000586591
0.483 0.000586416
0.484 0.000586249
0.485 0.000586088
0.486 0.000585934
0.487 0.000585786
0.488 0.000585644
0.489 0.000585508
0.49 0.000585378
0.491 0.000585253
0.492 0.000585133
0.493 0.000585018
0.494 0.000584907
0.495 0.000584802
0.496 0.0005847
0.497 0.000584603
0.498 0.000584508
0.499 0.000584418
0.5 0.000584332
0.501 0.000584249
0.502 0.000584166
0.503 0.000584089
0.504 0.000584014
0.505 0.000583942
0.506 0.000583873
0.507 0.000583805
0.508 0.000583739
0.509 0.000583676
0.51 0.000583615
0.511 0.000583555
0.512 0.000583497
0.513 0.000583439
0.514 0.000583384
0.515 0.00058333
0.516 0.000583277
0.517 0.000583224
0.518 0.000583173
0.519 0.000583122
0.52 0.000583072
0.521 0.000583023
0.522 0.000582974
0.523 0.000582926
0.524 0.000582878
0.525 0.000582831
0.526 0.000582784
0.527 0.000582737
0.528 0.00058269
0.529 0.000582644
0.53 0.000582598
0.531 0.000582552
0.532 0.000582506
0.533 0.00058246
0.534 0.000582413
0.535 0.000582367
0.536 0.000582321
0.537 0.000582274
0.538 0.000582227
0.539 0.00058218
0.54 0.000582133
0.541 0.000582085
0.542 0.000582037
0.543 0.000581989
0.544 0.00058194
0.545 0.000581891
0.546 0.000581841
0.547 0.000581791
0.548 0.000581741
0.549 0.00058169
0.55 0.000581638
0.551 0.000581587
0.552 0.000581534
0.553 0.000581482
0.554 0.000581428
0.555 0.000581375
0.556 0.000581321
0.557 0.000581266
0.558 0.00058121
0.559 0.000581154
0.56 0.000581098
0.561 0.000581041
0.562 0.000580984
0.563 0.000580925
0.564 0.000580867
0.565 0.000580807
0.566 0.000580747
0.567 0.000580687
0.568 0.000580626
0.569 0.000580564
0.57 0.000580502
0.571 0.000580439
0.572 0.000580376
0.573 0.000580312
0.574 0.000580247
0.575 0.000580182
0.576 0.000580116
0.577 0.00058005
0.578 0.000579983
0.579 0.000579915
0.58 0.000579847
0.581 0.000579778
0.582 0.000579709
0.583 0.00057964
0.584 0.000579569
0.585 0.000579499
0.586 0.000579427
0.587 0.000579356
0.588 0.000579283
0.589 0.000579211
0.59 0.000579137
0.591 0.000579064
0.592 0.000578989
0.593 0.000578915
0.594 0.000578839
0.595 0.000578764
0.596 0.000578688
0.597 0.000578611
0.598 0.000578534
0.599 0.000578457
0.6 0.000578379
0.601 0.0005783
0.602 0.000578222
0.603 0.000578143
0.604 0.000578064
0.605 0.000577984
0.606 0.000577904
0.607 0.000577823
0.608 0.000577742
0.609 0.000577661
0.61 0.00057758
0.611 0.000577498
0.612 0.000577416
0.613 0.000577333
0.614 0.00057725
0.615 0.000577167
0.616 0.000577084
0.617 0.000577
0.618 0.000576916
0.619 0.000576832
0.62 0.000576747
0.621 0.000576662
0.622 0.000576577
0.623 0.000576492
0.624 0.000576407
0.625 0.000576321
0.626 0.000576235
0.627 0.000576149
0.628 0.000576063
0.629 0.000575976
0.63 0.000575889
0.631 0.000575802
0.632 0.000575715
0.633 0.000575628
0.634 0.00057554
0.635 0.000575453
0.636 0.000575365
0.637 0.000575277
0.638 0.000575189
0.639 0.0005751
0.64 0.000575012
0.641 0.000574923
0.642 0.000574834
0.643 0.000574745
0.644 0.000574656
0.645 0.000574567
0.646 0.000574478
0.647 0.000574388
0.648 0.000574298
0.649 0.000574209
0.65 0.000574119
0.651 0.000574029
0.652 0.000573938
0.653 0.000573848
0.654 0.000573757
0.655 0.000573667
0.656 0.000573576
0.657 0.000573485
0.658 0.000573394
0.659 0.000573303
0.66 0.000573211
0.661 0.00057312
0.662 0.000573028
0.663 0.000572936
0.664 0.000572844
0.665 0.000572752
0.666 0.00057266
0.667 0.000572567
0.668 0.000572474
0.669 0.000572381
0.67 0.000572288
0.671 0.000572195
0.672 0.000572102
0.673 0.000572008
0.674 0.000571914
0.675 0.00057182
0.676 0.000571726
0.677 0.000571632
0.678 0.000571537
0.679 0.000571442
0.68 0.000571347
0.681 0.000571252
0.682 0.000571156
0.683 0.000571061
0.684 0.000570965
0.685 0.000570868
0.686 0.000570772
0.687 0.000570675
0.688 0.000570578
0.689 0.00057048
0.69 0.000570383
0.691 0.000570285
0.692 0.000570187
0.693 0.000570088
0.694 0.000569989
0.695 0.00056989
0.696 0.000569791
0.697 0.000569691
0.698 0.000569591
0.699 0.00056949
0.7 0.000569389
0.701 0.000569288
0.702 0.000569186
0.703 0.000569084
0.704 0.000568982
0.705 0.000568879
0.706 0.000568776
0.707 0.000568673
0.708 0.000568569
0.709 0.000568465
0.71 0.00056836
0.711 0.000568255
0.712 0.000568149
0.713 0.000568043
0.714 0.000567937
0.715 0.00056783
0.716 0.000567723
0.717 0.000567615
0.718 0.000567507
0.719 0.000567398
0.72 0.000567289
0.721 0.00056718
0.722 0.000567069
0.723 0.000566959
0.724 0.000566848
0.725 0.000566736
0.726 0.000566624
0.727 0.000566512
0.728 0.000566398
0.729 0.000566285
0.73 0.000566171
0.731 0.000566056
0.732 0.000565941
0.733 0.000565825
0.734 0.000565709
0.735 0.000565592
0.736 0.000565475
0.737 0.000565357
0.738 0.000565239
0.739 0.00056512
0.74 0.000565001
0.741 0.000564881
0.742 0.00056476
0.743 0.000564639
0.744 0.000564517
0.745 0.000564395
0.746 0.000564272
0.747 0.000564149
0.748 0.000564025
0.749 0.000563901
0.75 0.000563776
0.751 0.00056365
0.752 0.000563524
0.753 0.000563397
0.754 0.00056327
0.755 0.000563142
0.756 0.000563013
0.757 0.000562884
0.758 0.000562755
0.759 0.000562625
0.76 0.000562494
0.761 0.000562363
0.762 0.000562231
0.763 0.000562098
0.764 0.000561966
0.765 0.000561832
0.766 0.000561698
0.767 0.000561563
0.768 0.000561428
0.769 0.000561292
0.77 0.000561156
0.771 0.000561019
0.772 0.000560882
0.773 0.000560744
0.774 0.000560606
0.775 0.000560467
0.776 0.000560327
0.777 0.000560187
0.778 0.000560047
0.779 0.000559905
0.78 0.000559764
0.781 0.000559622
0.782 0.000559479
0.783 0.000559336
0.784 0.000559192
0.785 0.000559048
0.786 0.000558904
0.787 0.000558759
0.788 0.000558613
0.789 0.000558467
0.79 0.00055832
0.791 0.000558173
0.792 0.000558026
0.793 0.000557878
0.794 0.000557729
0.795 0.000557581
0.796 0.000557431
0.797 0.000557282
0.798 0.000557131
0.799 0.000556981
0.8 0.00055683
0.801 0.000556678
0.802 0.000556526
0.803 0.000556374
0.804 0.000556221
0.805 0.000556068
0.806 0.000555915
0.807 0.000555761
0.808 0.000555607
0.809 0.000555453
0.81 0.000555298
0.811 0.000555143
0.812 0.000554987
0.813 0.000554832
0.814 0.000554675
0.815 0.000554519
0.816 0.000554362
0.817 0.000554205
0.818 0.000554048
0.819 0.00055389
0.82 0.000553732
0.821 0.000553574
0.822 0.000553415
0.823 0.000553256
0.824 0.000553097
0.825 0.000552938
0.826 0.000552779
0.827 0.000552619
0.828 0.000552459
0.829 0.000552299
0.83 0.000552138
0.831 0.000551978
0.832 0.000551817
0.833 0.000551656
0.834 0.000551495
0.835 0.000551334
0.836 0.000551172
0.837 0.00055101
0.838 0.000550849
0.839 0.000550687
0.84 0.000550525
0.841 0.000550363
0.842 0.0005502
0.843 0.000550038
0.844 0.000549875
0.845 0.000549713
0.846 0.00054955
0.847 0.000549387
0.848 0.000549225
0.849 0.000549062
0.85 0.000548899
0.851 0.000548736
0.852 0.000548573
0.853 0.00054841
0.854 0.000548247
0.855 0.000548084
0.856 0.000547921
0.857 0.000547758
0.858 0.000547595
0.859 0.000547432
0.86 0.000547269
0.861 0.000547106
0.862 0.000546943
0.863 0.00054678
0.864 0.000546617
0.865 0.000546454
0.866 0.000546291
0.867 0.000546129
0.868 0.000545966
0.869 0.000545804
0.87 0.000545641
0.871 0.000545479
0.872 0.000545317
0.873 0.000545155
0.874 0.000544993
0.875 0.000544831
0.876 0.000544669
0.877 0.000544508
0.878 0.000544346
0.879 0.000544185
0.88 0.000544024
0.881 0.000543863
0.882 0.000543702
0.883 0.000543542
0.884 0.000543381
0.885 0.000543221
0.886 0.000543061
0.887 0.000542901
0.888 0.000542742
0.889 0.000542582
0.89 0.000542423
0.891 0.000542264
0.892 0.000542105
0.893 0.000541947
0.894 0.000541789
0.895 0.000541631
0.896 0.000541473
0.897 0.000541315
0.898 0.000541158
0.899 0.000541001
0.9 0.000540844
0.901 0.000540688
0.902 0.000540531
0.903 0.000540375
0.904 0.000540219
0.905 0.000540064
0.906 0.000539909
0.907 0.000539755
0.908 0.0005396
0.909 0.000539446
0.91 0.000539292
0.911 0.000539139
0.912 0.000538986
0.913 0.000538833
0.914 0.000538681
0.915 0.000538529
0.916 0.000538377
0.917 0.000538225
0.918 0.000538074
0.919 0.000537924
0.92 0.000537773
0.921 0.000537623
0.922 0.000537473
0.923 0.000537324
0.924 0.000537175
0.925 0.000537026
0.926 0.000536878
0.927 0.00053673
0.928 0.000536583
0.929 0.000536436
0.93 0.000536289
0.931 0.000536143
0.932 0.000535997
0.933 0.000535851
0.934 0.000535706
0.935 0.000535561
0.936 0.000535417
0.937 0.000535273
0.938 0.000535129
0.939 0.000534986
0.94 0.000534843
0.941 0.000534701
0.942 0.000534559
0.943 0.000534417
0.944 0.000534276
0.945 0.000534135
0.946 0.000533995
0.947 0.000533855
0.948 0.000533715
0.949 0.000533576
0.95 0.000533437
0.951 0.000533299
0.952 0.000533161
0.953 0.000533024
0.954 0.000532887
0.955 0.00053275
0.956 0.000532614
0.957 0.000532478
0.958 0.000532343
0.959 0.000532208
0.96 0.000532073
0.961 0.000531939
0.962 0.000531805
0.963 0.000531672
0.964 0.000531539
0.965 0.000531407
0.966 0.000531275
0.967 0.000531143
0.968 0.000531012
0.969 0.000530882
0.97 0.000530751
0.971 0.000530621
0.972 0.000530492
0.973 0.000530363
0.974 0.000530234
0.975 0.000530106
0.976 0.000529978
0.977 0.000529851
0.978 0.000529724
0.979 0.000529598
0.98 0.000529472
0.981 0.000529346
0.982 0.000529221
0.983 0.000529096
0.984 0.000528972
0.985 0.000528848
0.986 0.000528724
0.987 0.000528601
0.988 0.000528479
0.989 0.000528356
0.99 0.000528234
0.991 0.000528113
0.992 0.000527992
0.993 0.000527871
0.994 0.000527751
0.995 0.000527631
0.996 0.000527512
0.997 0.000527393
0.998 0.000527274
0.999 0.000527156
1 0.000527038
