0 0
0.001 0
0.002 0
0.003 0
0.004 0
0.005 0
0.006 0
0.007 0
0.008 0
0.009 0
0.01 0
0.011 0
0.012 0
0.013 0
0.014 0
0.015 0
0.016 0
0.017 0
0.018 0
0.019 0
0.02 0
0.021 0
0.022 0
0.023 0
0.024 0
0.025 0
0.026 0
0.027 0
0.028 0
0.029 0
0.03 0
0.031 0
0.032 0
0.033 0
0.034 0
0.035 0
0.036 0
0.037 0
0.038 0
0.039 0
0.04 0
0.041 0
0.042 0
0.043 0
0.044 0
0.045 0
0.046 0
0.047 0
0.048 0
0.049 0
0.05 0
0.051 0
0.052 0
0.053 0
0.054 0
0.055 0
0.056 0
0.057 0
0.058 0
0.059 0
0.06 0
0.061 0
0.062 0
0.063 0
0.064 0
0.065 0
0.066 0
0.067 0
0.068 0
0.069 0
0.07 0
0.071 0
0.072 0
0.073 0
0.074 0
0.075 0
0.076 0
0.077 0
0.078 0
0.079 0
0.08 0
0.081 0
0.082 0
0.083 0
0.084 0
0.085 0
0.086 0
0.087 0
0.088 0
0.089 0
0.09 0
0.091 0
0.092 0
0.093 0
0.094 0
0.095 0
0.096 0
0.097 0
0.098 0
0.099 0
0.1 0
0.101 -0
0.102 -0
0.103 -0
0.104 -0
0.105 -0
0.106 -0
0.107 -0
0.108 -0
0.109 -0
0.11 -0
0.111 -0
0.112 -0
0.113 -0
0.114 -0
0.115 -0
0.116 -0
0.117 -0
0.118 -0
0.119 -0
0.12 -0
0.121 -0
0.122 -0
0.123 -0
0.124 -0
0.125 -0
0.126 -0
0.127 -0
0.128 -0
0.129 -0
0.13 -0
0.131 -0
0.132 -0
0.133 -0
0.134 -0
0.135 -0
0.136 -0
0.137 -0
0.138 -0
0.139 -0
0.14 -0
0.141 -0
0.142 -0
0.143 -0
0.144 -0
0.145 -0
0.146 -0
0.147 -0
0.148 -0
0.149 -0
0.15 -0
0.151 -0
0.152 -0
0.153 -0
0.154 -0
0.155 -0
0.156 -0
0.157 -0
0.158 -0
0.159 -0
0.16 -0
0.161 -0
0.162 -0
0.163 -0
0.164 -0
0.165 -0
0.166 -0
0.167 -0
0.168 -0
0.169 -0
0.17 -0
0.171 -0
0.172 -0
0.173 -0
0.174 -0
0.175 -0
0.176 -0
0.177 -0
0.178 -0
0.179 -0
0.18 -0
0.181 -0
0.182 -0
0.183 -0
0.184 -0
0.185 -0
0.186 -0
0.187 -0
0.188 -0
0.189 -0
0.19 -0
0.191 -0
0.192 -0
0.193 -0
0.194 -0
0.195 -0
0.196 -0
0.197 -0
0.198 -0
0.199 -0
0.2 -0
0.201 0.648649
0.202 0.648649
0.203 0.648649
0.204 0.648649
0.205 0.648649
0.206 0.648649
0.207 0.648649
0.208 0.648649
0.209 0.648649
0.21 0.648649
0.211 0.648649
0.212 0.648649
0.213 0.648649
0.214 0.648649
0.215 0.648649
0.216 0.648649
0.217 0.648649
0.218 0.648649
0.219 0.648649
0.22 0.648649
0.221 0.648649
0.222 0.648649
0.223 0.648649
0.224 0.648649
0.225 0.648649
0.226 0.648649
0.227 0.648649
0.228 0.648649
0.229 0.648649
0.23 0.648649
0.231 0.648649
0.232 0.648649
0.233 0.648649
0.234 0.648649
0.235 0.648649
0.236 0.648649
0.237 0.648649
0.238 0.648649
0.239 0.648649
0.24 0.648649
0.241 0.648649
0.242 0.648649
0.243 0.648649
0.244 0.648649
0.245 0.648649
0.246 0.648649
0.247 0.648649
0.248 0.648649
0.249 0.648649
0.25 0.648649
0.251 0.648649
0.252 0.648649
0.253 0.648649
0.254 0.648649
0.255 0.648649
0.256 0.648649
0.257 0.648649
0.258 0.648649
0.259 0.648649
0.26 0.648649
0.261 0.648649
0.262 0.648649
0.263 0.648649
0.264 0.648649
0.265 0.648649
0.266 0.648649
0.267 0.648649
0.268 0.648649
0.269 0.648649
0.27 0.648649
0.271 0.648649
0.272 0.648649
0.273 0.648649
0.274 0.648649
0.275 0.648649
0.276 0.648649
0.277 0.648649
0.278 0.648649
0.279 0.648649
0.28 0.648649
0.281 0.648649
0.282 0.648649
0.283 0.648649
0.284 0.648649
0.285 0.648649
0.286 0.648649
0.287 0.648649
0.288 0.648649
0.289 0.648649
0.29 0.648649
0.291 0.648649
0.292 0.648649
0.293 0.648649
0.294 0.648649
0.295 0.648649
0.296 0.648649
0.297 0.648649
0.298 0.648649
0.299 0.648649
0.3 0.648649
0.301 0.696382
0.302 0.696382
0.303 0.696382
0.304 0.696382
0.305 0.696382
0.306 0.696382
0.307 0.696382
0.308 0.696382
0.309 0.696382
0.31 0.696382
0.311 0.696382
0.312 0.696382
0.313 0.696382
0.314 0.696382
0.315 0.696382
0.316 0.696382
0.317 0.696382
0.318 0.696382
0.319 0.696382
0.32 0.696382
0.321 0.696382
0.322 0.696382
0.323 0.696382
0.324 0.696382
0.325 0.696382
0.326 0.696382
0.327 0.696382
0.328 0.696382
0.329 0.696382
0.33 0.696382
0.331 0.696382
0.332 0.696382
0.333 0.696382
0.334 0.696382
0.335 0.696382
0.336 0.696382
0.337 0.696382
0.338 0.696382
0.339 0.696382
0.34 0.696382
0.341 0.696382
0.342 0.696382
0.343 0.696382
0.344 0.696382
0.345 0.696382
0.346 0.696382
0.347 0.696382
0.348 0.696382
0.349 0.696382
0.35 0.696382
0.351 0.696382
0.352 0.696382
0.353 0.696382
0.354 0.696382
0.355 0.696382
0.356 0.696382
0.357 0.696382
0.358 0.696382
0.359 0.696382
0.36 0.696382
0.361 0.696382
0.362 0.696382
0.363 0.696382
0.364 0.696382
0.365 0.696382
0.366 0.696382
0.367 0.696382
0.368 0.696382
0.369 0.696382
0.37 0.696382
0.371 0.696382
0.372 0.696382
0.373 0.696382
0.374 0.696382
0.375 0.696382
0.376 0.696382
0.377 0.696382
0.378 0.696382
0.379 0.696382
0.38 0.696382
0.381 0.696382
0.382 0.696382
0.383 0.696382
0.384 0.696382
0.385 0.696382
0.386 0.696382
0.387 0.696382
0.388 0.696382
0.389 0.696382
0.39 0.696382
0.391 0.696382
0.392 0.696382
0.393 0.696382
0.394 0.696382
0.395 0.696382
0.396 0.696382
0.397 0.696382
0.398 0.696382
0.399 0.696382
0.4 0.696382
0.401 0.627447
0.402 0.627447
0.403 0.627447
0.404 0.627447
0.405 0.627447
0.406 0.627447
0.407 0.627447
0.408 0.627447
0.409 0.627447
0.41 0.627447
0.411 0.627447
0.412 0.627447
0.413 0.627447
0.414 0.627447
0.415 0.627447
0.416 0.627447
0.417 0.627447
0.418 0.627447
0.419 0.627447
0.42 0.627447
0.421 0.627447
0.422 0.627447
0.423 0.627447
0.424 0.627447
0.425 0.627447
0.426 0.627447
0.427 0.627447
0.428 0.627447
0.429 0.627447
0.43 0.627447
0.431 0.627447
0.432 0.627447
0.433 0.627447
0.434 0.627447
0.435 0.627447
0.436 0.627447
0.437 0.627447
0.438 0.627447
0.439 0.627447
0.44 0.627447
0.441 0.627447
0.442 0.627447
0.443 0.627447
0.444 0.627447
0.445 0.627447
0.446 0.627447
0.447 0.627447
0.448 0.627447
0.449 0.627447
0.45 0.627447
0.451 0.627447
0.452 0.627447
0.453 0.627447
0.454 0.627447
0.455 0.627447
0.456 0.627447
0.457 0.627447
0.458 0.627447
0.459 0.627447
0.46 0.627447
0.461 0.627447
0.462 0.627447
0.463 0.627447
0.464 0.627447
0.465 0.627447
0.466 0.627447
0.467 0.627447
0.468 0.627447
0.469 0.627447
0.47 0.627447
0.471 0.627447
0.472 0.627447
0.473 0.627447
0.474 0.627447
0.475 0.627447
0.476 0.627447
0.477 0.627447
0.478 0.627447
0.479 0.627447
0.48 0.627447
0.481 0.627447
0.482 0.627447
0.483 0.627447
0.484 0.627447
0.485 0.627447
0.486 0.627447
0.487 0.627447
0.488 0.627447
0.489 0.627447
0.49 0.627447
0.491 0.627447
0.492 0.627447
0.493 0.627447
0.494 0.627447
0.495 0.627447
0.496 0.627447
0.497 0.627447
0.498 0.627447
0.499 0.627447
0.5 0.627447
0.501 0.989295
0.502 0.989295
0.503 0.989295
0.504 0.989295
0.505 0.989295
0.506 0.989295
0.507 0.989295
0.508 0.989295
0.509 0.989295
0.51 0.989295
0.511 0.989295
0.512 0.989295
0.513 0.989295
0.514 0.989295
0.515 0.989295
0.516 0.989295
0.517 0.989295
0.518 0.989295
0.519 0.989295
0.52 0.989295
0.521 0.989295
0.522 0.989295
0.523 0.989295
0.524 0.989295
0.525 0.989295
0.526 0.989295
0.527 0.989295
0.528 0.989295
0.529 0.989295
0.53 0.989295
0.531 0.989295
0.532 0.989295
0.533 0.989295
0.534 0.989295
0.535 0.989295
0.536 0.989295
0.537 0.989295
0.538 0.989295
0.539 0.989295
0.54 0.989295
0.541 0.989295
0.542 0.989295
0.543 0.989295
0.544 0.989295
0.545 0.989295
0.546 0.989295
0.547 0.989295
0.548 0.989295
0.549 0.989295
0.55 0.989295
0.551 0.989295
0.552 0.989295
0.553 0.989295
0.554 0.989295
0.555 0.989295
0.556 0.989295
0.557 0.989295
0.558 0.989295
0.559 0.989295
0.56 0.989295
0.561 0.989295
0.562 0.989295
0.563 0.989295
0.564 0.989295
0.565 0.989295
0.566 0.989295
0.567 0.989295
0.568 0.989295
0.569 0.989295
0.57 0.989295
0.571 0.989295
0.572 0.989295
0.573 0.989295
0.574 0.989295
0.575 0.989295
0.576 0.989295
0.577 0.989295
0.578 0.989295
0.579 0.989295
0.58 0.989295
0.581 0.989295
0.582 0.989295
0.583 0.989295
0.584 0.989295
0.585 0.989295
0.586 0.989295
0.587 0.989295
0.588 0.989295
0.589 0.989295
0.59 0.989295
0.591 0.989295
0.592 0.989295
0.593 0.989295
0.594 0.989295
0.595 0.989295
0.596 0.989295
0.597 0.989295
0.598 0.989295
0.599 0.989295
0.6 0.989295
0.601 0.403888
0.602 0.403888
0.603 0.403888
0.604 0.403888
0.605 0.403888
0.606 0.403888
0.607 0.403888
0.608 0.403888
0.609 0.403888
0.61 0.403888
0.611 0.403888
0.612 0.403888
0.613 0.403888
0.614 0.403888
0.615 0.403888
0.616 0.403888
0.617 0.403888
0.618 0.403888
0.619 0.403888
0.62 0.403888
0.621 0.403888
0.622 0.403888
0.623 0.403888
0.624 0.403888
0.625 0.403888
0.626 0.403888
0.627 0.403888
0.628 0.403888
0.629 0.403888
0.63 0.403888
0.631 0.403888
0.632 0.403888
0.633 0.403888
0.634 0.403888
0.635 0.403888
0.636 0.403888
0.637 0.403888
0.638 0.403888
0.639 0.403888
0.64 0.403888
0.641 0.403888
0.642 0.403888
0.643 0.403888
0.644 0.403888
0.645 0.403888
0.646 0.403888
0.647 0.403888
0.648 0.403888
0.649 0.403888
0.65 0.403888
0.651 0.403888
0.652 0.403888
0.653 0.403888
0.654 0.403888
0.655 0.403888
0.656 0.403888
0.657 0.403888
0.658 0.403888
0.659 0.403888
0.66 0.403888
0.661 0.403888
0.662 0.403888
0.663 0.403888
0.664 0.403888
0.665 0.403888
0.666 0.403888
0.667 0.403888
0.668 0.403888
0.669 0.403888
0.67 0.403888
0.671 0.403888
0.672 0.403888
0.673 0.403888
0.674 0.403888
0.675 0.403888
0.676 0.403888
0.677 0.403888
0.678 0.403888
0.679 0.403888
0.68 0.403888
0.681 0.403888
0.682 0.403888
0.683 0.403888
0.684 0.403888
0.685 0.403888
0.686 0.403888
0.687 0.403888
0.688 0.403888
0.689 0.403888
0.69 0.403888
0.691 0.403888
0.692 0.403888
0.693 0.403888
0.694 0.403888
0.695 0.403888
0.696 0.403888
0.697 0.403888
0.698 0.403888
0.699 0.403888
0.7 0.403888
0.701 0.339287
0.702 0.339287
0.703 0.339287
0.704 0.339287
0.705 0.339287
0.706 0.339287
0.707 0.339287
0.708 0.339287
0.709 0.339287
0.71 0.339287
0.711 0.339287
0.712 0.339287
0.713 0.339287
0.714 0.339287
0.715 0.339287
0.716 0.339287
0.717 0.339287
0.718 0.339287
0.719 0.339287
0.72 0.339287
0.721 0.339287
0.722 0.339287
0.723 0.339287
0.724 0.339287
0.725 0.339287
0.726 0.339287
0.727 0.339287
0.728 0.339287
0.729 0.339287
0.73 0.339287
0.731 0.339287
0.732 0.339287
0.733 0.339287
0.734 0.339287
0.735 0.339287
0.736 0.339287
0.737 0.339287
0.738 0.339287
0.739 0.339287
0.74 0.339287
0.741 0.339287
0.742 0.339287
0.743 0.339287
0.744 0.339287
0.745 0.339287
0.746 0.339287
0.747 0.339287
0.748 0.339287
0.749 0.339287
0.75 0.339287
0.751 0.339287
0.752 0.339287
0.753 0.339287
0.754 0.339287
0.755 0.339287
0.756 0.339287
0.757 0.339287
0.758 0.339287
0.759 0.339287
0.76 0.339287
0.761 0.339287
0.762 0.339287
0.763 0.339287
0.764 0.339287
0.765 0.339287
0.766 0.339287
0.767 0.339287
0.768 0.339287
0.769 0.339287
0.77 0.339287
0.771 0.339287
0.772 0.339287
0.773 0.339287
0.774 0.339287
0.775 0.339287
0.776 0.339287
0.777 0.339287
0.778 0.339287
0.779 0.339287
0.78 0.339287
0.781 0.339287
0.782 0.339287
0.783 0.339287
0.784 0.339287
0.785 0.339287
0.786 0.339287
0.787 0.339287
0.788 0.339287
0.789 0.339287
0.79 0.339287
0.791 0.339287
0.792 0.339287
0.793 0.339287
0.794 0.339287
0.795 0.339287
0.796 0.339287
0.797 0.339287
0.798 0.339287
0.799 0.339287
0.8 0.339287
0.801 0.248062
0.802 0.248062
0.803 0.248062
0.804 0.248062
0.805 0.248062
0.806 0.248062
0.807 0.248062
0.808 0.248062
0.809 0.248062
0.81 0.248062
0.811 0.248062
0.812 0.248062
0.813 0.248062
0.814 0.248062
0.815 0.248062
0.816 0.248062
0.817 0.248062
0.818 0.248062
0.819 0.248062
0.82 0.248062
0.821 0.248062
0.822 0.248062
0.823 0.248062
0.824 0.248062
0.825 0.248062
0.826 0.248062
0.827 0.248062
0.828 0.248062
0.829 0.248062
0.83 0.248062
0.831 0.248062
0.832 0.248062
0.833 0.248062
0.834 0.248062
0.835 0.248062
0.836 0.248062
0.837 0.248062
0.838 0.248062
0.839 0.248062
0.84 0.248062
0.841 0.248062
0.842 0.248062
0.843 0.248062
0.844 0.248062
0.845 0.248062
0.846 0.248062
0.847 0.248062
0.848 0.248062
0.849 0.248062
0.85 0.248062
0.851 0.248062
0.852 0.248062
0.853 0.248062
0.854 0.248062
0.855 0.248062
0.856 0.248062
0.857 0.248062
0.858 0.248062
0.859 0.248062
0.86 0.248062
0.861 0.248062
0.862 0.248062
0.863 0.248062
0.864 0.248062
0.865 0.248062
0.866 0.248062
0.867 0.248062
0.868 0.248062
0.869 0.248062
0.87 0.248062
0.871 0.248062
0.872 0.248062
0.873 0.248062
0.874 0.248062
0.875 0.248062
0.876 0.248062
0.877 0.248062
0.878 0.248062
0.879 0.248062
0.88 0.248062
0.881 0.248062
0.882 0.248062
0.883 0.248062
0.884 0.248062
0.885 0.248062
0.886 0.248062
0.887 0.248062
0.888 0.248062
0.889 0.248062
0.89 0.248062
0.891 0.248062
0.892 0.248062
0.893 0.248062
0.894 0.248062
0.895 0.248062
0.896 0.248062
0.897 0.248062
0.898 0.248062
0.899 0.248062
0.9 0.248062
0.901 0.659323
0.902 0.659323
0.903 0.659323
0.904 0.659323
0.905 0.659323
0.906 0.659323
0.907 0.659323
0.908 0.659323
0.909 0.659323
0.91 0.659323
0.911 0.659323
0.912 0.659323
0.913 0.659323
0.914 0.659323
0.915 0.659323
0.916 0.659323
0.917 0.659323
0.918 0.659323
0.919 0.659323
0.92 0.659323
0.921 0.659323
0.922 0.659323
0.923 0.659323
0.924 0.659323
0.925 0.659323
0.926 0.659323
0.927 0.659323
0.928 0.659323
0.929 0.659323
0.93 0.659323
0.931 0.659323
0.932 0.659323
0.933 0.659323
0.934 0.659323
0.935 0.659323
0.936 0.659323
0.937 0.659323
0.938 0.659323
0.939 0.659323
0.94 0.659323
0.941 0.659323
0.942 0.659323
0.943 0.659323
0.944 0.659323
0.945 0.659323
0.946 0.659323
0.947 0.659323
0.948 0.659323
0.949 0.659323
0.95 0.659323
0.951 0.659323
0.952 0.659323
0.953 0.659323
0.954 0.659323
0.955 0.659323
0.956 0.659323
0.957 0.659323
0.958 0.659323
0.959 0.659323
0.96 0.659323
0.961 0.659323
0.962 0.659323
0.963 0.659323
0.964 0.659323
0.965 0.659323
0.966 0.659323
0.967 0.659323
0.968 0.659323
0.969 0.659323
0.97 0.659323
0.971 0.659323
0.972 0.659323
0.973 0.659323
0.974 0.659323
0.975 0.659323
0.976 0.659323
0.977 0.659323
0.978 0.659323
0.979 0.659323
0.98 0.659323
0.981 0.659323
0.982 0.659323
0.983 0.659323
0.984 0.659323
0.985 0.659323
0.986 0.659323
0.987 0.659323
0.988 0.659323
0.989 0.659323
0.99 0.659323
0.991 0.659323
0.992 0.659323
0.993 0.659323
0.994 0.659323
0.995 0.659323
0.996 0.659323
0.997 0.659323
0.998 0.659323
0.999 0.659323
