0 100000
0.01 111700
0.02 110921
0.03 109227
0.04 107568
0.05 106022
0.06 104695
0.07 104037
0.08 104571
0.09 106546
0.1 109840
0.11 114089
0.12 118887
0.13 123882
0.14 128789
0.15 133413
0.16 137631
0.17 141378
0.18 144633
0.19 147404
0.2 149705
0.21 151555
0.22 152976
0.23 153994
0.24 154635
0.25 154930
0.26 154922
0.27 154661
0.28 154210
0.29 153640
0.3 153015
0.31 152384
0.32 151782
0.33 151229
0.34 150735
0.35 150297
0.36 149907
0.37 149553
0.38 149221
0.39 148888
0.4 148521
0.41 148048
0.42 147323
0.43 146143
0.44 144407
0.45 142313
0.46 140283
0.47 138631
0.48 137436
0.49 136629
0.5 136093
0.51 135725
0.52 135445
0.53 135200
0.54 134958
0.55 134702
0.56 134421
0.57 134110
0.58 133767
0.59 133395
0.6 132996
0.61 132573
0.62 132132
0.63 131676
0.64 131207
0.65 130728
0.66 130240
0.67 129741
0.68 129230
0.69 128704
0.7 128160
0.71 127594
0.72 127003
0.73 126382
0.74 125729
0.75 125041
0.76 124318
0.77 123558
0.78 122763
0.79 121933
0.8 121071
0.81 120178
0.82 119259
0.83 118317
0.84 117356
0.85 116381
0.86 115396
0.87 114405
0.88 113413
0.89 112423
0.9 111440
0.91 110467
0.92 109507
0.93 108563
0.94 107637
0.95 106731
0.96 105845
0.97 104982
0.98 104141
0.99 103323
