0 0
0.01 0
0.02 0
0.03 0
0.04 0
0.05 0
0.06 0
0.07 0
0.08 0
0.09 0
0.1 0
0.11 -12.7403
0.12 -12.7403
0.13 -12.7403
0.14 -12.7403
0.15 -12.7403
0.16 -12.7403
0.17 -12.7403
0.18 -12.7403
0.19 -12.7403
0.2 -12.7403
0.21 -12.7403
0.22 -12.7403
0.23 -12.7403
0.24 -12.7403
0.25 -12.7403
0.26 -12.7403
0.27 -12.7403
0.28 -12.7403
0.29 -12.7403
0.3 -12.7403
0.31 -12.7403
0.32 -12.7403
0.33 -12.7403
0.34 -12.7403
0.35 -12.7403
0.36 -12.7403
0.37 -12.7403
0.38 -12.7403
0.39 -12.7403
0.4 -12.7403
0.41 -12.7403
0.42 -12.7403
0.43 -12.7403
0.44 -12.7403
0.45 -12.7403
0.46 -12.7403
0.47 -12.7403
0.48 -12.7403
0.49 -12.7403
0.5 -12.7403
0.51 -12.7403
0.52 -12.7403
0.53 -12.7403
0.54 -12.7403
0.55 -12.7403
0.56 -12.7403
0.57 -12.7403
0.58 -12.7403
0.59 -12.7403
0.6 -12.7403
0.61 -12.7403
0.62 -12.7403
0.63 -12.7403
0.64 -12.7403
0.65 -12.7403
0.66 -12.7403
0.67 -12.7403
0.68 -12.7403
0.69 -12.7403
0.7 -12.7403
0.71 -12.7403
0.72 -12.7403
0.73 -12.7403
0.74 -12.7403
0.75 -12.7403
0.76 -12.7403
0.77 -12.7403
0.78 -12.7403
0.79 -12.7403
0.8 -12.7403
0.81 -12.7403
0.82 -12.7403
0.83 -12.7403
0.84 -12.7403
0.85 -12.7403
0.86 -12.7403
0.87 -12.7403
0.88 -12.7403
0.89 -12.7403
0.9 -12.7403
0.91 -12.7403
0.92 -12.7403
0.93 -12.7403
0.94 -12.7403
0.95 -12.7403
0.96 -12.7403
0.97 -12.7403
0.98 -12.7403
0.99 -12.7403
