0 100000
0.001 103358
0.002 105606
0.003 107334
0.004 108679
0.005 109684
0.006 110412
0.007 110933
0.008 111298
0.009 111542
0.01 111690
0.011 111765
0.012 111781
0.013 111753
0.014 111691
0.015 111601
0.016 111491
0.017 111364
0.018 111225
0.019 111076
0.02 110921
0.021 110759
0.022 110594
0.023 110427
0.024 110257
0.025 110086
0.026 109915
0.027 109743
0.028 109571
0.029 109400
0.03 109229
0.031 109059
0.032 108889
0.033 108721
0.034 108554
0.035 108387
0.036 108222
0.037 108057
0.038 107894
0.039 107732
0.04 107571
0.041 107411
0.042 107253
0.043 107095
0.044 106939
0.045 106783
0.046 106629
0.047 106477
0.048 106325
0.049 106175
0.05 106026
0.051 105879
0.052 105734
0.053 105592
0.054 105453
0.055 105315
0.056 105181
0.057 105054
0.058 104931
0.059 104813
0.06 104699
0.061 104591
0.062 104494
0.063 104404
0.064 104323
0.065 104248
0.066 104183
0.067 104131
0.068 104090
0.069 104060
0.07 104039
0.071 104029
0.072 104036
0.073 104056
0.074 104088
0.075 104132
0.076 104190
0.077 104264
0.078 104353
0.079 104457
0.08 104572
0.081 104703
0.082 104850
0.083 105013
0.084 105190
0.085 105380
0.086 105584
0.087 105804
0.088 106039
0.089 106287
0.09 106549
0.091 106823
0.092 107111
0.093 107412
0.094 107726
0.095 108051
0.096 108388
0.097 108736
0.098 109095
0.099 109465
0.1 109844
0.101 110234
0.102 110631
0.103 111038
0.104 111453
0.105 111877
0.106 112308
0.107 112745
0.108 113189
0.109 113639
0.11 114097
0.111 114559
0.112 115026
0.113 115497
0.114 115972
0.115 116453
0.116 116937
0.117 117423
0.118 117912
0.119 118403
0.12 118898
0.121 119395
0.122 119892
0.123 120390
0.124 120890
0.125 121391
0.126 121892
0.127 122393
0.128 122892
0.129 123392
0.13 123892
0.131 124391
0.132 124888
0.133 125383
0.134 125877
0.135 126371
0.136 126862
0.137 127350
0.138 127835
0.139 128318
0.14 128799
0.141 129277
0.142 129751
0.143 130222
0.144 130690
0.145 131155
0.146 131617
0.147 132073
0.148 132526
0.149 132976
0.15 133422
0.151 133864
0.152 134301
0.153 134733
0.154 135161
0.155 135586
0.156 136006
0.157 136421
0.158 136831
0.159 137237
0.16 137638
0.161 138035
0.162 138426
0.163 138813
0.164 139195
0.165 139572
0.166 139945
0.167 140312
0.168 140674
0.169 141031
0.17 141384
0.171 141732
0.172 142075
0.173 142412
0.174 142745
0.175 143073
0.176 143396
0.177 143714
0.178 144027
0.179 144335
0.18 144638
0.181 144937
0.182 145231
0.183 145519
0.184 145803
0.185 146083
0.186 146357
0.187 146627
0.188 146892
0.189 147152
0.19 147408
0.191 147659
0.192 147905
0.193 148146
0.194 148383
0.195 148616
0.196 148844
0.197 149067
0.198 149285
0.199 149499
0.2 149708
0.201 149920
0.202 150116
0.203 150313
0.204 150503
0.205 150690
0.206 150873
0.207 151051
0.208 151224
0.209 151393
0.21 151559
0.211 151719
0.212 151876
0.213 152028
0.214 152176
0.215 152320
0.216 152460
0.217 152596
0.218 152727
0.219 152855
0.22 152978
0.221 153098
0.222 153213
0.223 153325
0.224 153432
0.225 153536
0.226 153636
0.227 153732
0.228 153824
0.229 153912
0.23 153996
0.231 154077
0.232 154154
0.233 154227
0.234 154296
0.235 154362
0.236 154424
0.237 154482
0.238 154537
0.239 154589
0.24 154636
0.241 154681
0.242 154722
0.243 154759
0.244 154793
0.245 154824
0.246 154852
0.247 154876
0.248 154898
0.249 154916
0.25 154931
0.251 154943
0.252 154952
0.253 154958
0.254 154961
0.255 154961
0.256 154959
0.257 154954
0.258 154946
0.259 154935
0.26 154922
0.261 154906
0.262 154888
0.263 154868
0.264 154845
0.265 154819
0.266 154792
0.267 154762
0.268 154731
0.269 154697
0.27 154661
0.271 154623
0.272 154584
0.273 154543
0.274 154500
0.275 154455
0.276 154409
0.277 154361
0.278 154312
0.279 154262
0.28 154210
0.281 154157
0.282 154104
0.283 154049
0.284 153993
0.285 153936
0.286 153878
0.287 153820
0.288 153761
0.289 153701
0.29 153640
0.291 153579
0.292 153518
0.293 153456
0.294 153394
0.295 153331
0.296 153268
0.297 153205
0.298 153142
0.299 153079
0.3 153015
0.301 152952
0.302 152888
0.303 152825
0.304 152761
0.305 152698
0.306 152635
0.307 152572
0.308 152509
0.309 152447
0.31 152384
0.311 152322
0.312 152261
0.313 152199
0.314 152139
0.315 152078
0.316 152018
0.317 151958
0.318 151899
0.319 151841
0.32 151782
0.321 151725
0.322 151667
0.323 151611
0.324 151555
0.325 151499
0.326 151444
0.327 151390
0.328 151336
0.329 151283
0.33 151230
0.331 151178
0.332 151126
0.333 151075
0.334 151025
0.335 150975
0.336 150926
0.337 150877
0.338 150829
0.339 150782
0.34 150735
0.341 150689
0.342 150643
0.343 150598
0.344 150554
0.345 150509
0.346 150466
0.347 150423
0.348 150381
0.349 150339
0.35 150297
0.351 150256
0.352 150216
0.353 150176
0.354 150136
0.355 150097
0.356 150058
0.357 150020
0.358 149982
0.359 149945
0.36 149908
0.361 149871
0.362 149834
0.363 149798
0.364 149763
0.365 149727
0.366 149692
0.367 149657
0.368 149622
0.369 149588
0.37 149554
0.371 149520
0.372 149486
0.373 149453
0.374 149419
0.375 149386
0.376 149353
0.377 149320
0.378 149287
0.379 149254
0.38 149221
0.381 149189
0.382 149156
0.383 149123
0.384 149090
0.385 149057
0.386 149023
0.387 148990
0.388 148956
0.389 148923
0.39 148889
0.391 148854
0.392 148819
0.393 148784
0.394 148749
0.395 148713
0.396 148676
0.397 148639
0.398 148601
0.399 148562
0.4 148522
0.401 148481
0.402 148439
0.403 148396
0.404 148352
0.405 148306
0.406 148259
0.407 148209
0.408 148158
0.409 148105
0.41 148049
0.411 147992
0.412 147931
0.413 147867
0.414 147800
0.415 147731
0.416 147658
0.417 147581
0.418 147499
0.419 147413
0.42 147324
0.421 147231
0.422 147131
0.423 147027
0.424 146917
0.425 146803
0.426 146684
0.427 146558
0.428 146426
0.429 146288
0.43 146145
0.431 145997
0.432 145842
0.433 145681
0.434 145515
0.435 145343
0.436 145166
0.437 144984
0.438 144797
0.439 144605
0.44 144409
0.441 144209
0.442 144007
0.443 143802
0.444 143594
0.445 143382
0.446 143170
0.447 142957
0.448 142744
0.449 142530
0.45 142316
0.451 142102
0.452 141891
0.453 141682
0.454 141474
0.455 141267
0.456 141063
0.457 140864
0.458 140668
0.459 140476
0.46 140286
0.461 140100
0.462 139919
0.463 139743
0.464 139571
0.465 139402
0.466 139238
0.467 139080
0.468 138927
0.469 138778
0.47 138633
0.471 138493
0.472 138358
0.473 138228
0.474 138102
0.475 137981
0.476 137863
0.477 137751
0.478 137642
0.479 137538
0.48 137438
0.481 137342
0.482 137249
0.483 137160
0.484 137075
0.485 136993
0.486 136914
0.487 136839
0.488 136766
0.489 136697
0.49 136630
0.491 136566
0.492 136505
0.493 136446
0.494 136389
0.495 136335
0.496 136283
0.497 136233
0.498 136185
0.499 136139
0.5 136094
0.501 136051
0.502 136010
0.503 135970
0.504 135931
0.505 135894
0.506 135859
0.507 135824
0.508 135790
0.509 135757
0.51 135726
0.511 135695
0.512 135665
0.513 135636
0.514 135607
0.515 135579
0.516 135552
0.517 135525
0.518 135498
0.519 135472
0.52 135446
0.521 135421
0.522 135395
0.523 135370
0.524 135346
0.525 135321
0.526 135297
0.527 135273
0.528 135249
0.529 135225
0.53 135201
0.531 135177
0.532 135153
0.533 135129
0.534 135105
0.535 135081
0.536 135057
0.537 135033
0.538 135009
0.539 134984
0.54 134960
0.541 134935
0.542 134910
0.543 134885
0.544 134860
0.545 134834
0.546 134809
0.547 134783
0.548 134756
0.549 134730
0.55 134703
0.551 134676
0.552 134649
0.553 134622
0.554 134594
0.555 134566
0.556 134538
0.557 134510
0.558 134481
0.559 134452
0.56 134422
0.561 134393
0.562 134363
0.563 134332
0.564 134302
0.565 134271
0.566 134239
0.567 134208
0.568 134176
0.569 134144
0.57 134111
0.571 134078
0.572 134045
0.573 134012
0.574 133978
0.575 133944
0.576 133910
0.577 133875
0.578 133840
0.579 133804
0.58 133769
0.581 133733
0.582 133697
0.583 133660
0.584 133623
0.585 133586
0.586 133549
0.587 133511
0.588 133473
0.589 133435
0.59 133396
0.591 133358
0.592 133319
0.593 133279
0.594 133240
0.595 133200
0.596 133160
0.597 133120
0.598 133079
0.599 133038
0.6 132997
0.601 132954
0.602 132914
0.603 132872
0.604 132830
0.605 132788
0.606 132746
0.607 132703
0.608 132661
0.609 132618
0.61 132575
0.611 132531
0.612 132488
0.613 132444
0.614 132400
0.615 132356
0.616 132312
0.617 132268
0.618 132223
0.619 132178
0.62 132133
0.621 132088
0.622 132043
0.623 131998
0.624 131952
0.625 131907
0.626 131861
0.627 131815
0.628 131769
0.629 131723
0.63 131677
0.631 131631
0.632 131584
0.633 131538
0.634 131491
0.635 131444
0.636 131397
0.637 131350
0.638 131303
0.639 131256
0.64 131208
0.641 131161
0.642 131113
0.643 131066
0.644 131018
0.645 130970
0.646 130922
0.647 130874
0.648 130826
0.649 130778
0.65 130730
0.651 130681
0.652 130633
0.653 130584
0.654 130535
0.655 130486
0.656 130438
0.657 130389
0.658 130340
0.659 130290
0.66 130241
0.661 130192
0.662 130142
0.663 130093
0.664 130043
0.665 129993
0.666 129943
0.667 129893
0.668 129843
0.669 129793
0.67 129742
0.671 129692
0.672 129641
0.673 129590
0.674 129540
0.675 129489
0.676 129437
0.677 129386
0.678 129335
0.679 129283
0.68 129231
0.681 129180
0.682 129128
0.683 129075
0.684 129023
0.685 128971
0.686 128918
0.687 128865
0.688 128812
0.689 128759
0.69 128706
0.691 128652
0.692 128599
0.693 128545
0.694 128491
0.695 128436
0.696 128382
0.697 128327
0.698 128272
0.699 128217
0.7 128162
0.701 128106
0.702 128050
0.703 127994
0.704 127938
0.705 127882
0.706 127825
0.707 127768
0.708 127711
0.709 127653
0.71 127596
0.711 127538
0.712 127480
0.713 127421
0.714 127362
0.715 127303
0.716 127244
0.717 127185
0.718 127125
0.719 127065
0.72 127004
0.721 126943
0.722 126882
0.723 126821
0.724 126759
0.725 126698
0.726 126635
0.727 126573
0.728 126510
0.729 126447
0.73 126383
0.731 126319
0.732 126255
0.733 126191
0.734 126126
0.735 126061
0.736 125995
0.737 125930
0.738 125863
0.739 125797
0.74 125730
0.741 125663
0.742 125595
0.743 125528
0.744 125459
0.745 125391
0.746 125322
0.747 125253
0.748 125183
0.749 125113
0.75 125043
0.751 124972
0.752 124901
0.753 124830
0.754 124758
0.755 124686
0.756 124613
0.757 124540
0.758 124467
0.759 124394
0.76 124320
0.761 124245
0.762 124171
0.763 124096
0.764 124020
0.765 123944
0.766 123868
0.767 123792
0.768 123715
0.769 123638
0.77 123560
0.771 123482
0.772 123404
0.773 123325
0.774 123246
0.775 123167
0.776 123087
0.777 123007
0.778 122927
0.779 122846
0.78 122765
0.781 122684
0.782 122602
0.783 122520
0.784 122437
0.785 122354
0.786 122271
0.787 122188
0.788 122104
0.789 122020
0.79 121935
0.791 121850
0.792 121765
0.793 121680
0.794 121594
0.795 121508
0.796 121422
0.797 121335
0.798 121248
0.799 121160
0.8 121073
0.801 120984
0.802 120896
0.803 120808
0.804 120719
0.805 120630
0.806 120540
0.807 120451
0.808 120361
0.809 120271
0.81 120180
0.811 120089
0.812 119998
0.813 119907
0.814 119816
0.815 119724
0.816 119632
0.817 119540
0.818 119447
0.819 119354
0.82 119261
0.821 119168
0.822 119075
0.823 118981
0.824 118887
0.825 118793
0.826 118699
0.827 118604
0.828 118509
0.829 118414
0.83 118319
0.831 118224
0.832 118129
0.833 118033
0.834 117937
0.835 117841
0.836 117745
0.837 117649
0.838 117552
0.839 117455
0.84 117359
0.841 117262
0.842 117165
0.843 117067
0.844 116970
0.845 116873
0.846 116775
0.847 116677
0.848 116579
0.849 116481
0.85 116383
0.851 116285
0.852 116187
0.853 116089
0.854 115990
0.855 115892
0.856 115793
0.857 115695
0.858 115596
0.859 115497
0.86 115398
0.861 115299
0.862 115200
0.863 115101
0.864 115002
0.865 114903
0.866 114804
0.867 114705
0.868 114606
0.869 114507
0.87 114407
0.871 114308
0.872 114209
0.873 114110
0.874 114010
0.875 113911
0.876 113812
0.877 113713
0.878 113613
0.879 113514
0.88 113415
0.881 113316
0.882 113217
0.883 113118
0.884 113019
0.885 112920
0.886 112821
0.887 112722
0.888 112623
0.889 112524
0.89 112426
0.891 112327
0.892 112228
0.893 112130
0.894 112032
0.895 111933
0.896 111835
0.897 111737
0.898 111639
0.899 111541
0.9 111443
0.901 111345
0.902 111247
0.903 111149
0.904 111052
0.905 110955
0.906 110857
0.907 110760
0.908 110663
0.909 110567
0.91 110470
0.911 110373
0.912 110277
0.913 110180
0.914 110084
0.915 109988
0.916 109892
0.917 109796
0.918 109701
0.919 109605
0.92 109510
0.921 109415
0.922 109320
0.923 109225
0.924 109130
0.925 109036
0.926 108942
0.927 108847
0.928 108753
0.929 108660
0.93 108566
0.931 108472
0.932 108379
0.933 108286
0.934 108193
0.935 108100
0.936 108008
0.937 107916
0.938 107823
0.939 107732
0.94 107640
0.941 107548
0.942 107457
0.943 107366
0.944 107275
0.945 107184
0.946 107093
0.947 107003
0.948 106913
0.949 106823
0.95 106733
0.951 106644
0.952 106554
0.953 106465
0.954 106377
0.955 106288
0.956 106199
0.957 106111
0.958 106023
0.959 105935
0.96 105848
0.961 105761
0.962 105673
0.963 105587
0.964 105500
0.965 105413
0.966 105327
0.967 105241
0.968 105155
0.969 105070
0.97 104984
0.971 104899
0.972 104814
0.973 104730
0.974 104645
0.975 104561
0.976 104477
0.977 104393
0.978 104310
0.979 104227
0.98 104144
0.981 104061
0.982 103978
0.983 103896
0.984 103814
0.985 103732
0.986 103650
0.987 103569
0.988 103487
0.989 103406
0.99 103325
0.991 103245
0.992 103165
0.993 103085
0.994 103005
0.995 102925
0.996 102846
0.997 102766
0.998 102687
0.999 102609
