0 0
0.001 0
0.002 0
0.003 0
0.004 0
0.005 0
0.006 0
0.007 0
0.008 0
0.009 0
0.01 0
0.011 0
0.012 0
0.013 0
0.014 0
0.015 0
0.016 0
0.017 0
0.018 0
0.019 0
0.02 0
0.021 0
0.022 0
0.023 0
0.024 0
0.025 0
0.026 0
0.027 0
0.028 0
0.029 0
0.03 0
0.031 0
0.032 0
0.033 0
0.034 0
0.035 0
0.036 0
0.037 0
0.038 0
0.039 0
0.04 0
0.041 0
0.042 0
0.043 0
0.044 0
0.045 0
0.046 0
0.047 0
0.048 0
0.049 0
0.05 0
0.051 0
0.052 0
0.053 0
0.054 0
0.055 0
0.056 0
0.057 0
0.058 0
0.059 0
0.06 0
0.061 0
0.062 0
0.063 0
0.064 0
0.065 0
0.066 0
0.067 0
0.068 0
0.069 0
0.07 0
0.071 0
0.072 0
0.073 0
0.074 0
0.075 0
0.076 0
0.077 0
0.078 0
0.079 0
0.08 0
0.081 0
0.082 0
0.083 0
0.084 0
0.085 0
0.086 0
0.087 0
0.088 0
0.089 0
0.09 0
0.091 0
0.092 0
0.093 0
0.094 0
0.095 0
0.096 0
0.097 0
0.098 0
0.099 0
0.1 0
0.101 -0
0.102 -0
0.103 -0
0.104 -0
0.105 -0
0.106 -0
0.107 -0
0.108 -0
0.109 -0
0.11 -0
0.111 -0
0.112 -0
0.113 -0
0.114 -0
0.115 -0
0.116 -0
0.117 -0
0.118 -0
0.119 -0
0.12 -0
0.121 -0
0.122 -0
0.123 -0
0.124 -0
0.125 -0
0.126 -0
0.127 -0
0.128 -0
0.129 -0
0.13 -0
0.131 -0
0.132 -0
0.133 -0
0.134 -0
0.135 -0
0.136 -0
0.137 -0
0.138 -0
0.139 -0
0.14 -0
0.141 -0
0.142 -0
0.143 -0
0.144 -0
0.145 -0
0.146 -0
0.147 -0
0.148 -0
0.149 -0
0.15 -0
0.151 -0
0.152 -0
0.153 -0
0.154 -0
0.155 -0
0.156 -0
0.157 -0
0.158 -0
0.159 -0
0.16 -0
0.161 -0
0.162 -0
0.163 -0
0.164 -0
0.165 -0
0.166 -0
0.167 -0
0.168 -0
0.169 -0
0.17 -0
0.171 -0
0.172 -0
0.173 -0
0.174 -0
0.175 -0
0.176 -0
0.177 -0
0.178 -0
0.179 -0
0.18 -0
0.181 -0
0.182 -0
0.183 -0
0.184 -0
0.185 -0
0.186 -0
0.187 -0
0.188 -0
0.189 -0
0.19 -0
0.191 -0
0.192 -0
0.193 -0
0.194 -0
0.195 -0
0.196 -0
0.197 -0
0.198 -0
0.199 -0
0.2 -0
0.201 6.99399
0.202 6.99399
0.203 6.99399
0.204 6.99399
0.205 6.99399
0.206 6.99399
0.207 6.99399
0.208 6.99399
0.209 6.99399
0.21 6.99399
0.211 6.99399
0.212 6.99399
0.213 6.99399
0.214 6.99399
0.215 6.99399
0.216 6.99399
0.217 6.99399
0.218 6.99399
0.219 6.99399
0.22 6.99399
0.221 6.99399
0.222 6.99399
0.223 6.99399
0.224 6.99399
0.225 6.99399
0.226 6.99399
0.227 6.99399
0.228 6.99399
0.229 6.99399
0.23 6.99399
0.231 6.99399
0.232 6.99399
0.233 6.99399
0.234 6.99399
0.235 6.99399
0.236 6.99399
0.237 6.99399
0.238 6.99399
0.239 6.99399
0.24 6.99399
0.241 6.99399
0.242 6.99399
0.243 6.99399
0.244 6.99399
0.245 6.99399
0.246 6.99399
0.247 6.99399
0.248 6.99399
0.249 6.99399
0.25 6.99399
0.251 6.99399
0.252 6.99399
0.253 6.99399
0.254 6.99399
0.255 6.99399
0.256 6.99399
0.257 6.99399
0.258 6.99399
0.259 6.99399
0.26 6.99399
0.261 6.99399
0.262 6.99399
0.263 6.99399
0.264 6.99399
0.265 6.99399
0.266 6.99399
0.267 6.99399
0.268 6.99399
0.269 6.99399
0.27 6.99399
0.271 6.99399
0.272 6.99399
0.273 6.99399
0.274 6.99399
0.275 6.99399
0.276 6.99399
0.277 6.99399
0.278 6.99399
0.279 6.99399
0.28 6.99399
0.281 6.99399
0.282 6.99399
0.283 6.99399
0.284 6.99399
0.285 6.99399
0.286 6.99399
0.287 6.99399
0.288 6.99399
0.289 6.99399
0.29 6.99399
0.291 6.99399
0.292 6.99399
0.293 6.99399
0.294 6.99399
0.295 6.99399
0.296 6.99399
0.297 6.99399
0.298 6.99399
0.299 6.99399
0.3 6.99399
0.301 7.50821
0.302 7.50821
0.303 7.50821
0.304 7.50821
0.305 7.50821
0.306 7.50821
0.307 7.50821
0.308 7.50821
0.309 7.50821
0.31 7.50821
0.311 7.50821
0.312 7.50821
0.313 7.50821
0.314 7.50821
0.315 7.50821
0.316 7.50821
0.317 7.50821
0.318 7.50821
0.319 7.50821
0.32 7.50821
0.321 7.50821
0.322 7.50821
0.323 7.50821
0.324 7.50821
0.325 7.50821
0.326 7.50821
0.327 7.50821
0.328 7.50821
0.329 7.50821
0.33 7.50821
0.331 7.50821
0.332 7.50821
0.333 7.50821
0.334 7.50821
0.335 7.50821
0.336 7.50821
0.337 7.50821
0.338 7.50821
0.339 7.50821
0.34 7.50821
0.341 7.50821
0.342 7.50821
0.343 7.50821
0.344 7.50821
0.345 7.50821
0.346 7.50821
0.347 7.50821
0.348 7.50821
0.349 7.50821
0.35 7.50821
0.351 7.50821
0.352 7.50821
0.353 7.50821
0.354 7.50821
0.355 7.50821
0.356 7.50821
0.357 7.50821
0.358 7.50821
0.359 7.50821
0.36 7.50821
0.361 7.50821
0.362 7.50821
0.363 7.50821
0.364 7.50821
0.365 7.50821
0.366 7.50821
0.367 7.50821
0.368 7.50821
0.369 7.50821
0.37 7.50821
0.371 7.50821
0.372 7.50821
0.373 7.50821
0.374 7.50821
0.375 7.50821
0.376 7.50821
0.377 7.50821
0.378 7.50821
0.379 7.50821
0.38 7.50821
0.381 7.50821
0.382 7.50821
0.383 7.50821
0.384 7.50821
0.385 7.50821
0.386 7.50821
0.387 7.50821
0.388 7.50821
0.389 7.50821
0.39 7.50821
0.391 7.50821
0.392 7.50821
0.393 7.50821
0.394 7.50821
0.395 7.50821
0.396 7.50821
0.397 7.50821
0.398 7.50821
0.399 7.50821
0.4 7.50821
0.401 6.76491
0.402 6.76491
0.403 6.76491
0.404 6.76491
0.405 6.76491
0.406 6.76491
0.407 6.76491
0.408 6.76491
0.409 6.76491
0.41 6.76491
0.411 6.76491
0.412 6.76491
0.413 6.76491
0.414 6.76491
0.415 6.76491
0.416 6.76491
0.417 6.76491
0.418 6.76491
0.419 6.76491
0.42 6.76491
0.421 6.76491
0.422 6.76491
0.423 6.76491
0.424 6.76491
0.425 6.76491
0.426 6.76491
0.427 6.76491
0.428 6.76491
0.429 6.76491
0.43 6.76491
0.431 6.76491
0.432 6.76491
0.433 6.76491
0.434 6.76491
0.435 6.76491
0.436 6.76491
0.437 6.76491
0.438 6.76491
0.439 6.76491
0.44 6.76491
0.441 6.76491
0.442 6.76491
0.443 6.76491
0.444 6.76491
0.445 6.76491
0.446 6.76491
0.447 6.76491
0.448 6.76491
0.449 6.76491
0.45 6.76491
0.451 6.76491
0.452 6.76491
0.453 6.76491
0.454 6.76491
0.455 6.76491
0.456 6.76491
0.457 6.76491
0.458 6.76491
0.459 6.76491
0.46 6.76491
0.461 6.76491
0.462 6.76491
0.463 6.76491
0.464 6.76491
0.465 6.76491
0.466 6.76491
0.467 6.76491
0.468 6.76491
0.469 6.76491
0.47 6.76491
0.471 6.76491
0.472 6.76491
0.473 6.76491
0.474 6.76491
0.475 6.76491
0.476 6.76491
0.477 6.76491
0.478 6.76491
0.479 6.76491
0.48 6.76491
0.481 6.76491
0.482 6.76491
0.483 6.76491
0.484 6.76491
0.485 6.76491
0.486 6.76491
0.487 6.76491
0.488 6.76491
0.489 6.76491
0.49 6.76491
0.491 6.76491
0.492 6.76491
0.493 6.76491
0.494 6.76491
0.495 6.76491
0.496 6.76491
0.497 6.76491
0.498 6.76491
0.499 6.76491
0.5 6.76491
0.501 5.97132
0.502 5.97132
0.503 5.97132
0.504 5.97132
0.505 5.97132
0.506 5.97132
0.507 5.97132
0.508 5.97132
0.509 5.97132
0.51 5.97132
0.511 5.97132
0.512 5.97132
0.513 5.97132
0.514 5.97132
0.515 5.97132
0.516 5.97132
0.517 5.97132
0.518 5.97132
0.519 5.97132
0.52 5.97132
0.521 5.97132
0.522 5.97132
0.523 5.97132
0.524 5.97132
0.525 5.97132
0.526 5.97132
0.527 5.97132
0.528 5.97132
0.529 5.97132
0.53 5.97132
0.531 5.97132
0.532 5.97132
0.533 5.97132
0.534 5.97132
0.535 5.97132
0.536 5.97132
0.537 5.97132
0.538 5.97132
0.539 5.97132
0.54 5.97132
0.541 5.97132
0.542 5.97132
0.543 5.97132
0.544 5.97132
0.545 5.97132
0.546 5.97132
0.547 5.97132
0.548 5.97132
0.549 5.97132
0.55 5.97132
0.551 5.97132
0.552 5.97132
0.553 5.97132
0.554 5.97132
0.555 5.97132
0.556 5.97132
0.557 5.97132
0.558 5.97132
0.559 5.97132
0.56 5.97132
0.561 5.97132
0.562 5.97132
0.563 5.97132
0.564 5.97132
0.565 5.97132
0.566 5.97132
0.567 5.97132
0.568 5.97132
0.569 5.97132
0.57 5.97132
0.571 5.97132
0.572 5.97132
0.573 5.97132
0.574 5.97132
0.575 5.97132
0.576 5.97132
0.577 5.97132
0.578 5.97132
0.579 5.97132
0.58 5.97132
0.581 5.97132
0.582 5.97132
0.583 5.97132
0.584 5.97132
0.585 5.97132
0.586 5.97132
0.587 5.97132
0.588 5.97132
0.589 5.97132
0.59 5.97132
0.591 5.97132
0.592 5.97132
0.593 5.97132
0.594 5.97132
0.595 5.97132
0.596 5.97132
0.597 5.97132
0.598 5.97132
0.599 5.97132
0.6 5.97132
0.601 4.35404
0.602 4.35404
0.603 4.35404
0.604 4.35404
0.605 4.35404
0.606 4.35404
0.607 4.35404
0.608 4.35404
0.609 4.35404
0.61 4.35404
0.611 4.35404
0.612 4.35404
0.613 4.35404
0.614 4.35404
0.615 4.35404
0.616 4.35404
0.617 4.35404
0.618 4.35404
0.619 4.35404
0.62 4.35404
0.621 4.35404
0.622 4.35404
0.623 4.35404
0.624 4.35404
0.625 4.35404
0.626 4.35404
0.627 4.35404
0.628 4.35404
0.629 4.35404
0.63 4.35404
0.631 4.35404
0.632 4.35404
0.633 4.35404
0.634 4.35404
0.635 4.35404
0.636 4.35404
0.637 4.35404
0.638 4.35404
0.639 4.35404
0.64 4.35404
0.641 4.35404
0.642 4.35404
0.643 4.35404
0.644 4.35404
0.645 4.35404
0.646 4.35404
0.647 4.35404
0.648 4.35404
0.649 4.35404
0.65 4.35404
0.651 4.35404
0.652 4.35404
0.653 4.35404
0.654 4.35404
0.655 4.35404
0.656 4.35404
0.657 4.35404
0.658 4.35404
0.659 4.35404
0.66 4.35404
0.661 4.35404
0.662 4.35404
0.663 4.35404
0.664 4.35404
0.665 4.35404
0.666 4.35404
0.667 4.35404
0.668 4.35404
0.669 4.35404
0.67 4.35404
0.671 4.35404
0.672 4.35404
0.673 4.35404
0.674 4.35404
0.675 4.35404
0.676 4.35404
0.677 4.35404
0.678 4.35404
0.679 4.35404
0.68 4.35404
0.681 4.35404
0.682 4.35404
0.683 4.35404
0.684 4.35404
0.685 4.35404
0.686 4.35404
0.687 4.35404
0.688 4.35404
0.689 4.35404
0.69 4.35404
0.691 4.35404
0.692 4.35404
0.693 4.35404
0.694 4.35404
0.695 4.35404
0.696 4.35404
0.697 4.35404
0.698 4.35404
0.699 4.35404
0.7 4.35404
0.701 3.65764
0.702 3.65764
0.703 3.65764
0.704 3.65764
0.705 3.65764
0.706 3.65764
0.707 3.65764
0.708 3.65764
0.709 3.65764
0.71 3.65764
0.711 3.65764
0.712 3.65764
0.713 3.65764
0.714 3.65764
0.715 3.65764
0.716 3.65764
0.717 3.65764
0.718 3.65764
0.719 3.65764
0.72 3.65764
0.721 3.65764
0.722 3.65764
0.723 3.65764
0.724 3.65764
0.725 3.65764
0.726 3.65764
0.727 3.65764
0.728 3.65764
0.729 3.65764
0.73 3.65764
0.731 3.65764
0.732 3.65764
0.733 3.65764
0.734 3.65764
0.735 3.65764
0.736 3.65764
0.737 3.65764
0.738 3.65764
0.739 3.65764
0.74 3.65764
0.741 3.65764
0.742 3.65764
0.743 3.65764
0.744 3.65764
0.745 3.65764
0.746 3.65764
0.747 3.65764
0.748 3.65764
0.749 3.65764
0.75 3.65764
0.751 3.65764
0.752 3.65764
0.753 3.65764
0.754 3.65764
0.755 3.65764
0.756 3.65764
0.757 3.65764
0.758 3.65764
0.759 3.65764
0.76 3.65764
0.761 3.65764
0.762 3.65764
0.763 3.65764
0.764 3.65764
0.765 3.65764
0.766 3.65764
0.767 3.65764
0.768 3.65764
0.769 3.65764
0.77 3.65764
0.771 3.65764
0.772 3.65764
0.773 3.65764
0.774 3.65764
0.775 3.65764
0.776 3.65764
0.777 3.65764
0.778 3.65764
0.779 3.65764
0.78 3.65764
0.781 3.65764
0.782 3.65764
0.783 3.65764
0.784 3.65764
0.785 3.65764
0.786 3.65764
0.787 3.65764
0.788 3.65764
0.789 3.65764
0.79 3.65764
0.791 3.65764
0.792 3.65764
0.793 3.65764
0.794 3.65764
0.795 3.65764
0.796 3.65764
0.797 3.65764
0.798 3.65764
0.799 3.65764
0.8 3.65764
0.801 2.67418
0.802 2.67418
0.803 2.67418
0.804 2.67418
0.805 2.67418
0.806 2.67418
0.807 2.67418
0.808 2.67418
0.809 2.67418
0.81 2.67418
0.811 2.67418
0.812 2.67418
0.813 2.67418
0.814 2.67418
0.815 2.67418
0.816 2.67418
0.817 2.67418
0.818 2.67418
0.819 2.67418
0.82 2.67418
0.821 2.67418
0.822 2.67418
0.823 2.67418
0.824 2.67418
0.825 2.67418
0.826 2.67418
0.827 2.67418
0.828 2.67418
0.829 2.67418
0.83 2.67418
0.831 2.67418
0.832 2.67418
0.833 2.67418
0.834 2.67418
0.835 2.67418
0.836 2.67418
0.837 2.67418
0.838 2.67418
0.839 2.67418
0.84 2.67418
0.841 2.67418
0.842 2.67418
0.843 2.67418
0.844 2.67418
0.845 2.67418
0.846 2.67418
0.847 2.67418
0.848 2.67418
0.849 2.67418
0.85 2.67418
0.851 2.67418
0.852 2.67418
0.853 2.67418
0.854 2.67418
0.855 2.67418
0.856 2.67418
0.857 2.67418
0.858 2.67418
0.859 2.67418
0.86 2.67418
0.861 2.67418
0.862 2.67418
0.863 2.67418
0.864 2.67418
0.865 2.67418
0.866 2.67418
0.867 2.67418
0.868 2.67418
0.869 2.67418
0.87 2.67418
0.871 2.67418
0.872 2.67418
0.873 2.67418
0.874 2.67418
0.875 2.67418
0.876 2.67418
0.877 2.67418
0.878 2.67418
0.879 2.67418
0.88 2.67418
0.881 2.67418
0.882 2.67418
0.883 2.67418
0.884 2.67418
0.885 2.67418
0.886 2.67418
0.887 2.67418
0.888 2.67418
0.889 2.67418
0.89 2.67418
0.891 2.67418
0.892 2.67418
0.893 2.67418
0.894 2.67418
0.895 2.67418
0.896 2.67418
0.897 2.67418
0.898 2.67418
0.899 2.67418
0.9 2.67418
0.901 2.21308
0.902 2.21308
0.903 2.21308
0.904 2.21308
0.905 2.21308
0.906 2.21308
0.907 2.21308
0.908 2.21308
0.909 2.21308
0.91 2.21308
0.911 2.21308
0.912 2.21308
0.913 2.21308
0.914 2.21308
0.915 2.21308
0.916 2.21308
0.917 2.21308
0.918 2.21308
0.919 2.21308
0.92 2.21308
0.921 2.21308
0.922 2.21308
0.923 2.21308
0.924 2.21308
0.925 2.21308
0.926 2.21308
0.927 2.21308
0.928 2.21308
0.929 2.21308
0.93 2.21308
0.931 2.21308
0.932 2.21308
0.933 2.21308
0.934 2.21308
0.935 2.21308
0.936 2.21308
0.937 2.21308
0.938 2.21308
0.939 2.21308
0.94 2.21308
0.941 2.21308
0.942 2.21308
0.943 2.21308
0.944 2.21308
0.945 2.21308
0.946 2.21308
0.947 2.21308
0.948 2.21308
0.949 2.21308
0.95 2.21308
0.951 2.21308
0.952 2.21308
0.953 2.21308
0.954 2.21308
0.955 2.21308
0.956 2.21308
0.957 2.21308
0.958 2.21308
0.959 2.21308
0.96 2.21308
0.961 2.21308
0.962 2.21308
0.963 2.21308
0.964 2.21308
0.965 2.21308
0.966 2.21308
0.967 2.21308
0.968 2.21308
0.969 2.21308
0.97 2.21308
0.971 2.21308
0.972 2.21308
0.973 2.21308
0.974 2.21308
0.975 2.21308
0.976 2.21308
0.977 2.21308
0.978 2.21308
0.979 2.21308
0.98 2.21308
0.981 2.21308
0.982 2.21308
0.983 2.21308
0.984 2.21308
0.985 2.21308
0.986 2.21308
0.987 2.21308
0.988 2.21308
0.989 2.21308
0.99 2.21308
0.991 2.21308
0.992 2.21308
0.993 2.21308
0.994 2.21308
0.995 2.21308
0.996 2.21308
0.997 2.21308
0.998 2.21308
0.999 2.21308
