0 0
0.001 0
0.002 0
0.003 0
0.004 0
0.005 0
0.006 0
0.007 0
0.008 0
0.009 0
0.01 0
0.011 0
0.012 0
0.013 0
0.014 0
0.015 0
0.016 0
0.017 0
0.018 0
0.019 0
0.02 0
0.021 0
0.022 0
0.023 0
0.024 0
0.025 0
0.026 0
0.027 0
0.028 0
0.029 0
0.03 0
0.031 0
0.032 0
0.033 0
0.034 0
0.035 0
0.036 0
0.037 0
0.038 0
0.039 0
0.04 0
0.041 0
0.042 0
0.043 0
0.044 0
0.045 0
0.046 0
0.047 0
0.048 0
0.049 0
0.05 0
0.051 0
0.052 0
0.053 0
0.054 0
0.055 0
0.056 0
0.057 0
0.058 0
0.059 0
0.06 0
0.061 0
0.062 0
0.063 0
0.064 0
0.065 0
0.066 0
0.067 0
0.068 0
0.069 0
0.07 0
0.071 0
0.072 0
0.073 0
0.074 0
0.075 0
0.076 0
0.077 0
0.078 0
0.079 0
0.08 0
0.081 0
0.082 0
0.083 0
0.084 0
0.085 0
0.086 0
0.087 0
0.088 0
0.089 0
0.09 0
0.091 0
0.092 0
0.093 0
0.094 0
0.095 0
0.096 0
0.097 0
0.098 0
0.099 0
0.1 0
0.101 -0
0.102 -0
0.103 -0
0.104 -0
0.105 -0
0.106 -0
0.107 -0
0.108 -0
0.109 -0
0.11 -0
0.111 -0
0.112 -0
0.113 -0
0.114 -0
0.115 -0
0.116 -0
0.117 -0
0.118 -0
0.119 -0
0.12 -0
0.121 -0
0.122 -0
0.123 -0
0.124 -0
0.125 -0
0.126 -0
0.127 -0
0.128 -0
0.129 -0
0.13 -0
0.131 -0
0.132 -0
0.133 -0
0.134 -0
0.135 -0
0.136 -0
0.137 -0
0.138 -0
0.139 -0
0.14 -0
0.141 -0
0.142 -0
0.143 -0
0.144 -0
0.145 -0
0.146 -0
0.147 -0
0.148 -0
0.149 -0
0.15 -0
0.151 -0
0.152 -0
0.153 -0
0.154 -0
0.155 -0
0.156 -0
0.157 -0
0.158 -0
0.159 -0
0.16 -0
0.161 -0
0.162 -0
0.163 -0
0.164 -0
0.165 -0
0.166 -0
0.167 -0
0.168 -0
0.169 -0
0.17 -0
0.171 -0
0.172 -0
0.173 -0
0.174 -0
0.175 -0
0.176 -0
0.177 -0
0.178 -0
0.179 -0
0.18 -0
0.181 -0
0.182 -0
0.183 -0
0.184 -0
0.185 -0
0.186 -0
0.187 -0
0.188 -0
0.189 -0
0.19 -0
0.191 -0
0.192 -0
0.193 -0
0.194 -0
0.195 -0
0.196 -0
0.197 -0
0.198 -0
0.199 -0
0.2 -0
0.201 3.73072
0.202 3.73072
0.203 3.73072
0.204 3.73072
0.205 3.73072
0.206 3.73072
0.207 3.73072
0.208 3.73072
0.209 3.73072
0.21 3.73072
0.211 3.73072
0.212 3.73072
0.213 3.73072
0.214 3.73072
0.215 3.73072
0.216 3.73072
0.217 3.73072
0.218 3.73072
0.219 3.73072
0.22 3.73072
0.221 3.73072
0.222 3.73072
0.223 3.73072
0.224 3.73072
0.225 3.73072
0.226 3.73072
0.227 3.73072
0.228 3.73072
0.229 3.73072
0.23 3.73072
0.231 3.73072
0.232 3.73072
0.233 3.73072
0.234 3.73072
0.235 3.73072
0.236 3.73072
0.237 3.73072
0.238 3.73072
0.239 3.73072
0.24 3.73072
0.241 3.73072
0.242 3.73072
0.243 3.73072
0.244 3.73072
0.245 3.73072
0.246 3.73072
0.247 3.73072
0.248 3.73072
0.249 3.73072
0.25 3.73072
0.251 3.73072
0.252 3.73072
0.253 3.73072
0.254 3.73072
0.255 3.73072
0.256 3.73072
0.257 3.73072
0.258 3.73072
0.259 3.73072
0.26 3.73072
0.261 3.73072
0.262 3.73072
0.263 3.73072
0.264 3.73072
0.265 3.73072
0.266 3.73072
0.267 3.73072
0.268 3.73072
0.269 3.73072
0.27 3.73072
0.271 3.73072
0.272 3.73072
0.273 3.73072
0.274 3.73072
0.275 3.73072
0.276 3.73072
0.277 3.73072
0.278 3.73072
0.279 3.73072
0.28 3.73072
0.281 3.73072
0.282 3.73072
0.283 3.73072
0.284 3.73072
0.285 3.73072
0.286 3.73072
0.287 3.73072
0.288 3.73072
0.289 3.73072
0.29 3.73072
0.291 3.73072
0.292 3.73072
0.293 3.73072
0.294 3.73072
0.295 3.73072
0.296 3.73072
0.297 3.73072
0.298 3.73072
0.299 3.73072
0.3 3.73072
0.301 3.99891
0.302 3.99891
0.303 3.99891
0.304 3.99891
0.305 3.99891
0.306 3.99891
0.307 3.99891
0.308 3.99891
0.309 3.99891
0.31 3.99891
0.311 3.99891
0.312 3.99891
0.313 3.99891
0.314 3.99891
0.315 3.99891
0.316 3.99891
0.317 3.99891
0.318 3.99891
0.319 3.99891
0.32 3.99891
0.321 3.99891
0.322 3.99891
0.323 3.99891
0.324 3.99891
0.325 3.99891
0.326 3.99891
0.327 3.99891
0.328 3.99891
0.329 3.99891
0.33 3.99891
0.331 3.99891
0.332 3.99891
0.333 3.99891
0.334 3.99891
0.335 3.99891
0.336 3.99891
0.337 3.99891
0.338 3.99891
0.339 3.99891
0.34 3.99891
0.341 3.99891
0.342 3.99891
0.343 3.99891
0.344 3.99891
0.345 3.99891
0.346 3.99891
0.347 3.99891
0.348 3.99891
0.349 3.99891
0.35 3.99891
0.351 3.99891
0.352 3.99891
0.353 3.99891
0.354 3.99891
0.355 3.99891
0.356 3.99891
0.357 3.99891
0.358 3.99891
0.359 3.99891
0.36 3.99891
0.361 3.99891
0.362 3.99891
0.363 3.99891
0.364 3.99891
0.365 3.99891
0.366 3.99891
0.367 3.99891
0.368 3.99891
0.369 3.99891
0.37 3.99891
0.371 3.99891
0.372 3.99891
0.373 3.99891
0.374 3.99891
0.375 3.99891
0.376 3.99891
0.377 3.99891
0.378 3.99891
0.379 3.99891
0.38 3.99891
0.381 3.99891
0.382 3.99891
0.383 3.99891
0.384 3.99891
0.385 3.99891
0.386 3.99891
0.387 3.99891
0.388 3.99891
0.389 3.99891
0.39 3.99891
0.391 3.99891
0.392 3.99891
0.393 3.99891
0.394 3.99891
0.395 3.99891
0.396 3.99891
0.397 3.99891
0.398 3.99891
0.399 3.99891
0.4 3.99891
0.401 3.60466
0.402 3.60466
0.403 3.60466
0.404 3.60466
0.405 3.60466
0.406 3.60466
0.407 3.60466
0.408 3.60466
0.409 3.60466
0.41 3.60466
0.411 3.60466
0.412 3.60466
0.413 3.60466
0.414 3.60466
0.415 3.60466
0.416 3.60466
0.417 3.60466
0.418 3.60466
0.419 3.60466
0.42 3.60466
0.421 3.60466
0.422 3.60466
0.423 3.60466
0.424 3.60466
0.425 3.60466
0.426 3.60466
0.427 3.60466
0.428 3.60466
0.429 3.60466
0.43 3.60466
0.431 3.60466
0.432 3.60466
0.433 3.60466
0.434 3.60466
0.435 3.60466
0.436 3.60466
0.437 3.60466
0.438 3.60466
0.439 3.60466
0.44 3.60466
0.441 3.60466
0.442 3.60466
0.443 3.60466
0.444 3.60466
0.445 3.60466
0.446 3.60466
0.447 3.60466
0.448 3.60466
0.449 3.60466
0.45 3.60466
0.451 3.60466
0.452 3.60466
0.453 3.60466
0.454 3.60466
0.455 3.60466
0.456 3.60466
0.457 3.60466
0.458 3.60466
0.459 3.60466
0.46 3.60466
0.461 3.60466
0.462 3.60466
0.463 3.60466
0.464 3.60466
0.465 3.60466
0.466 3.60466
0.467 3.60466
0.468 3.60466
0.469 3.60466
0.47 3.60466
0.471 3.60466
0.472 3.60466
0.473 3.60466
0.474 3.60466
0.475 3.60466
0.476 3.60466
0.477 3.60466
0.478 3.60466
0.479 3.60466
0.48 3.60466
0.481 3.60466
0.482 3.60466
0.483 3.60466
0.484 3.60466
0.485 3.60466
0.486 3.60466
0.487 3.60466
0.488 3.60466
0.489 3.60466
0.49 3.60466
0.491 3.60466
0.492 3.60466
0.493 3.60466
0.494 3.60466
0.495 3.60466
0.496 3.60466
0.497 3.60466
0.498 3.60466
0.499 3.60466
0.5 3.60466
0.501 1.8041
0.502 1.8041
0.503 1.8041
0.504 1.8041
0.505 1.8041
0.506 1.8041
0.507 1.8041
0.508 1.8041
0.509 1.8041
0.51 1.8041
0.511 1.8041
0.512 1.8041
0.513 1.8041
0.514 1.8041
0.515 1.8041
0.516 1.8041
0.517 1.8041
0.518 1.8041
0.519 1.8041
0.52 1.8041
0.521 1.8041
0.522 1.8041
0.523 1.8041
0.524 1.8041
0.525 1.8041
0.526 1.8041
0.527 1.8041
0.528 1.8041
0.529 1.8041
0.53 1.8041
0.531 1.8041
0.532 1.8041
0.533 1.8041
0.534 1.8041
0.535 1.8041
0.536 1.8041
0.537 1.8041
0.538 1.8041
0.539 1.8041
0.54 1.8041
0.541 1.8041
0.542 1.8041
0.543 1.8041
0.544 1.8041
0.545 1.8041
0.546 1.8041
0.547 1.8041
0.548 1.8041
0.549 1.8041
0.55 1.8041
0.551 1.8041
0.552 1.8041
0.553 1.8041
0.554 1.8041
0.555 1.8041
0.556 1.8041
0.557 1.8041
0.558 1.8041
0.559 1.8041
0.56 1.8041
0.561 1.8041
0.562 1.8041
0.563 1.8041
0.564 1.8041
0.565 1.8041
0.566 1.8041
0.567 1.8041
0.568 1.8041
0.569 1.8041
0.57 1.8041
0.571 1.8041
0.572 1.8041
0.573 1.8041
0.574 1.8041
0.575 1.8041
0.576 1.8041
0.577 1.8041
0.578 1.8041
0.579 1.8041
0.58 1.8041
0.581 1.8041
0.582 1.8041
0.583 1.8041
0.584 1.8041
0.585 1.8041
0.586 1.8041
0.587 1.8041
0.588 1.8041
0.589 1.8041
0.59 1.8041
0.591 1.8041
0.592 1.8041
0.593 1.8041
0.594 1.8041
0.595 1.8041
0.596 1.8041
0.597 1.8041
0.598 1.8041
0.599 1.8041
0.6 1.8041
0.601 2.32208
0.602 2.32208
0.603 2.32208
0.604 2.32208
0.605 2.32208
0.606 2.32208
0.607 2.32208
0.608 2.32208
0.609 2.32208
0.61 2.32208
0.611 2.32208
0.612 2.32208
0.613 2.32208
0.614 2.32208
0.615 2.32208
0.616 2.32208
0.617 2.32208
0.618 2.32208
0.619 2.32208
0.62 2.32208
0.621 2.32208
0.622 2.32208
0.623 2.32208
0.624 2.32208
0.625 2.32208
0.626 2.32208
0.627 2.32208
0.628 2.32208
0.629 2.32208
0.63 2.32208
0.631 2.32208
0.632 2.32208
0.633 2.32208
0.634 2.32208
0.635 2.32208
0.636 2.32208
0.637 2.32208
0.638 2.32208
0.639 2.32208
0.64 2.32208
0.641 2.32208
0.642 2.32208
0.643 2.32208
0.644 2.32208
0.645 2.32208
0.646 2.32208
0.647 2.32208
0.648 2.32208
0.649 2.32208
0.65 2.32208
0.651 2.32208
0.652 2.32208
0.653 2.32208
0.654 2.32208
0.655 2.32208
0.656 2.32208
0.657 2.32208
0.658 2.32208
0.659 2.32208
0.66 2.32208
0.661 2.32208
0.662 2.32208
0.663 2.32208
0.664 2.32208
0.665 2.32208
0.666 2.32208
0.667 2.32208
0.668 2.32208
0.669 2.32208
0.67 2.32208
0.671 2.32208
0.672 2.32208
0.673 2.32208
0.674 2.32208
0.675 2.32208
0.676 2.32208
0.677 2.32208
0.678 2.32208
0.679 2.32208
0.68 2.32208
0.681 2.32208
0.682 2.32208
0.683 2.32208
0.684 2.32208
0.685 2.32208
0.686 2.32208
0.687 2.32208
0.688 2.32208
0.689 2.32208
0.69 2.32208
0.691 2.32208
0.692 2.32208
0.693 2.32208
0.694 2.32208
0.695 2.32208
0.696 2.32208
0.697 2.32208
0.698 2.32208
0.699 2.32208
0.7 2.32208
0.701 1.9524
0.702 1.9524
0.703 1.9524
0.704 1.9524
0.705 1.9524
0.706 1.9524
0.707 1.9524
0.708 1.9524
0.709 1.9524
0.71 1.9524
0.711 1.9524
0.712 1.9524
0.713 1.9524
0.714 1.9524
0.715 1.9524
0.716 1.9524
0.717 1.9524
0.718 1.9524
0.719 1.9524
0.72 1.9524
0.721 1.9524
0.722 1.9524
0.723 1.9524
0.724 1.9524
0.725 1.9524
0.726 1.9524
0.727 1.9524
0.728 1.9524
0.729 1.9524
0.73 1.9524
0.731 1.9524
0.732 1.9524
0.733 1.9524
0.734 1.9524
0.735 1.9524
0.736 1.9524
0.737 1.9524
0.738 1.9524
0.739 1.9524
0.74 1.9524
0.741 1.9524
0.742 1.9524
0.743 1.9524
0.744 1.9524
0.745 1.9524
0.746 1.9524
0.747 1.9524
0.748 1.9524
0.749 1.9524
0.75 1.9524
0.751 1.9524
0.752 1.9524
0.753 1.9524
0.754 1.9524
0.755 1.9524
0.756 1.9524
0.757 1.9524
0.758 1.9524
0.759 1.9524
0.76 1.9524
0.761 1.9524
0.762 1.9524
0.763 1.9524
0.764 1.9524
0.765 1.9524
0.766 1.9524
0.767 1.9524
0.768 1.9524
0.769 1.9524
0.77 1.9524
0.771 1.9524
0.772 1.9524
0.773 1.9524
0.774 1.9524
0.775 1.9524
0.776 1.9524
0.777 1.9524
0.778 1.9524
0.779 1.9524
0.78 1.9524
0.781 1.9524
0.782 1.9524
0.783 1.9524
0.784 1.9524
0.785 1.9524
0.786 1.9524
0.787 1.9524
0.788 1.9524
0.789 1.9524
0.79 1.9524
0.791 1.9524
0.792 1.9524
0.793 1.9524
0.794 1.9524
0.795 1.9524
0.796 1.9524
0.797 1.9524
0.798 1.9524
0.799 1.9524
0.8 1.9524
0.801 1.43022
0.802 1.43022
0.803 1.43022
0.804 1.43022
0.805 1.43022
0.806 1.43022
0.807 1.43022
0.808 1.43022
0.809 1.43022
0.81 1.43022
0.811 1.43022
0.812 1.43022
0.813 1.43022
0.814 1.43022
0.815 1.43022
0.816 1.43022
0.817 1.43022
0.818 1.43022
0.819 1.43022
0.82 1.43022
0.821 1.43022
0.822 1.43022
0.823 1.43022
0.824 1.43022
0.825 1.43022
0.826 1.43022
0.827 1.43022
0.828 1.43022
0.829 1.43022
0.83 1.43022
0.831 1.43022
0.832 1.43022
0.833 1.43022
0.834 1.43022
0.835 1.43022
0.836 1.43022
0.837 1.43022
0.838 1.43022
0.839 1.43022
0.84 1.43022
0.841 1.43022
0.842 1.43022
0.843 1.43022
0.844 1.43022
0.845 1.43022
0.846 1.43022
0.847 1.43022
0.848 1.43022
0.849 1.43022
0.85 1.43022
0.851 1.43022
0.852 1.43022
0.853 1.43022
0.854 1.43022
0.855 1.43022
0.856 1.43022
0.857 1.43022
0.858 1.43022
0.859 1.43022
0.86 1.43022
0.861 1.43022
0.862 1.43022
0.863 1.43022
0.864 1.43022
0.865 1.43022
0.866 1.43022
0.867 1.43022
0.868 1.43022
0.869 1.43022
0.87 1.43022
0.871 1.43022
0.872 1.43022
0.873 1.43022
0.874 1.43022
0.875 1.43022
0.876 1.43022
0.877 1.43022
0.878 1.43022
0.879 1.43022
0.88 1.43022
0.881 1.43022
0.882 1.43022
0.883 1.43022
0.884 1.43022
0.885 1.43022
0.886 1.43022
0.887 1.43022
0.888 1.43022
0.889 1.43022
0.89 1.43022
0.891 1.43022
0.892 1.43022
0.893 1.43022
0.894 1.43022
0.895 1.43022
0.896 1.43022
0.897 1.43022
0.898 1.43022
0.899 1.43022
0.9 1.43022
0.901 -0.251192
0.902 -0.251192
0.903 -0.251192
0.904 -0.251192
0.905 -0.251192
0.906 -0.251192
0.907 -0.251192
0.908 -0.251192
0.909 -0.251192
0.91 -0.251192
0.911 -0.251192
0.912 -0.251192
0.913 -0.251192
0.914 -0.251192
0.915 -0.251192
0.916 -0.251192
0.917 -0.251192
0.918 -0.251192
0.919 -0.251192
0.92 -0.251192
0.921 -0.251192
0.922 -0.251192
0.923 -0.251192
0.924 -0.251192
0.925 -0.251192
0.926 -0.251192
0.927 -0.251192
0.928 -0.251192
0.929 -0.251192
0.93 -0.251192
0.931 -0.251192
0.932 -0.251192
0.933 -0.251192
0.934 -0.251192
0.935 -0.251192
0.936 -0.251192
0.937 -0.251192
0.938 -0.251192
0.939 -0.251192
0.94 -0.251192
0.941 -0.251192
0.942 -0.251192
0.943 -0.251192
0.944 -0.251192
0.945 -0.251192
0.946 -0.251192
0.947 -0.251192
0.948 -0.251192
0.949 -0.251192
0.95 -0.251192
0.951 -0.251192
0.952 -0.251192
0.953 -0.251192
0.954 -0.251192
0.955 -0.251192
0.956 -0.251192
0.957 -0.251192
0.958 -0.251192
0.959 -0.251192
0.96 -0.251192
0.961 -0.251192
0.962 -0.251192
0.963 -0.251192
0.964 -0.251192
0.965 -0.251192
0.966 -0.251192
0.967 -0.251192
0.968 -0.251192
0.969 -0.251192
0.97 -0.251192
0.971 -0.251192
0.972 -0.251192
0.973 -0.251192
0.974 -0.251192
0.975 -0.251192
0.976 -0.251192
0.977 -0.251192
0.978 -0.251192
0.979 -0.251192
0.98 -0.251192
0.981 -0.251192
0.982 -0.251192
0.983 -0.251192
0.984 -0.251192
0.985 -0.251192
0.986 -0.251192
0.987 -0.251192
0.988 -0.251192
0.989 -0.251192
0.99 -0.251192
0.991 -0.251192
0.992 -0.251192
0.993 -0.251192
0.994 -0.251192
0.995 -0.251192
0.996 -0.251192
0.997 -0.251192
0.998 -0.251192
0.999 -0.251192
