0 100000
0.01 112030
0.02 111256
0.03 109563
0.04 107906
0.05 106360
0.06 105037
0.07 104394
0.08 104956
0.09 106965
0.1 110291
0.11 114553
0.12 119377
0.13 124378
0.14 129285
0.15 133903
0.16 138112
0.17 141850
0.18 145094
0.19 147854
0.2 150145
0.21 151985
0.22 153397
0.23 154407
0.24 155041
0.25 155329
0.26 155314
0.27 155048
0.28 154594
0.29 154022
0.3 153396
0.31 152764
0.32 152163
0.33 151612
0.34 151119
0.35 150682
0.36 150293
0.37 149940
0.38 149608
0.39 149275
0.4 148908
0.41 148432
0.42 147701
0.43 146513
0.44 144769
0.45 142672
0.46 140642
0.47 138994
0.48 137806
0.49 137006
0.5 136475
0.51 136111
0.52 135833
0.53 135589
0.54 135348
0.55 135091
0.56 134810
0.57 134498
0.58 134155
0.59 133782
0.6 133382
0.61 132959
0.62 132517
0.63 132060
0.64 131591
0.65 131112
0.66 130623
0.67 130124
0.68 129612
0.69 129086
0.7 128541
0.71 127975
0.72 127382
0.73 126760
0.74 126106
0.75 125417
0.76 124693
0.77 123932
0.78 123135
0.79 122304
0.8 121440
0.81 120546
0.82 119626
0.83 118682
0.84 117720
0.85 116744
0.86 115757
0.87 114765
0.88 113772
0.89 112781
0.9 111798
0.91 110824
0.92 109863
0.93 108918
0.94 107991
0.95 107084
0.96 106198
0.97 105334
0.98 104492
0.99 103674
