0 0
0.01 0
0.02 0
0.03 0
0.04 0
0.05 0
0.06 0
0.07 0
0.08 0
0.09 0
0.1 0
0.11 -2.03519
0.12 -2.03519
0.13 -2.03519
0.14 -2.03519
0.15 -2.03519
0.16 -2.03519
0.17 -2.03519
0.18 -2.03519
0.19 -2.03519
0.2 -2.03519
0.21 -2.03519
0.22 -2.03519
0.23 -2.03519
0.24 -2.03519
0.25 -2.03519
0.26 -2.03519
0.27 -2.03519
0.28 -2.03519
0.29 -2.03519
0.3 -2.03519
0.31 -2.03519
0.32 -2.03519
0.33 -2.03519
0.34 -2.03519
0.35 -2.03519
0.36 -2.03519
0.37 -2.03519
0.38 -2.03519
0.39 -2.03519
0.4 -2.03519
0.41 -2.03519
0.42 -2.03519
0.43 -2.03519
0.44 -2.03519
0.45 -2.03519
0.46 -2.03519
0.47 -2.03519
0.48 -2.03519
0.49 -2.03519
0.5 -2.03519
0.51 -2.03519
0.52 -2.03519
0.53 -2.03519
0.54 -2.03519
0.55 -2.03519
0.56 -2.03519
0.57 -2.03519
0.58 -2.03519
0.59 -2.03519
0.6 -2.03519
0.61 -2.03519
0.62 -2.03519
0.63 -2.03519
0.64 -2.03519
0.65 -2.03519
0.66 -2.03519
0.67 -2.03519
0.68 -2.03519
0.69 -2.03519
0.7 -2.03519
0.71 -2.03519
0.72 -2.03519
0.73 -2.03519
0.74 -2.03519
0.75 -2.03519
0.76 -2.03519
0.77 -2.03519
0.78 -2.03519
0.79 -2.03519
0.8 -2.03519
0.81 -2.03519
0.82 -2.03519
0.83 -2.03519
0.84 -2.03519
0.85 -2.03519
0.86 -2.03519
0.87 -2.03519
0.88 -2.03519
0.89 -2.03519
0.9 -2.03519
0.91 -2.03519
0.92 -2.03519
0.93 -2.03519
0.94 -2.03519
0.95 -2.03519
0.96 -2.03519
0.97 -2.03519
0.98 -2.03519
0.99 -2.03519
