0 0
0.01 0
0.02 0
0.03 0
0.04 0
0.05 0
0.06 0
0.07 0
0.08 0
0.09 0
0.1 0
0.11 -27.1546
0.12 -27.1546
0.13 -27.1546
0.14 -27.1546
0.15 -27.1546
0.16 -27.1546
0.17 -27.1546
0.18 -27.1546
0.19 -27.1546
0.2 -27.1546
0.21 -27.1546
0.22 -27.1546
0.23 -27.1546
0.24 -27.1546
0.25 -27.1546
0.26 -27.1546
0.27 -27.1546
0.28 -27.1546
0.29 -27.1546
0.3 -27.1546
0.31 -27.1546
0.32 -27.1546
0.33 -27.1546
0.34 -27.1546
0.35 -27.1546
0.36 -27.1546
0.37 -27.1546
0.38 -27.1546
0.39 -27.1546
0.4 -27.1546
0.41 -27.1546
0.42 -27.1546
0.43 -27.1546
0.44 -27.1546
0.45 -27.1546
0.46 -27.1546
0.47 -27.1546
0.48 -27.1546
0.49 -27.1546
0.5 -27.1546
0.51 -27.1546
0.52 -27.1546
0.53 -27.1546
0.54 -27.1546
0.55 -27.1546
0.56 -27.1546
0.57 -27.1546
0.58 -27.1546
0.59 -27.1546
0.6 -27.1546
0.61 -27.1546
0.62 -27.1546
0.63 -27.1546
0.64 -27.1546
0.65 -27.1546
0.66 -27.1546
0.67 -27.1546
0.68 -27.1546
0.69 -27.1546
0.7 -27.1546
0.71 -27.1546
0.72 -27.1546
0.73 -27.1546
0.74 -27.1546
0.75 -27.1546
0.76 -27.1546
0.77 -27.1546
0.78 -27.1546
0.79 -27.1546
0.8 -27.1546
0.81 -27.1546
0.82 -27.1546
0.83 -27.1546
0.84 -27.1546
0.85 -27.1546
0.86 -27.1546
0.87 -27.1546
0.88 -27.1546
0.89 -27.1546
0.9 -27.1546
0.91 -27.1546
0.92 -27.1546
0.93 -27.1546
0.94 -27.1546
0.95 -27.1546
0.96 -27.1546
0.97 -27.1546
0.98 -27.1546
0.99 -27.1546
