0.01 0.00150832
0.02 0.0015758
0.03 0.0015696
0.04 0.00155746
0.05 0.00154565
0.06 0.00154598
0.07 0.0015901
0.08 0.00169361
0.09 0.00184763
0.1 0.00202485
0.11 0.00219775
0.12 0.00234898
0.13 0.00247105
0.14 0.00256253
0.15 0.002626
0.16 0.00266593
0.17 0.00268722
0.18 0.0026945
0.19 0.00269152
0.2 0.00268044
0.21 0.00266267
0.22 0.00263954
0.23 0.00261201
0.24 0.00258074
0.25 0.00254704
0.26 0.00251239
0.27 0.00247859
0.28 0.00244817
0.29 0.00242295
0.3 0.00240357
0.31 0.00238976
0.32 0.00238074
0.33 0.00237536
0.34 0.00237247
0.35 0.00237096
0.36 0.00236982
0.37 0.0023683
0.38 0.00236572
0.39 0.0023611
0.4 0.00235263
0.41 0.00233549
0.42 0.00230097
0.43 0.00224169
0.44 0.00216465
0.45 0.00209586
0.46 0.00205919
0.47 0.00205579
0.48 0.00207287
0.49 0.00209647
0.5 0.00211784
0.51 0.0021334
0.52 0.00214246
0.53 0.00214598
0.54 0.00214529
0.55 0.00214147
0.56 0.0021356
0.57 0.00212822
0.58 0.00211986
0.59 0.00211094
0.6 0.00210173
0.61 0.00209245
0.62 0.00208323
0.63 0.00207414
0.64 0.00206518
0.65 0.00205628
0.66 0.00204735
0.67 0.00203826
0.68 0.00202885
0.69 0.00201898
0.7 0.00200851
0.71 0.00199735
0.72 0.00198541
0.73 0.00197265
0.74 0.00195908
0.75 0.00194471
0.76 0.0019296
0.77 0.00191382
0.78 0.00189748
0.79 0.00188066
0.8 0.0018635
0.81 0.00184609
0.82 0.00182856
0.83 0.00181102
0.84 0.00179358
0.85 0.00177632
0.86 0.00175934
0.87 0.00174271
0.88 0.0017265
0.89 0.00171074
0.9 0.00169547
0.91 0.00168072
0.92 0.00166651
0.93 0.00165282
0.94 0.00163966
0.95 0.001627
0.96 0.00161484
0.97 0.00160314
0.98 0.00159187
0.99 0.00158101
1 0.00157052
