0.01 0.00305343
0.02 0.00306285
0.03 0.00304606
0.04 0.00302738
0.05 0.00300997
0.06 0.00302747
0.07 0.00316082
0.08 0.00342805
0.09 0.00379997
0.1 0.00420881
0.11 0.00459392
0.12 0.00492033
0.13 0.00517436
0.14 0.0053557
0.15 0.00547196
0.16 0.00553464
0.17 0.00555579
0.18 0.00554659
0.19 0.00551587
0.2 0.00546821
0.21 0.00540699
0.22 0.00533558
0.23 0.00525622
0.24 0.00517049
0.25 0.00508214
0.26 0.00499436
0.27 0.00491162
0.28 0.00484051
0.29 0.00478469
0.3 0.00474444
0.31 0.0047182
0.32 0.00470332
0.33 0.00469655
0.34 0.0046949
0.35 0.00469559
0.36 0.00469627
0.37 0.00469527
0.38 0.00469099
0.39 0.00468102
0.4 0.00466045
0.41 0.00461589
0.42 0.00452483
0.43 0.00437311
0.44 0.00418975
0.45 0.00404524
0.46 0.00398943
0.47 0.00401022
0.48 0.0040709
0.49 0.00413811
0.5 0.00419368
0.51 0.00423207
0.52 0.00425341
0.53 0.00426144
0.54 0.00425962
0.55 0.00425076
0.56 0.00423749
0.57 0.00422101
0.58 0.0042026
0.59 0.00418324
0.6 0.00416352
0.61 0.00414391
0.62 0.00412467
0.63 0.0041059
0.64 0.00408752
0.65 0.00406937
0.66 0.00405115
0.67 0.00403253
0.68 0.00401317
0.69 0.00399271
0.7 0.00397089
0.71 0.00394746
0.72 0.00392231
0.73 0.00389538
0.74 0.00386669
0.75 0.00383634
0.76 0.0038045
0.77 0.00377136
0.78 0.00373715
0.79 0.00370213
0.8 0.00366656
0.81 0.0036307
0.82 0.0035948
0.83 0.00355911
0.84 0.00352384
0.85 0.00348918
0.86 0.00345531
0.87 0.00342236
0.88 0.00339044
0.89 0.00335963
0.9 0.00332997
0.91 0.00330149
0.92 0.00327419
0.93 0.00324805
0.94 0.00322303
0.95 0.00319908
0.96 0.00317614
0.97 0.00315413
0.98 0.003133
0.99 0.00311265
1 0.00309301
