0.001 0.000679208
0.002 0.00104231
0.003 0.00112866
0.004 0.00120422
0.005 0.00129231
0.006 0.00136621
0.007 0.00141597
0.008 0.00145402
0.009 0.00148423
0.01 0.0015078
0.011 0.00152591
0.012 0.00153978
0.013 0.00155041
0.014 0.00155791
0.015 0.00156358
0.016 0.00156777
0.017 0.00157077
0.018 0.0015729
0.019 0.0015743
0.02 0.0015751
0.021 0.00157545
0.022 0.00157543
0.023 0.00157513
0.024 0.00157461
0.025 0.00157392
0.026 0.00157309
0.027 0.00157216
0.028 0.00157116
0.029 0.00157008
0.03 0.00156897
0.031 0.00156781
0.032 0.00156664
0.033 0.00156544
0.034 0.00156423
0.035 0.001563
0.036 0.00156178
0.037 0.00156055
0.038 0.00155931
0.039 0.00155808
0.04 0.00155685
0.041 0.00155562
0.042 0.0015544
0.043 0.00155317
0.044 0.00155196
0.045 0.00155074
0.046 0.00154958
0.047 0.00154843
0.048 0.00154729
0.049 0.00154616
0.05 0.00154504
0.051 0.00154428
0.052 0.00154359
0.053 0.00154297
0.054 0.00154241
0.055 0.00154188
0.056 0.00154224
0.057 0.00154279
0.058 0.00154356
0.059 0.00154447
0.06 0.00154548
0.061 0.00154795
0.062 0.00155067
0.063 0.00155376
0.064 0.00155708
0.065 0.00156056
0.066 0.00156576
0.067 0.00157128
0.068 0.00157724
0.069 0.0015835
0.07 0.00158995
0.071 0.00159818
0.072 0.00160669
0.073 0.0016156
0.074 0.00162485
0.075 0.00163432
0.076 0.00164548
0.077 0.00165688
0.078 0.0016688
0.079 0.00168103
0.08 0.00169349
0.081 0.00170735
0.082 0.00172141
0.083 0.00173592
0.084 0.0017507
0.085 0.00176567
0.086 0.00178161
0.087 0.00179771
0.088 0.00181412
0.089 0.00183075
0.09 0.00184751
0.091 0.00186478
0.092 0.00188216
0.093 0.00189972
0.094 0.00191741
0.095 0.00193518
0.096 0.001953
0.097 0.00197087
0.098 0.00198879
0.099 0.00200675
0.1 0.00202474
0.101 0.00204244
0.102 0.00206015
0.103 0.00207781
0.104 0.00209544
0.105 0.00211306
0.106 0.00213012
0.107 0.00214716
0.108 0.00216405
0.109 0.00218087
0.11 0.00219764
0.111 0.00221367
0.112 0.00222964
0.113 0.00224541
0.114 0.00226106
0.115 0.00227664
0.116 0.00229137
0.117 0.00230604
0.118 0.00232046
0.119 0.00233474
0.12 0.00234894
0.121 0.00236222
0.122 0.00237542
0.123 0.00238835
0.124 0.00240112
0.125 0.0024138
0.126 0.00242555
0.127 0.00243722
0.128 0.00244859
0.129 0.00245982
0.13 0.00247094
0.131 0.00248115
0.132 0.00249128
0.133 0.00250112
0.134 0.0025108
0.135 0.0025204
0.136 0.0025291
0.137 0.00253773
0.138 0.00254608
0.139 0.00255428
0.14 0.0025624
0.141 0.00256968
0.142 0.00257689
0.143 0.00258384
0.144 0.00259064
0.145 0.00259737
0.146 0.00260333
0.147 0.00260923
0.148 0.00261488
0.149 0.0026204
0.15 0.00262585
0.151 0.00263061
0.152 0.00263531
0.153 0.00263979
0.154 0.00264415
0.155 0.00264844
0.156 0.00265212
0.157 0.00265576
0.158 0.00265918
0.159 0.00266251
0.16 0.00266577
0.161 0.0026685
0.162 0.00267118
0.163 0.00267368
0.164 0.00267609
0.165 0.00267844
0.166 0.00268034
0.167 0.00268219
0.168 0.00268388
0.169 0.0026855
0.17 0.00268706
0.171 0.00268823
0.172 0.00268937
0.173 0.00269037
0.174 0.0026913
0.175 0.00269219
0.176 0.00269274
0.177 0.00269327
0.178 0.00269368
0.179 0.00269403
0.18 0.00269434
0.181 0.00269438
0.182 0.00269439
0.183 0.00269429
0.184 0.00269415
0.185 0.00269397
0.186 0.00269355
0.187 0.00269311
0.188 0.00269257
0.189 0.00269199
0.19 0.00269138
0.191 0.00269055
0.192 0.0026897
0.193 0.00268876
0.194 0.00268778
0.195 0.00268678
0.196 0.00268557
0.197 0.00268435
0.198 0.00268304
0.199 0.0026817
0.2 0.00268033
0.201 0.00267879
0.202 0.00267689
0.203 0.002676
0.204 0.00267388
0.205 0.00267237
0.206 0.00267041
0.207 0.00266856
0.208 0.0026666
0.209 0.00266463
0.21 0.00266263
0.211 0.0026605
0.212 0.00265835
0.213 0.00265615
0.214 0.00265392
0.215 0.00265167
0.216 0.00264929
0.217 0.0026469
0.218 0.00264446
0.219 0.002642
0.22 0.00263951
0.221 0.00263692
0.222 0.00263431
0.223 0.00263165
0.224 0.00262897
0.225 0.00262627
0.226 0.00262347
0.227 0.00262065
0.228 0.00261779
0.229 0.00261491
0.23 0.00261201
0.231 0.00260902
0.232 0.00260601
0.233 0.00260296
0.234 0.00259989
0.235 0.0025968
0.236 0.00259364
0.237 0.00259046
0.238 0.00258725
0.239 0.00258402
0.24 0.00258077
0.241 0.00257748
0.242 0.00257418
0.243 0.00257085
0.244 0.0025675
0.245 0.00256414
0.246 0.00256076
0.247 0.00255737
0.248 0.00255396
0.249 0.00255054
0.25 0.00254711
0.251 0.00254369
0.252 0.00254025
0.253 0.00253681
0.254 0.00253336
0.255 0.00252989
0.256 0.00252645
0.257 0.00252297
0.258 0.00251949
0.259 0.002516
0.26 0.00251251
0.261 0.00250908
0.262 0.00250565
0.263 0.00250223
0.264 0.0024988
0.265 0.00249537
0.266 0.00249204
0.267 0.00248871
0.268 0.0024854
0.269 0.00248209
0.27 0.00247878
0.271 0.0024756
0.272 0.00247243
0.273 0.00246929
0.274 0.00246616
0.275 0.00246303
0.276 0.00246006
0.277 0.00245711
0.278 0.00245419
0.279 0.00245129
0.28 0.0024484
0.281 0.00244568
0.282 0.00244299
0.283 0.00244034
0.284 0.0024377
0.285 0.00243508
0.286 0.00243265
0.287 0.00243023
0.288 0.00242787
0.289 0.00242552
0.29 0.0024232
0.291 0.00242105
0.292 0.00241893
0.293 0.00241686
0.294 0.00241481
0.295 0.00241277
0.296 0.00241092
0.297 0.00240909
0.298 0.00240731
0.299 0.00240555
0.3 0.0024038
0.301 0.00240223
0.302 0.00240066
0.303 0.0023992
0.304 0.0023977
0.305 0.00239623
0.306 0.00239492
0.307 0.00239364
0.308 0.0023924
0.309 0.00239118
0.31 0.00238998
0.311 0.00238892
0.312 0.00238787
0.313 0.00238687
0.314 0.00238589
0.315 0.00238493
0.316 0.00238408
0.317 0.00238325
0.318 0.00238246
0.319 0.00238169
0.32 0.00238093
0.321 0.00238027
0.322 0.00237963
0.323 0.00237902
0.324 0.00237843
0.325 0.00237785
0.326 0.00237735
0.327 0.00237686
0.328 0.00237641
0.329 0.00237596
0.33 0.00237553
0.331 0.00237516
0.332 0.0023748
0.333 0.00237447
0.334 0.00237414
0.335 0.00237383
0.336 0.00237356
0.337 0.00237331
0.338 0.00237307
0.339 0.00237284
0.34 0.00237261
0.341 0.00237242
0.342 0.00237224
0.343 0.00237206
0.344 0.0023719
0.345 0.00237174
0.346 0.00237159
0.347 0.00237146
0.348 0.00237132
0.349 0.0023712
0.35 0.00237108
0.351 0.00237096
0.352 0.00237084
0.353 0.00237073
0.354 0.00237062
0.355 0.00237051
0.356 0.00237039
0.357 0.00237028
0.358 0.00237016
0.359 0.00237004
0.36 0.00236993
0.361 0.00236979
0.362 0.00236966
0.363 0.00236952
0.364 0.00236939
0.365 0.00236925
0.366 0.00236908
0.367 0.00236892
0.368 0.00236875
0.369 0.00236858
0.37 0.0023684
0.371 0.00236819
0.372 0.00236797
0.373 0.00236775
0.374 0.00236752
0.375 0.00236729
0.376 0.00236701
0.377 0.00236673
0.378 0.00236643
0.379 0.00236612
0.38 0.00236581
0.381 0.00236544
0.382 0.00236506
0.383 0.00236466
0.384 0.00236425
0.385 0.00236384
0.386 0.00236334
0.387 0.00236283
0.388 0.0023623
0.389 0.00236175
0.39 0.0023612
0.391 0.00236053
0.392 0.00235985
0.393 0.00235913
0.394 0.0023584
0.395 0.00235766
0.396 0.00235674
0.397 0.00235579
0.398 0.0023548
0.399 0.00235378
0.4 0.00235275
0.401 0.00235144
0.402 0.00235013
0.403 0.00234865
0.404 0.00234722
0.405 0.00234574
0.406 0.00234386
0.407 0.00234193
0.408 0.00233988
0.409 0.00233778
0.41 0.00233564
0.411 0.00233295
0.412 0.0023302
0.413 0.00232727
0.414 0.00232429
0.415 0.00232124
0.416 0.00231749
0.417 0.00231364
0.418 0.00230958
0.419 0.00230543
0.42 0.00230121
0.421 0.0022962
0.422 0.00229109
0.423 0.00228574
0.424 0.00228028
0.425 0.00227472
0.426 0.00226845
0.427 0.00226206
0.428 0.00225544
0.429 0.0022487
0.43 0.00224193
0.431 0.00223465
0.432 0.00222727
0.433 0.00221972
0.434 0.00221208
0.435 0.00220435
0.436 0.00219657
0.437 0.00218873
0.438 0.00218083
0.439 0.00217288
0.44 0.0021649
0.441 0.00215737
0.442 0.00214985
0.443 0.0021424
0.444 0.00213498
0.445 0.00212758
0.446 0.00212104
0.447 0.00211459
0.448 0.00210833
0.449 0.00210216
0.45 0.00209608
0.451 0.0020911
0.452 0.00208628
0.453 0.00208173
0.454 0.00207733
0.455 0.00207305
0.456 0.00206987
0.457 0.00206688
0.458 0.00206416
0.459 0.00206163
0.46 0.00205924
0.461 0.00205779
0.462 0.00205653
0.463 0.00205553
0.464 0.00205469
0.465 0.00205397
0.466 0.002054
0.467 0.00205418
0.468 0.00205457
0.469 0.0020551
0.47 0.00205572
0.471 0.00205684
0.472 0.00205808
0.473 0.00205952
0.474 0.00206106
0.475 0.00206268
0.476 0.00206456
0.477 0.00206651
0.478 0.00206857
0.479 0.00207068
0.48 0.00207286
0.481 0.00207511
0.482 0.0020774
0.483 0.00207974
0.484 0.00208212
0.485 0.00208452
0.486 0.00208688
0.487 0.00208926
0.488 0.00209164
0.489 0.00209404
0.49 0.00209644
0.491 0.00209871
0.492 0.00210099
0.493 0.00210323
0.494 0.00210548
0.495 0.00210772
0.496 0.00210978
0.497 0.00211183
0.498 0.00211384
0.499 0.00211583
0.5 0.00211782
0.501 0.00211959
0.502 0.00212157
0.503 0.00212298
0.504 0.0021247
0.505 0.00212638
0.506 0.00212784
0.507 0.00212928
0.508 0.00213067
0.509 0.00213204
0.51 0.00213339
0.511 0.00213452
0.512 0.00213563
0.513 0.00213669
0.514 0.00213771
0.515 0.00213872
0.516 0.00213953
0.517 0.00214032
0.518 0.00214106
0.519 0.00214177
0.52 0.00214246
0.521 0.00214299
0.522 0.0021435
0.523 0.00214396
0.524 0.0021444
0.525 0.00214482
0.526 0.00214511
0.527 0.00214537
0.528 0.00214559
0.529 0.0021458
0.53 0.00214598
0.531 0.00214605
0.532 0.0021461
0.533 0.00214611
0.534 0.00214611
0.535 0.00214609
0.536 0.00214597
0.537 0.00214584
0.538 0.00214567
0.539 0.00214549
0.54 0.00214529
0.541 0.00214501
0.542 0.00214471
0.543 0.00214439
0.544 0.00214405
0.545 0.0021437
0.546 0.00214328
0.547 0.00214286
0.548 0.00214241
0.549 0.00214195
0.55 0.00214148
0.551 0.00214096
0.552 0.00214043
0.553 0.00213989
0.554 0.00213933
0.555 0.00213877
0.556 0.00213816
0.557 0.00213754
0.558 0.0021369
0.559 0.00213626
0.56 0.00213561
0.561 0.00213492
0.562 0.00213422
0.563 0.00213351
0.564 0.0021328
0.565 0.00213207
0.566 0.00213132
0.567 0.00213056
0.568 0.00212979
0.569 0.00212901
0.57 0.00212823
0.571 0.00212743
0.572 0.00212662
0.573 0.0021258
0.574 0.00212498
0.575 0.00212415
0.576 0.0021233
0.577 0.00212245
0.578 0.00212159
0.579 0.00212073
0.58 0.00211987
0.581 0.00211899
0.582 0.00211811
0.583 0.00211723
0.584 0.00211634
0.585 0.00211546
0.586 0.00211456
0.587 0.00211366
0.588 0.00211275
0.589 0.00211185
0.59 0.00211094
0.591 0.00211003
0.592 0.00210911
0.593 0.0021082
0.594 0.00210728
0.595 0.00210636
0.596 0.00210543
0.597 0.00210451
0.598 0.00210358
0.599 0.00210266
0.6 0.00210173
0.601 0.0021008
0.602 0.00209976
0.603 0.00209891
0.604 0.00209802
0.605 0.00209707
0.606 0.00209614
0.607 0.00209522
0.608 0.00209429
0.609 0.00209336
0.61 0.00209244
0.611 0.00209151
0.612 0.00209059
0.613 0.00208966
0.614 0.00208874
0.615 0.00208781
0.616 0.00208689
0.617 0.00208597
0.618 0.00208505
0.619 0.00208414
0.62 0.00208322
0.621 0.0020823
0.622 0.00208139
0.623 0.00208048
0.624 0.00207956
0.625 0.00207865
0.626 0.00207775
0.627 0.00207684
0.628 0.00207593
0.629 0.00207503
0.63 0.00207412
0.631 0.00207322
0.632 0.00207232
0.633 0.00207142
0.634 0.00207053
0.635 0.00206963
0.636 0.00206873
0.637 0.00206784
0.638 0.00206694
0.639 0.00206605
0.64 0.00206516
0.641 0.00206427
0.642 0.00206338
0.643 0.00206249
0.644 0.00206159
0.645 0.0020607
0.646 0.00205982
0.647 0.00205893
0.648 0.00205804
0.649 0.00205715
0.65 0.00205626
0.651 0.00205537
0.652 0.00205448
0.653 0.00205359
0.654 0.00205269
0.655 0.0020518
0.656 0.00205091
0.657 0.00205001
0.658 0.00204912
0.659 0.00204822
0.66 0.00204732
0.661 0.00204642
0.662 0.00204552
0.663 0.00204461
0.664 0.00204371
0.665 0.0020428
0.666 0.00204189
0.667 0.00204098
0.668 0.00204006
0.669 0.00203914
0.67 0.00203822
0.671 0.0020373
0.672 0.00203637
0.673 0.00203543
0.674 0.0020345
0.675 0.00203356
0.676 0.00203262
0.677 0.00203167
0.678 0.00203072
0.679 0.00202976
0.68 0.00202881
0.681 0.00202784
0.682 0.00202687
0.683 0.00202589
0.684 0.00202492
0.685 0.00202394
0.686 0.00202294
0.687 0.00202195
0.688 0.00202094
0.689 0.00201994
0.69 0.00201893
0.691 0.00201791
0.692 0.00201688
0.693 0.00201585
0.694 0.00201482
0.695 0.00201378
0.696 0.00201272
0.697 0.00201167
0.698 0.0020106
0.699 0.00200953
0.7 0.00200846
0.701 0.00200737
0.702 0.00200631
0.703 0.00200515
0.704 0.00200407
0.705 0.00200296
0.706 0.00200184
0.707 0.00200071
0.708 0.00199957
0.709 0.00199843
0.71 0.00199729
0.711 0.00199612
0.712 0.00199495
0.713 0.00199378
0.714 0.0019926
0.715 0.00199142
0.716 0.00199021
0.717 0.001989
0.718 0.00198779
0.719 0.00198657
0.72 0.00198534
0.721 0.0019841
0.722 0.00198285
0.723 0.00198159
0.724 0.00198033
0.725 0.00197906
0.726 0.00197778
0.727 0.00197649
0.728 0.00197519
0.729 0.00197388
0.73 0.00197258
0.731 0.00197125
0.732 0.00196992
0.733 0.00196858
0.734 0.00196723
0.735 0.00196589
0.736 0.00196452
0.737 0.00196314
0.738 0.00196176
0.739 0.00196038
0.74 0.00195899
0.741 0.00195758
0.742 0.00195617
0.743 0.00195475
0.744 0.00195332
0.745 0.0019519
0.746 0.00195045
0.747 0.001949
0.748 0.00194754
0.749 0.00194607
0.75 0.00194461
0.751 0.00194312
0.752 0.00194163
0.753 0.00194014
0.754 0.00193864
0.755 0.00193713
0.756 0.00193561
0.757 0.00193409
0.758 0.00193256
0.759 0.00193102
0.76 0.00192948
0.761 0.00192793
0.762 0.00192637
0.763 0.00192481
0.764 0.00192324
0.765 0.00192167
0.766 0.00192008
0.767 0.00191849
0.768 0.0019169
0.769 0.0019153
0.77 0.0019137
0.771 0.00191208
0.772 0.00191046
0.773 0.00190884
0.774 0.00190721
0.775 0.00190558
0.776 0.00190394
0.777 0.00190229
0.778 0.00190064
0.779 0.00189899
0.78 0.00189733
0.781 0.00189567
0.782 0.001894
0.783 0.00189233
0.784 0.00189065
0.785 0.00188897
0.786 0.00188728
0.787 0.00188559
0.788 0.0018839
0.789 0.0018822
0.79 0.00188051
0.791 0.0018788
0.792 0.00187709
0.793 0.00187538
0.794 0.00187367
0.795 0.00187195
0.796 0.00187023
0.797 0.00186851
0.798 0.00186678
0.799 0.00186505
0.8 0.00186332
0.801 0.00186159
0.802 0.0018599
0.803 0.00185808
0.804 0.00185636
0.805 0.00185462
0.806 0.00185288
0.807 0.00185114
0.808 0.00184939
0.809 0.00184765
0.81 0.0018459
0.811 0.00184415
0.812 0.0018424
0.813 0.00184064
0.814 0.00183889
0.815 0.00183713
0.816 0.00183538
0.817 0.00183363
0.818 0.00183187
0.819 0.00183011
0.82 0.00182835
0.821 0.0018266
0.822 0.00182484
0.823 0.00182309
0.824 0.00182133
0.825 0.00181957
0.826 0.00181782
0.827 0.00181606
0.828 0.00181431
0.829 0.00181255
0.83 0.0018108
0.831 0.00180905
0.832 0.0018073
0.833 0.00180555
0.834 0.0018038
0.835 0.00180205
0.836 0.00180031
0.837 0.00179856
0.838 0.00179682
0.839 0.00179508
0.84 0.00179334
0.841 0.0017916
0.842 0.00178987
0.843 0.00178814
0.844 0.0017864
0.845 0.00178467
0.846 0.00178295
0.847 0.00178123
0.848 0.00177951
0.849 0.00177779
0.85 0.00177607
0.851 0.00177436
0.852 0.00177265
0.853 0.00177094
0.854 0.00176924
0.855 0.00176753
0.856 0.00176584
0.857 0.00176414
0.858 0.00176245
0.859 0.00176076
0.86 0.00175907
0.861 0.0017574
0.862 0.00175572
0.863 0.00175405
0.864 0.00175237
0.865 0.0017507
0.866 0.00174904
0.867 0.00174739
0.868 0.00174573
0.869 0.00174408
0.87 0.00174243
0.871 0.00174079
0.872 0.00173916
0.873 0.00173752
0.874 0.00173589
0.875 0.00173426
0.876 0.00173264
0.877 0.00173103
0.878 0.00172942
0.879 0.00172781
0.88 0.0017262
0.881 0.00172461
0.882 0.00172301
0.883 0.00172143
0.884 0.00171984
0.885 0.00171826
0.886 0.00171668
0.887 0.00171512
0.888 0.00171355
0.889 0.00171199
0.89 0.00171043
0.891 0.00170888
0.892 0.00170734
0.893 0.0017058
0.894 0.00170427
0.895 0.00170273
0.896 0.00170121
0.897 0.00169969
0.898 0.00169818
0.899 0.00169667
0.9 0.00169516
0.901 0.00169366
0.902 0.00169237
0.903 0.00169066
0.904 0.00168918
0.905 0.0016877
0.906 0.00168624
0.907 0.00168477
0.908 0.00168331
0.909 0.00168186
0.91 0.0016804
0.911 0.00167896
0.912 0.00167752
0.913 0.00167609
0.914 0.00167465
0.915 0.00167322
0.916 0.00167181
0.917 0.0016704
0.918 0.00166899
0.919 0.00166758
0.92 0.00166618
0.921 0.00166479
0.922 0.0016634
0.923 0.00166202
0.924 0.00166064
0.925 0.00165927
0.926 0.0016579
0.927 0.00165655
0.928 0.00165519
0.929 0.00165384
0.93 0.00165249
0.931 0.00165115
0.932 0.00164982
0.933 0.00164849
0.934 0.00164716
0.935 0.00164584
0.936 0.00164453
0.937 0.00164322
0.938 0.00164192
0.939 0.00164062
0.94 0.00163932
0.941 0.00163804
0.942 0.00163676
0.943 0.00163548
0.944 0.00163421
0.945 0.00163293
0.946 0.00163167
0.947 0.00163042
0.948 0.00162917
0.949 0.00162792
0.95 0.00162667
0.951 0.00162543
0.952 0.0016242
0.953 0.00162297
0.954 0.00162175
0.955 0.00162053
0.956 0.00161932
0.957 0.00161811
0.958 0.0016169
0.959 0.0016157
0.96 0.0016145
0.961 0.00161332
0.962 0.00161213
0.963 0.00161095
0.964 0.00160977
0.965 0.0016086
0.966 0.00160743
0.967 0.00160627
0.968 0.00160511
0.969 0.00160396
0.97 0.0016028
0.971 0.00160166
0.972 0.00160052
0.973 0.00159938
0.974 0.00159825
0.975 0.00159712
0.976 0.001596
0.977 0.00159488
0.978 0.00159376
0.979 0.00159265
0.98 0.00159154
0.981 0.00159044
0.982 0.00158934
0.983 0.00158824
0.984 0.00158715
0.985 0.00158606
0.986 0.00158498
0.987 0.0015839
0.988 0.00158283
0.989 0.00158175
0.99 0.00158068
0.991 0.00157962
0.992 0.00157856
0.993 0.0015775
0.994 0.00157645
0.995 0.00157539
0.996 0.00157435
0.997 0.0015733
0.998 0.00157227
0.999 0.00157123
1 0.00157019
