0.001 0.000527625
0.002 0.000531969
0.003 0.000534999
0.004 0.000537052
0.005 0.00053856
0.006 0.000539717
0.007 0.000540561
0.008 0.000541148
0.009 0.000541537
0.01 0.000541776
0.011 0.000541896
0.012 0.000541923
0.013 0.000541876
0.014 0.000541775
0.015 0.00054163
0.016 0.000541453
0.017 0.000541249
0.018 0.000541027
0.019 0.00054079
0.02 0.000540541
0.021 0.000540285
0.022 0.000540022
0.023 0.000539755
0.024 0.000539486
0.025 0.000539214
0.026 0.000538942
0.027 0.00053867
0.028 0.000538399
0.029 0.000538128
0.03 0.000537858
0.031 0.00053759
0.032 0.000537323
0.033 0.000537059
0.034 0.000536796
0.035 0.000536534
0.036 0.000536275
0.037 0.000536018
0.038 0.000535763
0.039 0.00053551
0.04 0.000535259
0.041 0.00053501
0.042 0.000534763
0.043 0.000534518
0.044 0.000534276
0.045 0.000534035
0.046 0.000533796
0.047 0.00053356
0.048 0.000533326
0.049 0.000533094
0.05 0.000532864
0.051 0.000532638
0.052 0.000532416
0.053 0.000532198
0.054 0.000531984
0.055 0.000531773
0.056 0.00053157
0.057 0.000531376
0.058 0.000531189
0.059 0.000531009
0.06 0.000530836
0.061 0.000530676
0.062 0.000530529
0.063 0.000530395
0.064 0.000530273
0.065 0.000530161
0.066 0.000530067
0.067 0.000529992
0.068 0.000529933
0.069 0.000529889
0.07 0.00052986
0.071 0.000529853
0.072 0.000529866
0.073 0.0005299
0.074 0.000529953
0.075 0.000530023
0.076 0.000530117
0.077 0.000530235
0.078 0.000530375
0.079 0.000530536
0.08 0.000530717
0.081 0.000530923
0.082 0.000531154
0.083 0.000531407
0.084 0.000531683
0.085 0.00053198
0.086 0.0005323
0.087 0.000532644
0.088 0.000533011
0.089 0.0005334
0.09 0.000533809
0.091 0.00053424
0.092 0.000534693
0.093 0.000535167
0.094 0.000535661
0.095 0.000536176
0.096 0.000536709
0.097 0.000537261
0.098 0.000537831
0.099 0.000538419
0.1 0.000539026
0.101 0.000539649
0.102 0.000540287
0.103 0.000540941
0.104 0.000541611
0.105 0.000542297
0.106 0.000542996
0.107 0.000543708
0.108 0.000544432
0.109 0.00054517
0.11 0.000545922
0.111 0.000546683
0.112 0.000547455
0.113 0.000548236
0.114 0.000549028
0.115 0.000549831
0.116 0.000550642
0.117 0.00055146
0.118 0.000552285
0.119 0.000553118
0.12 0.00055396
0.121 0.000554807
0.122 0.000555659
0.123 0.000556515
0.124 0.000557378
0.125 0.000558246
0.126 0.000559117
0.127 0.00055999
0.128 0.000560866
0.129 0.000561746
0.13 0.000562629
0.131 0.000563513
0.132 0.000564397
0.133 0.000565282
0.134 0.000566168
0.135 0.000567056
0.136 0.000567942
0.137 0.000568827
0.138 0.000569711
0.139 0.000570594
0.14 0.000571477
0.141 0.000572357
0.142 0.000573234
0.143 0.000574108
0.144 0.00057498
0.145 0.00057585
0.146 0.000576715
0.147 0.000577576
0.148 0.000578433
0.149 0.000579286
0.15 0.000580136
0.151 0.00058098
0.152 0.000581819
0.153 0.000582652
0.154 0.00058348
0.155 0.000584303
0.156 0.00058512
0.157 0.000585931
0.158 0.000586735
0.159 0.000587533
0.16 0.000588325
0.161 0.00058911
0.162 0.000589888
0.163 0.000590658
0.164 0.000591422
0.165 0.000592179
0.166 0.000592929
0.167 0.00059367
0.168 0.000594404
0.169 0.00059513
0.17 0.000595849
0.171 0.000596559
0.172 0.000597262
0.173 0.000597956
0.174 0.000598642
0.175 0.00059932
0.176 0.00059999
0.177 0.000600651
0.178 0.000601304
0.179 0.000601948
0.18 0.000602585
0.181 0.000603213
0.182 0.000603831
0.183 0.000604442
0.184 0.000605043
0.185 0.000605637
0.186 0.000606221
0.187 0.000606797
0.188 0.000607364
0.189 0.000607922
0.19 0.000608471
0.191 0.000609012
0.192 0.000609543
0.193 0.000610066
0.194 0.000610579
0.195 0.000611084
0.196 0.00061158
0.197 0.000612066
0.198 0.000612544
0.199 0.000613012
0.2 0.000613472
0.201 0.000613922
0.202 0.000614363
0.203 0.000614794
0.204 0.000615216
0.205 0.00061563
0.206 0.000616034
0.207 0.000616429
0.208 0.000616815
0.209 0.000617192
0.21 0.000617561
0.211 0.00061792
0.212 0.00061827
0.213 0.000618611
0.214 0.000618943
0.215 0.000619267
0.216 0.000619581
0.217 0.000619886
0.218 0.000620183
0.219 0.00062047
0.22 0.000620749
0.221 0.000621019
0.222 0.00062128
0.223 0.000621533
0.224 0.000621776
0.225 0.000622011
0.226 0.000622238
0.227 0.000622455
0.228 0.000622664
0.229 0.000622865
0.23 0.000623057
0.231 0.00062324
0.232 0.000623415
0.233 0.000623581
0.234 0.000623739
0.235 0.000623889
0.236 0.000624031
0.237 0.000624164
0.238 0.000624289
0.239 0.000624405
0.24 0.000624514
0.241 0.000624615
0.242 0.000624708
0.243 0.000624793
0.244 0.000624871
0.245 0.000624941
0.246 0.000625003
0.247 0.000625058
0.248 0.000625106
0.249 0.000625146
0.25 0.000625179
0.251 0.000625206
0.252 0.000625225
0.253 0.000625238
0.254 0.000625244
0.255 0.000625243
0.256 0.000625235
0.257 0.000625222
0.258 0.000625202
0.259 0.000625176
0.26 0.000625144
0.261 0.000625106
0.262 0.000625062
0.263 0.000625013
0.264 0.000624959
0.265 0.000624899
0.266 0.000624834
0.267 0.000624764
0.268 0.00062469
0.269 0.00062461
0.27 0.000624526
0.271 0.000624438
0.272 0.000624345
0.273 0.000624249
0.274 0.000624149
0.275 0.000624045
0.276 0.000623937
0.277 0.000623827
0.278 0.000623713
0.279 0.000623596
0.28 0.000623476
0.281 0.000623354
0.282 0.00062323
0.283 0.000623103
0.284 0.000622974
0.285 0.000622843
0.286 0.00062271
0.287 0.000622575
0.288 0.000622439
0.289 0.000622302
0.29 0.000622163
0.291 0.000622023
0.292 0.000621882
0.293 0.000621741
0.294 0.000621598
0.295 0.000621455
0.296 0.000621311
0.297 0.000621167
0.298 0.000621023
0.299 0.000620878
0.3 0.000620733
0.301 0.000620589
0.302 0.000620444
0.303 0.0006203
0.304 0.000620156
0.305 0.000620012
0.306 0.000619868
0.307 0.000619726
0.308 0.000619584
0.309 0.000619442
0.31 0.000619301
0.311 0.000619161
0.312 0.000619022
0.313 0.000618884
0.314 0.000618747
0.315 0.00061861
0.316 0.000618475
0.317 0.000618341
0.318 0.000618208
0.319 0.000618076
0.32 0.000617945
0.321 0.000617816
0.322 0.000617688
0.323 0.000617561
0.324 0.000617435
0.325 0.000617311
0.326 0.000617188
0.327 0.000617066
0.328 0.000616946
0.329 0.000616827
0.33 0.000616709
0.331 0.000616593
0.332 0.000616478
0.333 0.000616364
0.334 0.000616252
0.335 0.000616141
0.336 0.000616032
0.337 0.000615924
0.338 0.000615817
0.339 0.000615712
0.34 0.000615608
0.341 0.000615505
0.342 0.000615404
0.343 0.000615304
0.344 0.000615205
0.345 0.000615107
0.346 0.000615011
0.347 0.000614916
0.348 0.000614822
0.349 0.000614729
0.35 0.000614638
0.351 0.000614547
0.352 0.000614458
0.353 0.000614369
0.354 0.000614282
0.355 0.000614196
0.356 0.00061411
0.357 0.000614026
0.358 0.000613942
0.359 0.000613859
0.36 0.000613778
0.361 0.000613697
0.362 0.000613617
0.363 0.000613537
0.364 0.000613458
0.365 0.00061338
0.366 0.000613303
0.367 0.000613226
0.368 0.00061315
0.369 0.000613075
0.37 0.000613
0.371 0.000612925
0.372 0.000612851
0.373 0.000612777
0.374 0.000612704
0.375 0.000612631
0.376 0.000612558
0.377 0.000612486
0.378 0.000612413
0.379 0.000612341
0.38 0.000612269
0.381 0.000612197
0.382 0.000612125
0.383 0.000612053
0.384 0.00061198
0.385 0.000611908
0.386 0.000611835
0.387 0.000611762
0.388 0.000611688
0.389 0.000611614
0.39 0.000611539
0.391 0.000611464
0.392 0.000611388
0.393 0.000611311
0.394 0.000611233
0.395 0.000611154
0.396 0.000611074
0.397 0.000610992
0.398 0.000610908
0.399 0.000610823
0.4 0.000610736
0.401 0.000610647
0.402 0.000610558
0.403 0.000610463
0.404 0.000610365
0.405 0.000610266
0.406 0.000610162
0.407 0.000610053
0.408 0.000609941
0.409 0.000609824
0.41 0.000609703
0.411 0.000609576
0.412 0.000609443
0.413 0.000609303
0.414 0.000609157
0.415 0.000609006
0.416 0.000608845
0.417 0.000608676
0.418 0.000608498
0.419 0.000608312
0.42 0.000608118
0.421 0.000607913
0.422 0.000607697
0.423 0.000607469
0.424 0.000607232
0.425 0.000606985
0.426 0.000606724
0.427 0.000606452
0.428 0.000606167
0.429 0.000605871
0.43 0.000605564
0.431 0.000605245
0.432 0.000604913
0.433 0.00060457
0.434 0.000604215
0.435 0.000603849
0.436 0.000603473
0.437 0.000603087
0.438 0.000602691
0.439 0.000602286
0.44 0.000601872
0.441 0.000601452
0.442 0.000601026
0.443 0.000600596
0.444 0.00060016
0.445 0.000599718
0.446 0.000599276
0.447 0.000598834
0.448 0.000598392
0.449 0.000597949
0.45 0.000597505
0.451 0.000597066
0.452 0.000596631
0.453 0.000596201
0.454 0.000595776
0.455 0.000595353
0.456 0.000594938
0.457 0.000594532
0.458 0.000594134
0.459 0.000593743
0.46 0.000593358
0.461 0.000592983
0.462 0.000592618
0.463 0.000592263
0.464 0.000591917
0.465 0.000591579
0.466 0.000591251
0.467 0.000590934
0.468 0.000590628
0.469 0.000590331
0.47 0.000590043
0.471 0.000589766
0.472 0.000589499
0.473 0.000589242
0.474 0.000588993
0.475 0.000588754
0.476 0.000588524
0.477 0.000588302
0.478 0.00058809
0.479 0.000587885
0.48 0.000587689
0.481 0.0005875
0.482 0.000587319
0.483 0.000587145
0.484 0.000586979
0.485 0.000586819
0.486 0.000586666
0.487 0.000586519
0.488 0.000586378
0.489 0.000586244
0.49 0.000586115
0.491 0.000585991
0.492 0.000585872
0.493 0.000585757
0.494 0.000585648
0.495 0.000585543
0.496 0.000585443
0.497 0.000585346
0.498 0.000585253
0.499 0.000585163
0.5 0.000585078
0.501 0.000584995
0.502 0.000584915
0.503 0.000584838
0.504 0.000584764
0.505 0.000584693
0.506 0.000584624
0.507 0.000584557
0.508 0.000584492
0.509 0.000584429
0.51 0.000584368
0.511 0.000584309
0.512 0.000584251
0.513 0.000584194
0.514 0.000584139
0.515 0.000584085
0.516 0.000584032
0.517 0.00058398
0.518 0.000583929
0.519 0.000583878
0.52 0.000583829
0.521 0.000583779
0.522 0.000583731
0.523 0.000583682
0.524 0.000583635
0.525 0.000583588
0.526 0.000583541
0.527 0.000583494
0.528 0.000583447
0.529 0.000583401
0.53 0.000583355
0.531 0.000583309
0.532 0.000583263
0.533 0.000583216
0.534 0.00058317
0.535 0.000583124
0.536 0.000583077
0.537 0.00058303
0.538 0.000582983
0.539 0.000582936
0.54 0.000582889
0.541 0.000582841
0.542 0.000582793
0.543 0.000582744
0.544 0.000582695
0.545 0.000582646
0.546 0.000582596
0.547 0.000582546
0.548 0.000582495
0.549 0.000582444
0.55 0.000582392
0.551 0.00058234
0.552 0.000582288
0.553 0.000582235
0.554 0.000582181
0.555 0.000582127
0.556 0.000582073
0.557 0.000582018
0.558 0.000581962
0.559 0.000581906
0.56 0.000581849
0.561 0.000581792
0.562 0.000581734
0.563 0.000581675
0.564 0.000581616
0.565 0.000581557
0.566 0.000581496
0.567 0.000581435
0.568 0.000581374
0.569 0.000581312
0.57 0.000581249
0.571 0.000581186
0.572 0.000581122
0.573 0.000581058
0.574 0.000580993
0.575 0.000580927
0.576 0.000580861
0.577 0.000580794
0.578 0.000580727
0.579 0.000580659
0.58 0.000580591
0.581 0.000580522
0.582 0.000580452
0.583 0.000580382
0.584 0.000580312
0.585 0.000580241
0.586 0.000580169
0.587 0.000580097
0.588 0.000580024
0.589 0.000579951
0.59 0.000579877
0.591 0.000579803
0.592 0.000579728
0.593 0.000579653
0.594 0.000579578
0.595 0.000579502
0.596 0.000579425
0.597 0.000579348
0.598 0.000579271
0.599 0.000579193
0.6 0.000579115
0.601 0.000579036
0.602 0.000578955
0.603 0.000578875
0.604 0.000578796
0.605 0.000578716
0.606 0.000578635
0.607 0.000578554
0.608 0.000578473
0.609 0.000578392
0.61 0.00057831
0.611 0.000578227
0.612 0.000578145
0.613 0.000578062
0.614 0.000577979
0.615 0.000577895
0.616 0.000577811
0.617 0.000577727
0.618 0.000577643
0.619 0.000577558
0.62 0.000577473
0.621 0.000577388
0.622 0.000577303
0.623 0.000577217
0.624 0.000577131
0.625 0.000577045
0.626 0.000576959
0.627 0.000576872
0.628 0.000576786
0.629 0.000576699
0.63 0.000576612
0.631 0.000576524
0.632 0.000576437
0.633 0.000576349
0.634 0.000576261
0.635 0.000576173
0.636 0.000576085
0.637 0.000575997
0.638 0.000575908
0.639 0.000575819
0.64 0.000575731
0.641 0.000575642
0.642 0.000575552
0.643 0.000575463
0.644 0.000575374
0.645 0.000575284
0.646 0.000575194
0.647 0.000575104
0.648 0.000575014
0.649 0.000574924
0.65 0.000574834
0.651 0.000574743
0.652 0.000574653
0.653 0.000574562
0.654 0.000574471
0.655 0.00057438
0.656 0.000574289
0.657 0.000574197
0.658 0.000574106
0.659 0.000574014
0.66 0.000573922
0.661 0.000573831
0.662 0.000573738
0.663 0.000573646
0.664 0.000573554
0.665 0.000573461
0.666 0.000573369
0.667 0.000573276
0.668 0.000573183
0.669 0.000573089
0.67 0.000572996
0.671 0.000572902
0.672 0.000572808
0.673 0.000572714
0.674 0.00057262
0.675 0.000572526
0.676 0.000572431
0.677 0.000572336
0.678 0.000572241
0.679 0.000572146
0.68 0.000572051
0.681 0.000571955
0.682 0.000571859
0.683 0.000571763
0.684 0.000571666
0.685 0.00057157
0.686 0.000571473
0.687 0.000571376
0.688 0.000571278
0.689 0.00057118
0.69 0.000571082
0.691 0.000570984
0.692 0.000570885
0.693 0.000570786
0.694 0.000570687
0.695 0.000570587
0.696 0.000570487
0.697 0.000570387
0.698 0.000570286
0.699 0.000570185
0.7 0.000570084
0.701 0.000569982
0.702 0.000569882
0.703 0.000569779
0.704 0.000569677
0.705 0.000569573
0.706 0.00056947
0.707 0.000569366
0.708 0.000569262
0.709 0.000569157
0.71 0.000569052
0.711 0.000568946
0.712 0.00056884
0.713 0.000568733
0.714 0.000568627
0.715 0.000568519
0.716 0.000568411
0.717 0.000568303
0.718 0.000568194
0.719 0.000568085
0.72 0.000567976
0.721 0.000567865
0.722 0.000567755
0.723 0.000567644
0.724 0.000567532
0.725 0.00056742
0.726 0.000567307
0.727 0.000567194
0.728 0.000567081
0.729 0.000566967
0.73 0.000566852
0.731 0.000566737
0.732 0.000566621
0.733 0.000566505
0.734 0.000566388
0.735 0.000566271
0.736 0.000566153
0.737 0.000566034
0.738 0.000565915
0.739 0.000565796
0.74 0.000565676
0.741 0.000565555
0.742 0.000565434
0.743 0.000565312
0.744 0.00056519
0.745 0.000565067
0.746 0.000564944
0.747 0.00056482
0.748 0.000564696
0.749 0.00056457
0.75 0.000564445
0.751 0.000564319
0.752 0.000564192
0.753 0.000564064
0.754 0.000563936
0.755 0.000563808
0.756 0.000563679
0.757 0.000563549
0.758 0.000563419
0.759 0.000563288
0.76 0.000563157
0.761 0.000563025
0.762 0.000562893
0.763 0.00056276
0.764 0.000562626
0.765 0.000562492
0.766 0.000562357
0.767 0.000562222
0.768 0.000562086
0.769 0.00056195
0.77 0.000561813
0.771 0.000561675
0.772 0.000561537
0.773 0.000561399
0.774 0.000561259
0.775 0.00056112
0.776 0.00056098
0.777 0.000560839
0.778 0.000560698
0.779 0.000560556
0.78 0.000560414
0.781 0.000560271
0.782 0.000560128
0.783 0.000559984
0.784 0.000559839
0.785 0.000559695
0.786 0.000559549
0.787 0.000559404
0.788 0.000559257
0.789 0.00055911
0.79 0.000558963
0.791 0.000558815
0.792 0.000558667
0.793 0.000558519
0.794 0.00055837
0.795 0.00055822
0.796 0.00055807
0.797 0.00055792
0.798 0.000557769
0.799 0.000557618
0.8 0.000557466
0.801 0.000557314
0.802 0.000557161
0.803 0.000557009
0.804 0.000556855
0.805 0.000556702
0.806 0.000556548
0.807 0.000556393
0.808 0.000556239
0.809 0.000556083
0.81 0.000555928
0.811 0.000555772
0.812 0.000555616
0.813 0.000555459
0.814 0.000555302
0.815 0.000555145
0.816 0.000554988
0.817 0.00055483
0.818 0.000554672
0.819 0.000554513
0.82 0.000554355
0.821 0.000554196
0.822 0.000554037
0.823 0.000553877
0.824 0.000553717
0.825 0.000553557
0.826 0.000553397
0.827 0.000553237
0.828 0.000553076
0.829 0.000552915
0.83 0.000552754
0.831 0.000552593
0.832 0.000552431
0.833 0.00055227
0.834 0.000552108
0.835 0.000551946
0.836 0.000551784
0.837 0.000551622
0.838 0.000551459
0.839 0.000551297
0.84 0.000551134
0.841 0.000550971
0.842 0.000550808
0.843 0.000550645
0.844 0.000550482
0.845 0.000550319
0.846 0.000550155
0.847 0.000549992
0.848 0.000549828
0.849 0.000549665
0.85 0.000549501
0.851 0.000549338
0.852 0.000549174
0.853 0.00054901
0.854 0.000548847
0.855 0.000548683
0.856 0.000548519
0.857 0.000548356
0.858 0.000548192
0.859 0.000548028
0.86 0.000547864
0.861 0.000547701
0.862 0.000547537
0.863 0.000547374
0.864 0.00054721
0.865 0.000547047
0.866 0.000546883
0.867 0.00054672
0.868 0.000546557
0.869 0.000546394
0.87 0.000546231
0.871 0.000546068
0.872 0.000545905
0.873 0.000545742
0.874 0.00054558
0.875 0.000545417
0.876 0.000545255
0.877 0.000545093
0.878 0.000544931
0.879 0.000544769
0.88 0.000544607
0.881 0.000544446
0.882 0.000544284
0.883 0.000544123
0.884 0.000543962
0.885 0.000543801
0.886 0.000543641
0.887 0.00054348
0.888 0.00054332
0.889 0.00054316
0.89 0.000543
0.891 0.000542841
0.892 0.000542682
0.893 0.000542523
0.894 0.000542364
0.895 0.000542205
0.896 0.000542047
0.897 0.000541889
0.898 0.000541731
0.899 0.000541573
0.9 0.000541416
0.901 0.000541259
0.902 0.000541102
0.903 0.000540945
0.904 0.000540789
0.905 0.000540634
0.906 0.000540478
0.907 0.000540323
0.908 0.000540168
0.909 0.000540014
0.91 0.000539859
0.911 0.000539705
0.912 0.000539552
0.913 0.000539399
0.914 0.000539246
0.915 0.000539093
0.916 0.000538941
0.917 0.000538789
0.918 0.000538637
0.919 0.000538486
0.92 0.000538335
0.921 0.000538184
0.922 0.000538034
0.923 0.000537884
0.924 0.000537735
0.925 0.000537586
0.926 0.000537437
0.927 0.000537289
0.928 0.000537141
0.929 0.000536993
0.93 0.000536846
0.931 0.000536699
0.932 0.000536552
0.933 0.000536406
0.934 0.000536261
0.935 0.000536115
0.936 0.000535971
0.937 0.000535826
0.938 0.000535682
0.939 0.000535538
0.94 0.000535395
0.941 0.000535252
0.942 0.00053511
0.943 0.000534968
0.944 0.000534826
0.945 0.000534685
0.946 0.000534544
0.947 0.000534403
0.948 0.000534263
0.949 0.000534124
0.95 0.000533985
0.951 0.000533846
0.952 0.000533708
0.953 0.00053357
0.954 0.000533432
0.955 0.000533295
0.956 0.000533158
0.957 0.000533022
0.958 0.000532886
0.959 0.000532751
0.96 0.000532616
0.961 0.000532481
0.962 0.000532347
0.963 0.000532214
0.964 0.00053208
0.965 0.000531948
0.966 0.000531815
0.967 0.000531683
0.968 0.000531552
0.969 0.000531421
0.97 0.00053129
0.971 0.00053116
0.972 0.00053103
0.973 0.0005309
0.974 0.000530771
0.975 0.000530643
0.976 0.000530515
0.977 0.000530387
0.978 0.00053026
0.979 0.000530133
0.98 0.000530006
0.981 0.00052988
0.982 0.000529755
0.983 0.000529629
0.984 0.000529505
0.985 0.00052938
0.986 0.000529256
0.987 0.000529133
0.988 0.00052901
0.989 0.000528887
0.99 0.000528765
0.991 0.000528643
0.992 0.000528522
0.993 0.000528401
0.994 0.00052828
0.995 0.00052816
0.996 0.00052804
0.997 0.000527921
0.998 0.000527802
0.999 0.000527683
1 0.000527565
