0.001 0.000528284
0.002 0.000531702
0.003 0.00053437
0.004 0.000536467
0.005 0.000538049
0.006 0.000539201
0.007 0.000540031
0.008 0.000540614
0.009 0.000541004
0.01 0.000541241
0.011 0.00054136
0.012 0.000541387
0.013 0.000541342
0.014 0.000541242
0.015 0.000541099
0.016 0.000540922
0.017 0.000540719
0.018 0.000540497
0.019 0.000540259
0.02 0.000540011
0.021 0.000539754
0.022 0.000539492
0.023 0.000539225
0.024 0.000538956
0.025 0.000538685
0.026 0.000538413
0.027 0.000538142
0.028 0.000537871
0.029 0.0005376
0.03 0.000537331
0.031 0.000537064
0.032 0.000536797
0.033 0.000536533
0.034 0.000536271
0.035 0.00053601
0.036 0.000535752
0.037 0.000535495
0.038 0.000535241
0.039 0.000534988
0.04 0.000534738
0.041 0.000534489
0.042 0.000534243
0.043 0.000533998
0.044 0.000533756
0.045 0.000533516
0.046 0.000533278
0.047 0.000533042
0.048 0.000532808
0.049 0.000532577
0.05 0.000532347
0.051 0.000532121
0.052 0.0005319
0.053 0.000531682
0.054 0.000531468
0.055 0.000531258
0.056 0.000531053
0.057 0.000530858
0.058 0.000530671
0.059 0.00053049
0.06 0.000530316
0.061 0.000530153
0.062 0.000530004
0.063 0.000529869
0.064 0.000529745
0.065 0.000529631
0.066 0.000529533
0.067 0.000529454
0.068 0.000529392
0.069 0.000529346
0.07 0.000529314
0.071 0.0005293
0.072 0.00052931
0.073 0.00052934
0.074 0.000529389
0.075 0.000529455
0.076 0.000529543
0.077 0.000529656
0.078 0.000529791
0.079 0.000529948
0.08 0.000530124
0.081 0.000530323
0.082 0.000530547
0.083 0.000530796
0.084 0.000531066
0.085 0.000531357
0.086 0.00053167
0.087 0.000532008
0.088 0.000532368
0.089 0.00053275
0.09 0.000533153
0.091 0.000533577
0.092 0.000534024
0.093 0.000534491
0.094 0.000534978
0.095 0.000535486
0.096 0.000536012
0.097 0.000536557
0.098 0.000537121
0.099 0.000537703
0.1 0.000538302
0.101 0.000538919
0.102 0.00053955
0.103 0.000540198
0.104 0.000540861
0.105 0.00054154
0.106 0.000542234
0.107 0.000542939
0.108 0.000543657
0.109 0.000544389
0.11 0.000545134
0.111 0.00054589
0.112 0.000546656
0.113 0.000547431
0.114 0.000548217
0.115 0.000549015
0.116 0.000549821
0.117 0.000550633
0.118 0.000551453
0.119 0.00055228
0.12 0.000553117
0.121 0.00055396
0.122 0.000554807
0.123 0.000555658
0.124 0.000556515
0.125 0.000557379
0.126 0.000558246
0.127 0.000559115
0.128 0.000559987
0.129 0.000560862
0.13 0.000561741
0.131 0.000562622
0.132 0.000563502
0.133 0.000564382
0.134 0.000565264
0.135 0.000566149
0.136 0.000567033
0.137 0.000567914
0.138 0.000568794
0.139 0.000569674
0.14 0.000570554
0.141 0.000571432
0.142 0.000572306
0.143 0.000573177
0.144 0.000574045
0.145 0.000574913
0.146 0.000575777
0.147 0.000576635
0.148 0.000577489
0.149 0.00057834
0.15 0.000579187
0.151 0.00058003
0.152 0.000580867
0.153 0.000581697
0.154 0.000582523
0.155 0.000583345
0.156 0.000584161
0.157 0.00058497
0.158 0.000585772
0.159 0.000586568
0.16 0.000587359
0.161 0.000588144
0.162 0.00058892
0.163 0.000589689
0.164 0.000590451
0.165 0.000591207
0.166 0.000591956
0.167 0.000592696
0.168 0.000593429
0.169 0.000594154
0.17 0.000594872
0.171 0.000595582
0.172 0.000596284
0.173 0.000596977
0.174 0.000597662
0.175 0.00059834
0.176 0.00059901
0.177 0.000599671
0.178 0.000600323
0.179 0.000600967
0.18 0.000601603
0.181 0.000602231
0.182 0.000602849
0.183 0.000603459
0.184 0.00060406
0.185 0.000604654
0.186 0.000605238
0.187 0.000605814
0.188 0.00060638
0.189 0.000606938
0.19 0.000607488
0.191 0.000608029
0.192 0.00060856
0.193 0.000609083
0.194 0.000609597
0.195 0.000610102
0.196 0.000610598
0.197 0.000611085
0.198 0.000611562
0.199 0.000612031
0.2 0.000612491
0.201 0.000612942
0.202 0.000613373
0.203 0.000613808
0.204 0.00061423
0.205 0.000614644
0.206 0.000615049
0.207 0.000615445
0.208 0.000615831
0.209 0.000616209
0.21 0.000616578
0.211 0.000616938
0.212 0.000617289
0.213 0.000617631
0.214 0.000617963
0.215 0.000618288
0.216 0.000618603
0.217 0.000618909
0.218 0.000619206
0.219 0.000619495
0.22 0.000619774
0.221 0.000620046
0.222 0.000620308
0.223 0.000620561
0.224 0.000620805
0.225 0.000621042
0.226 0.000621269
0.227 0.000621488
0.228 0.000621698
0.229 0.000621899
0.23 0.000622092
0.231 0.000622277
0.232 0.000622453
0.233 0.000622621
0.234 0.00062278
0.235 0.000622931
0.236 0.000623073
0.237 0.000623208
0.238 0.000623334
0.239 0.000623452
0.24 0.000623562
0.241 0.000623664
0.242 0.000623759
0.243 0.000623845
0.244 0.000623924
0.245 0.000623995
0.246 0.000624059
0.247 0.000624115
0.248 0.000624164
0.249 0.000624206
0.25 0.000624241
0.251 0.000624268
0.252 0.000624289
0.253 0.000624303
0.254 0.000624311
0.255 0.000624311
0.256 0.000624306
0.257 0.000624294
0.258 0.000624275
0.259 0.000624251
0.26 0.000624221
0.261 0.000624184
0.262 0.000624143
0.263 0.000624095
0.264 0.000624042
0.265 0.000623984
0.266 0.00062392
0.267 0.000623852
0.268 0.000623779
0.269 0.000623701
0.27 0.000623619
0.271 0.000623532
0.272 0.000623441
0.273 0.000623346
0.274 0.000623247
0.275 0.000623145
0.276 0.000623038
0.277 0.000622929
0.278 0.000622817
0.279 0.000622701
0.28 0.000622583
0.281 0.000622462
0.282 0.000622338
0.283 0.000622213
0.284 0.000622085
0.285 0.000621955
0.286 0.000621822
0.287 0.000621689
0.288 0.000621554
0.289 0.000621418
0.29 0.00062128
0.291 0.00062114
0.292 0.000621001
0.293 0.00062086
0.294 0.000620718
0.295 0.000620576
0.296 0.000620432
0.297 0.000620289
0.298 0.000620146
0.299 0.000620002
0.3 0.000619858
0.301 0.000619714
0.302 0.000619569
0.303 0.000619426
0.304 0.000619282
0.305 0.000619139
0.306 0.000618995
0.307 0.000618853
0.308 0.000618712
0.309 0.000618571
0.31 0.00061843
0.311 0.00061829
0.312 0.000618152
0.313 0.000618014
0.314 0.000617877
0.315 0.000617741
0.316 0.000617606
0.317 0.000617472
0.318 0.00061734
0.319 0.000617208
0.32 0.000617078
0.321 0.000616948
0.322 0.00061682
0.323 0.000616694
0.324 0.000616568
0.325 0.000616444
0.326 0.000616321
0.327 0.000616199
0.328 0.000616079
0.329 0.00061596
0.33 0.000615843
0.331 0.000615727
0.332 0.000615612
0.333 0.000615498
0.334 0.000615386
0.335 0.000615276
0.336 0.000615166
0.337 0.000615058
0.338 0.000614952
0.339 0.000614847
0.34 0.000614743
0.341 0.00061464
0.342 0.000614539
0.343 0.000614439
0.344 0.00061434
0.345 0.000614242
0.346 0.000614146
0.347 0.000614051
0.348 0.000613957
0.349 0.000613864
0.35 0.000613773
0.351 0.000613682
0.352 0.000613593
0.353 0.000613504
0.354 0.000613417
0.355 0.000613331
0.356 0.000613245
0.357 0.000613161
0.358 0.000613077
0.359 0.000612995
0.36 0.000612913
0.361 0.000612832
0.362 0.000612752
0.363 0.000612673
0.364 0.000612594
0.365 0.000612516
0.366 0.000612439
0.367 0.000612362
0.368 0.000612286
0.369 0.000612211
0.37 0.000612136
0.371 0.000612061
0.372 0.000611987
0.373 0.000611914
0.374 0.000611841
0.375 0.000611768
0.376 0.000611695
0.377 0.000611623
0.378 0.000611551
0.379 0.000611479
0.38 0.000611407
0.381 0.000611335
0.382 0.000611263
0.383 0.000611191
0.384 0.000611119
0.385 0.000611047
0.386 0.000610974
0.387 0.000610901
0.388 0.000610828
0.389 0.000610754
0.39 0.00061068
0.391 0.000610605
0.392 0.000610529
0.393 0.000610452
0.394 0.000610375
0.395 0.000610297
0.396 0.000610217
0.397 0.000610136
0.398 0.000610052
0.399 0.000609968
0.4 0.000609882
0.401 0.000609794
0.402 0.000609702
0.403 0.000609608
0.404 0.000609511
0.405 0.000609412
0.406 0.00060931
0.407 0.000609203
0.408 0.000609091
0.409 0.000608975
0.41 0.000608856
0.411 0.000608731
0.412 0.000608599
0.413 0.000608461
0.414 0.000608317
0.415 0.000608167
0.416 0.00060801
0.417 0.000607843
0.418 0.000607667
0.419 0.000607483
0.42 0.000607292
0.421 0.000607091
0.422 0.000606877
0.423 0.000606653
0.424 0.000606418
0.425 0.000606174
0.426 0.000605918
0.427 0.000605649
0.428 0.000605368
0.429 0.000605075
0.43 0.00060477
0.431 0.000604455
0.432 0.000604126
0.433 0.000603785
0.434 0.000603432
0.435 0.000603069
0.436 0.000602696
0.437 0.000602312
0.438 0.000601919
0.439 0.000601517
0.44 0.000601106
0.441 0.000600688
0.442 0.000600265
0.443 0.000599837
0.444 0.000599404
0.445 0.000598965
0.446 0.000598524
0.447 0.000598085
0.448 0.000597645
0.449 0.000597204
0.45 0.000596763
0.451 0.000596324
0.452 0.000595891
0.453 0.000595463
0.454 0.000595039
0.455 0.000594618
0.456 0.000594203
0.457 0.000593798
0.458 0.000593401
0.459 0.000593011
0.46 0.000592628
0.461 0.000592252
0.462 0.000591888
0.463 0.000591534
0.464 0.000591188
0.465 0.000590851
0.466 0.000590523
0.467 0.000590206
0.468 0.0005899
0.469 0.000589603
0.47 0.000589315
0.471 0.000589036
0.472 0.000588768
0.473 0.00058851
0.474 0.000588261
0.475 0.00058802
0.476 0.000587788
0.477 0.000587566
0.478 0.000587352
0.479 0.000587147
0.48 0.000586949
0.481 0.000586759
0.482 0.000586577
0.483 0.000586402
0.484 0.000586234
0.485 0.000586074
0.486 0.000585919
0.487 0.000585771
0.488 0.000585629
0.489 0.000585493
0.49 0.000585363
0.491 0.000585239
0.492 0.000585119
0.493 0.000585003
0.494 0.000584893
0.495 0.000584787
0.496 0.000584686
0.497 0.000584588
0.498 0.000584494
0.499 0.000584404
0.5 0.000584318
0.501 0.000584235
0.502 0.000584156
0.503 0.000584079
0.504 0.000584004
0.505 0.000583932
0.506 0.000583863
0.507 0.000583795
0.508 0.000583729
0.509 0.000583666
0.51 0.000583605
0.511 0.000583545
0.512 0.000583487
0.513 0.00058343
0.514 0.000583374
0.515 0.00058332
0.516 0.000583267
0.517 0.000583215
0.518 0.000583163
0.519 0.000583112
0.52 0.000583062
0.521 0.000583013
0.522 0.000582964
0.523 0.000582916
0.524 0.000582868
0.525 0.000582821
0.526 0.000582774
0.527 0.000582727
0.528 0.000582681
0.529 0.000582634
0.53 0.000582588
0.531 0.000582542
0.532 0.000582496
0.533 0.00058245
0.534 0.000582404
0.535 0.000582357
0.536 0.000582311
0.537 0.000582264
0.538 0.000582217
0.539 0.00058217
0.54 0.000582123
0.541 0.000582076
0.542 0.000582027
0.543 0.000581979
0.544 0.00058193
0.545 0.000581881
0.546 0.000581832
0.547 0.000581782
0.548 0.000581731
0.549 0.00058168
0.55 0.000581629
0.551 0.000581577
0.552 0.000581525
0.553 0.000581472
0.554 0.000581419
0.555 0.000581365
0.556 0.000581311
0.557 0.000581256
0.558 0.000581201
0.559 0.000581145
0.56 0.000581089
0.561 0.000581032
0.562 0.000580974
0.563 0.000580916
0.564 0.000580857
0.565 0.000580798
0.566 0.000580738
0.567 0.000580677
0.568 0.000580616
0.569 0.000580555
0.57 0.000580492
0.571 0.00058043
0.572 0.000580366
0.573 0.000580302
0.574 0.000580237
0.575 0.000580172
0.576 0.000580106
0.577 0.00058004
0.578 0.000579973
0.579 0.000579906
0.58 0.000579838
0.581 0.000579769
0.582 0.0005797
0.583 0.00057963
0.584 0.00057956
0.585 0.000579489
0.586 0.000579418
0.587 0.000579346
0.588 0.000579274
0.589 0.000579201
0.59 0.000579128
0.591 0.000579054
0.592 0.00057898
0.593 0.000578905
0.594 0.00057883
0.595 0.000578754
0.596 0.000578678
0.597 0.000578602
0.598 0.000578525
0.599 0.000578447
0.6 0.000578369
0.601 0.000578291
0.602 0.000578214
0.603 0.000578135
0.604 0.000578056
0.605 0.000577976
0.606 0.000577896
0.607 0.000577816
0.608 0.000577735
0.609 0.000577654
0.61 0.000577572
0.611 0.00057749
0.612 0.000577408
0.613 0.000577326
0.614 0.000577243
0.615 0.00057716
0.616 0.000577076
0.617 0.000576992
0.618 0.000576908
0.619 0.000576824
0.62 0.00057674
0.621 0.000576655
0.622 0.00057657
0.623 0.000576485
0.624 0.000576399
0.625 0.000576314
0.626 0.000576228
0.627 0.000576141
0.628 0.000576055
0.629 0.000575969
0.63 0.000575882
0.631 0.000575795
0.632 0.000575708
0.633 0.00057562
0.634 0.000575533
0.635 0.000575445
0.636 0.000575357
0.637 0.000575269
0.638 0.000575181
0.639 0.000575093
0.64 0.000575004
0.641 0.000574916
0.642 0.000574827
0.643 0.000574738
0.644 0.000574649
0.645 0.00057456
0.646 0.00057447
0.647 0.000574381
0.648 0.000574291
0.649 0.000574201
0.65 0.000574111
0.651 0.000574021
0.652 0.000573931
0.653 0.000573841
0.654 0.00057375
0.655 0.000573659
0.656 0.000573569
0.657 0.000573478
0.658 0.000573387
0.659 0.000573295
0.66 0.000573204
0.661 0.000573112
0.662 0.000573021
0.663 0.000572929
0.664 0.000572837
0.665 0.000572745
0.666 0.000572652
0.667 0.00057256
0.668 0.000572467
0.669 0.000572374
0.67 0.000572281
0.671 0.000572188
0.672 0.000572094
0.673 0.000572001
0.674 0.000571907
0.675 0.000571813
0.676 0.000571719
0.677 0.000571624
0.678 0.00057153
0.679 0.000571435
0.68 0.00057134
0.681 0.000571245
0.682 0.000571149
0.683 0.000571053
0.684 0.000570957
0.685 0.000570861
0.686 0.000570764
0.687 0.000570668
0.688 0.000570571
0.689 0.000570473
0.69 0.000570376
0.691 0.000570278
0.692 0.000570179
0.693 0.000570081
0.694 0.000569982
0.695 0.000569883
0.696 0.000569783
0.697 0.000569684
0.698 0.000569583
0.699 0.000569483
0.7 0.000569382
0.701 0.000569281
0.702 0.000569179
0.703 0.000569077
0.704 0.000568975
0.705 0.000568872
0.706 0.000568769
0.707 0.000568666
0.708 0.000568562
0.709 0.000568458
0.71 0.000568353
0.711 0.000568248
0.712 0.000568142
0.713 0.000568036
0.714 0.00056793
0.715 0.000567823
0.716 0.000567716
0.717 0.000567608
0.718 0.0005675
0.719 0.000567391
0.72 0.000567282
0.721 0.000567172
0.722 0.000567062
0.723 0.000566952
0.724 0.000566841
0.725 0.000566729
0.726 0.000566617
0.727 0.000566504
0.728 0.000566391
0.729 0.000566278
0.73 0.000566164
0.731 0.000566049
0.732 0.000565934
0.733 0.000565818
0.734 0.000565702
0.735 0.000565585
0.736 0.000565468
0.737 0.00056535
0.738 0.000565232
0.739 0.000565113
0.74 0.000564994
0.741 0.000564874
0.742 0.000564753
0.743 0.000564632
0.744 0.00056451
0.745 0.000564388
0.746 0.000564265
0.747 0.000564142
0.748 0.000564018
0.749 0.000563893
0.75 0.000563768
0.751 0.000563643
0.752 0.000563517
0.753 0.00056339
0.754 0.000563263
0.755 0.000563135
0.756 0.000563006
0.757 0.000562877
0.758 0.000562748
0.759 0.000562618
0.76 0.000562487
0.761 0.000562356
0.762 0.000562224
0.763 0.000562091
0.764 0.000561959
0.765 0.000561825
0.766 0.000561691
0.767 0.000561556
0.768 0.000561421
0.769 0.000561285
0.77 0.000561149
0.771 0.000561012
0.772 0.000560875
0.773 0.000560737
0.774 0.000560599
0.775 0.00056046
0.776 0.00056032
0.777 0.00056018
0.778 0.00056004
0.779 0.000559899
0.78 0.000559757
0.781 0.000559615
0.782 0.000559472
0.783 0.000559329
0.784 0.000559185
0.785 0.000559041
0.786 0.000558897
0.787 0.000558752
0.788 0.000558606
0.789 0.00055846
0.79 0.000558313
0.791 0.000558166
0.792 0.000558019
0.793 0.000557871
0.794 0.000557723
0.795 0.000557574
0.796 0.000557424
0.797 0.000557275
0.798 0.000557125
0.799 0.000556974
0.8 0.000556823
0.801 0.000556672
0.802 0.000556521
0.803 0.000556369
0.804 0.000556216
0.805 0.000556063
0.806 0.00055591
0.807 0.000555756
0.808 0.000555602
0.809 0.000555448
0.81 0.000555293
0.811 0.000555138
0.812 0.000554982
0.813 0.000554826
0.814 0.00055467
0.815 0.000554514
0.816 0.000554357
0.817 0.0005542
0.818 0.000554042
0.819 0.000553885
0.82 0.000553727
0.821 0.000553568
0.822 0.00055341
0.823 0.000553251
0.824 0.000553092
0.825 0.000552933
0.826 0.000552773
0.827 0.000552614
0.828 0.000552454
0.829 0.000552294
0.83 0.000552133
0.831 0.000551973
0.832 0.000551812
0.833 0.000551651
0.834 0.00055149
0.835 0.000551328
0.836 0.000551167
0.837 0.000551005
0.838 0.000550843
0.839 0.000550682
0.84 0.00055052
0.841 0.000550357
0.842 0.000550195
0.843 0.000550033
0.844 0.00054987
0.845 0.000549708
0.846 0.000549545
0.847 0.000549382
0.848 0.00054922
0.849 0.000549057
0.85 0.000548894
0.851 0.000548731
0.852 0.000548568
0.853 0.000548405
0.854 0.000548242
0.855 0.000548079
0.856 0.000547916
0.857 0.000547753
0.858 0.00054759
0.859 0.000547427
0.86 0.000547264
0.861 0.000547101
0.862 0.000546938
0.863 0.000546775
0.864 0.000546612
0.865 0.000546449
0.866 0.000546286
0.867 0.000546124
0.868 0.000545961
0.869 0.000545799
0.87 0.000545636
0.871 0.000545474
0.872 0.000545312
0.873 0.00054515
0.874 0.000544988
0.875 0.000544826
0.876 0.000544664
0.877 0.000544503
0.878 0.000544341
0.879 0.00054418
0.88 0.000544019
0.881 0.000543858
0.882 0.000543697
0.883 0.000543537
0.884 0.000543376
0.885 0.000543216
0.886 0.000543056
0.887 0.000542896
0.888 0.000542737
0.889 0.000542577
0.89 0.000542418
0.891 0.000542259
0.892 0.0005421
0.893 0.000541942
0.894 0.000541784
0.895 0.000541626
0.896 0.000541468
0.897 0.00054131
0.898 0.000541153
0.899 0.000540996
0.9 0.00054084
0.901 0.000540683
0.902 0.000540529
0.903 0.000540373
0.904 0.000540218
0.905 0.000540063
0.906 0.000539908
0.907 0.000539753
0.908 0.000539599
0.909 0.000539445
0.91 0.000539291
0.911 0.000539138
0.912 0.000538985
0.913 0.000538832
0.914 0.000538679
0.915 0.000538527
0.916 0.000538375
0.917 0.000538224
0.918 0.000538073
0.919 0.000537922
0.92 0.000537772
0.921 0.000537622
0.922 0.000537472
0.923 0.000537323
0.924 0.000537174
0.925 0.000537025
0.926 0.000536877
0.927 0.000536729
0.928 0.000536582
0.929 0.000536435
0.93 0.000536288
0.931 0.000536141
0.932 0.000535995
0.933 0.00053585
0.934 0.000535705
0.935 0.00053556
0.936 0.000535415
0.937 0.000535271
0.938 0.000535128
0.939 0.000534985
0.94 0.000534842
0.941 0.000534699
0.942 0.000534557
0.943 0.000534416
0.944 0.000534275
0.945 0.000534134
0.946 0.000533993
0.947 0.000533854
0.948 0.000533714
0.949 0.000533575
0.95 0.000533436
0.951 0.000533298
0.952 0.00053316
0.953 0.000533022
0.954 0.000532885
0.955 0.000532749
0.956 0.000532613
0.957 0.000532477
0.958 0.000532341
0.959 0.000532207
0.96 0.000532072
0.961 0.000531938
0.962 0.000531804
0.963 0.000531671
0.964 0.000531538
0.965 0.000531406
0.966 0.000531274
0.967 0.000531142
0.968 0.000531011
0.969 0.00053088
0.97 0.00053075
0.971 0.00053062
0.972 0.000530491
0.973 0.000530362
0.974 0.000530233
0.975 0.000530105
0.976 0.000529977
0.977 0.00052985
0.978 0.000529723
0.979 0.000529597
0.98 0.000529471
0.981 0.000529345
0.982 0.00052922
0.983 0.000529095
0.984 0.000528971
0.985 0.000528847
0.986 0.000528723
0.987 0.0005286
0.988 0.000528477
0.989 0.000528355
0.99 0.000528233
0.991 0.000528112
0.992 0.000527991
0.993 0.00052787
0.994 0.00052775
0.995 0.00052763
0.996 0.000527511
0.997 0.000527392
0.998 0.000527273
0.999 0.000527155
1 0.000527037
