0 0
0.001 0
0.002 0
0.003 0
0.004 0
0.005 0
0.006 0
0.007 0
0.008 0
0.009 0
0.01 0
0.011 0
0.012 0
0.013 0
0.014 0
0.015 0
0.016 0
0.017 0
0.018 0
0.019 0
0.02 0
0.021 0
0.022 0
0.023 0
0.024 0
0.025 0
0.026 0
0.027 0
0.028 0
0.029 0
0.03 0
0.031 0
0.032 0
0.033 0
0.034 0
0.035 0
0.036 0
0.037 0
0.038 0
0.039 0
0.04 0
0.041 0
0.042 0
0.043 0
0.044 0
0.045 0
0.046 0
0.047 0
0.048 0
0.049 0
0.05 0
0.051 0
0.052 0
0.053 0
0.054 0
0.055 0
0.056 0
0.057 0
0.058 0
0.059 0
0.06 0
0.061 0
0.062 0
0.063 0
0.064 0
0.065 0
0.066 0
0.067 0
0.068 0
0.069 0
0.07 0
0.071 0
0.072 0
0.073 0
0.074 0
0.075 0
0.076 0
0.077 0
0.078 0
0.079 0
0.08 0
0.081 0
0.082 0
0.083 0
0.084 0
0.085 0
0.086 0
0.087 0
0.088 0
0.089 0
0.09 0
0.091 0
0.092 0
0.093 0
0.094 0
0.095 0
0.096 0
0.097 0
0.098 0
0.099 0
0.1 0
0.101 -0
0.102 -0
0.103 -0
0.104 -0
0.105 -0
0.106 -0
0.107 -0
0.108 -0
0.109 -0
0.11 -0
0.111 -0
0.112 -0
0.113 -0
0.114 -0
0.115 -0
0.116 -0
0.117 -0
0.118 -0
0.119 -0
0.12 -0
0.121 -0
0.122 -0
0.123 -0
0.124 -0
0.125 -0
0.126 -0
0.127 -0
0.128 -0
0.129 -0
0.13 -0
0.131 -0
0.132 -0
0.133 -0
0.134 -0
0.135 -0
0.136 -0
0.137 -0
0.138 -0
0.139 -0
0.14 -0
0.141 -0
0.142 -0
0.143 -0
0.144 -0
0.145 -0
0.146 -0
0.147 -0
0.148 -0
0.149 -0
0.15 -0
0.151 -0
0.152 -0
0.153 -0
0.154 -0
0.155 -0
0.156 -0
0.157 -0
0.158 -0
0.159 -0
0.16 -0
0.161 -0
0.162 -0
0.163 -0
0.164 -0
0.165 -0
0.166 -0
0.167 -0
0.168 -0
0.169 -0
0.17 -0
0.171 -0
0.172 -0
0.173 -0
0.174 -0
0.175 -0
0.176 -0
0.177 -0
0.178 -0
0.179 -0
0.18 -0
0.181 -0
0.182 -0
0.183 -0
0.184 -0
0.185 -0
0.186 -0
0.187 -0
0.188 -0
0.189 -0
0.19 -0
0.191 -0
0.192 -0
0.193 -0
0.194 -0
0.195 -0
0.196 -0
0.197 -0
0.198 -0
0.199 -0
0.2 -0
0.201 6.99399
0.202 6.99399
0.203 6.99399
0.204 6.99399
0.205 6.99399
0.206 6.99399
0.207 6.99399
0.208 6.99399
0.209 6.99399
0.21 6.99399
0.211 6.99399
0.212 6.99399
0.213 6.99399
0.214 6.99399
0.215 6.99399
0.216 6.99399
0.217 6.99399
0.218 6.99399
0.219 6.99399
0.22 6.99399
0.221 6.99399
0.222 6.99399
0.223 6.99399
0.224 6.99399
0.225 6.99399
0.226 6.99399
0.227 6.99399
0.228 6.99399
0.229 6.99399
0.23 6.99399
0.231 6.99399
0.232 6.99399
0.233 6.99399
0.234 6.99399
0.235 6.99399
0.236 6.99399
0.237 6.99399
0.238 6.99399
0.239 6.99399
0.24 6.99399
0.241 6.99399
0.242 6.99399
0.243 6.99399
0.244 6.99399
0.245 6.99399
0.246 6.99399
0.247 6.99399
0.248 6.99399
0.249 6.99399
0.25 6.99399
0.251 6.99399
0.252 6.99399
0.253 6.99399
0.254 6.99399
0.255 6.99399
0.256 6.99399
0.257 6.99399
0.258 6.99399
0.259 6.99399
0.26 6.99399
0.261 6.99399
0.262 6.99399
0.263 6.99399
0.264 6.99399
0.265 6.99399
0.266 6.99399
0.267 6.99399
0.268 6.99399
0.269 6.99399
0.27 6.99399
0.271 6.99399
0.272 6.99399
0.273 6.99399
0.274 6.99399
0.275 6.99399
0.276 6.99399
0.277 6.99399
0.278 6.99399
0.279 6.99399
0.28 6.99399
0.281 6.99399
0.282 6.99399
0.283 6.99399
0.284 6.99399
0.285 6.99399
0.286 6.99399
0.287 6.99399
0.288 6.99399
0.289 6.99399
0.29 6.99399
0.291 6.99399
0.292 6.99399
0.293 6.99399
0.294 6.99399
0.295 6.99399
0.296 6.99399
0.297 6.99399
0.298 6.99399
0.299 6.99399
0.3 6.99399
0.301 7.50821
0.302 7.50821
0.303 7.50821
0.304 7.50821
0.305 7.50821
0.306 7.50821
0.307 7.50821
0.308 7.50821
0.309 7.50821
0.31 7.50821
0.311 7.50821
0.312 7.50821
0.313 7.50821
0.314 7.50821
0.315 7.50821
0.316 7.50821
0.317 7.50821
0.318 7.50821
0.319 7.50821
0.32 7.50821
0.321 7.50821
0.322 7.50821
0.323 7.50821
0.324 7.50821
0.325 7.50821
0.326 7.50821
0.327 7.50821
0.328 7.50821
0.329 7.50821
0.33 7.50821
0.331 7.50821
0.332 7.50821
0.333 7.50821
0.334 7.50821
0.335 7.50821
0.336 7.50821
0.337 7.50821
0.338 7.50821
0.339 7.50821
0.34 7.50821
0.341 7.50821
0.342 7.50821
0.343 7.50821
0.344 7.50821
0.345 7.50821
0.346 7.50821
0.347 7.50821
0.348 7.50821
0.349 7.50821
0.35 7.50821
0.351 7.50821
0.352 7.50821
0.353 7.50821
0.354 7.50821
0.355 7.50821
0.356 7.50821
0.357 7.50821
0.358 7.50821
0.359 7.50821
0.36 7.50821
0.361 7.50821
0.362 7.50821
0.363 7.50821
0.364 7.50821
0.365 7.50821
0.366 7.50821
0.367 7.50821
0.368 7.50821
0.369 7.50821
0.37 7.50821
0.371 7.50821
0.372 7.50821
0.373 7.50821
0.374 7.50821
0.375 7.50821
0.376 7.50821
0.377 7.50821
0.378 7.50821
0.379 7.50821
0.38 7.50821
0.381 7.50821
0.382 7.50821
0.383 7.50821
0.384 7.50821
0.385 7.50821
0.386 7.50821
0.387 7.50821
0.388 7.50821
0.389 7.50821
0.39 7.50821
0.391 7.50821
0.392 7.50821
0.393 7.50821
0.394 7.50821
0.395 7.50821
0.396 7.50821
0.397 7.50821
0.398 7.50821
0.399 7.50821
0.4 7.50821
0.401 7.95534
0.402 7.95534
0.403 7.95534
0.404 7.95534
0.405 7.95534
0.406 7.95534
0.407 7.95534
0.408 7.95534
0.409 7.95534
0.41 7.95534
0.411 7.95534
0.412 7.95534
0.413 7.95534
0.414 7.95534
0.415 7.95534
0.416 7.95534
0.417 7.95534
0.418 7.95534
0.419 7.95534
0.42 7.95534
0.421 7.95534
0.422 7.95534
0.423 7.95534
0.424 7.95534
0.425 7.95534
0.426 7.95534
0.427 7.95534
0.428 7.95534
0.429 7.95534
0.43 7.95534
0.431 7.95534
0.432 7.95534
0.433 7.95534
0.434 7.95534
0.435 7.95534
0.436 7.95534
0.437 7.95534
0.438 7.95534
0.439 7.95534
0.44 7.95534
0.441 7.95534
0.442 7.95534
0.443 7.95534
0.444 7.95534
0.445 7.95534
0.446 7.95534
0.447 7.95534
0.448 7.95534
0.449 7.95534
0.45 7.95534
0.451 7.95534
0.452 7.95534
0.453 7.95534
0.454 7.95534
0.455 7.95534
0.456 7.95534
0.457 7.95534
0.458 7.95534
0.459 7.95534
0.46 7.95534
0.461 7.95534
0.462 7.95534
0.463 7.95534
0.464 7.95534
0.465 7.95534
0.466 7.95534
0.467 7.95534
0.468 7.95534
0.469 7.95534
0.47 7.95534
0.471 7.95534
0.472 7.95534
0.473 7.95534
0.474 7.95534
0.475 7.95534
0.476 7.95534
0.477 7.95534
0.478 7.95534
0.479 7.95534
0.48 7.95534
0.481 7.95534
0.482 7.95534
0.483 7.95534
0.484 7.95534
0.485 7.95534
0.486 7.95534
0.487 7.95534
0.488 7.95534
0.489 7.95534
0.49 7.95534
0.491 7.95534
0.492 7.95534
0.493 7.95534
0.494 7.95534
0.495 7.95534
0.496 7.95534
0.497 7.95534
0.498 7.95534
0.499 7.95534
0.5 7.95534
0.501 5.90463
0.502 5.90463
0.503 5.90463
0.504 5.90463
0.505 5.90463
0.506 5.90463
0.507 5.90463
0.508 5.90463
0.509 5.90463
0.51 5.90463
0.511 5.90463
0.512 5.90463
0.513 5.90463
0.514 5.90463
0.515 5.90463
0.516 5.90463
0.517 5.90463
0.518 5.90463
0.519 5.90463
0.52 5.90463
0.521 5.90463
0.522 5.90463
0.523 5.90463
0.524 5.90463
0.525 5.90463
0.526 5.90463
0.527 5.90463
0.528 5.90463
0.529 5.90463
0.53 5.90463
0.531 5.90463
0.532 5.90463
0.533 5.90463
0.534 5.90463
0.535 5.90463
0.536 5.90463
0.537 5.90463
0.538 5.90463
0.539 5.90463
0.54 5.90463
0.541 5.90463
0.542 5.90463
0.543 5.90463
0.544 5.90463
0.545 5.90463
0.546 5.90463
0.547 5.90463
0.548 5.90463
0.549 5.90463
0.55 5.90463
0.551 5.90463
0.552 5.90463
0.553 5.90463
0.554 5.90463
0.555 5.90463
0.556 5.90463
0.557 5.90463
0.558 5.90463
0.559 5.90463
0.56 5.90463
0.561 5.90463
0.562 5.90463
0.563 5.90463
0.564 5.90463
0.565 5.90463
0.566 5.90463
0.567 5.90463
0.568 5.90463
0.569 5.90463
0.57 5.90463
0.571 5.90463
0.572 5.90463
0.573 5.90463
0.574 5.90463
0.575 5.90463
0.576 5.90463
0.577 5.90463
0.578 5.90463
0.579 5.90463
0.58 5.90463
0.581 5.90463
0.582 5.90463
0.583 5.90463
0.584 5.90463
0.585 5.90463
0.586 5.90463
0.587 5.90463
0.588 5.90463
0.589 5.90463
0.59 5.90463
0.591 5.90463
0.592 5.90463
0.593 5.90463
0.594 5.90463
0.595 5.90463
0.596 5.90463
0.597 5.90463
0.598 5.90463
0.599 5.90463
0.6 5.90463
0.601 4.35404
0.602 4.35404
0.603 4.35404
0.604 4.35404
0.605 4.35404
0.606 4.35404
0.607 4.35404
0.608 4.35404
0.609 4.35404
0.61 4.35404
0.611 4.35404
0.612 4.35404
0.613 4.35404
0.614 4.35404
0.615 4.35404
0.616 4.35404
0.617 4.35404
0.618 4.35404
0.619 4.35404
0.62 4.35404
0.621 4.35404
0.622 4.35404
0.623 4.35404
0.624 4.35404
0.625 4.35404
0.626 4.35404
0.627 4.35404
0.628 4.35404
0.629 4.35404
0.63 4.35404
0.631 4.35404
0.632 4.35404
0.633 4.35404
0.634 4.35404
0.635 4.35404
0.636 4.35404
0.637 4.35404
0.638 4.35404
0.639 4.35404
0.64 4.35404
0.641 4.35404
0.642 4.35404
0.643 4.35404
0.644 4.35404
0.645 4.35404
0.646 4.35404
0.647 4.35404
0.648 4.35404
0.649 4.35404
0.65 4.35404
0.651 4.35404
0.652 4.35404
0.653 4.35404
0.654 4.35404
0.655 4.35404
0.656 4.35404
0.657 4.35404
0.658 4.35404
0.659 4.35404
0.66 4.35404
0.661 4.35404
0.662 4.35404
0.663 4.35404
0.664 4.35404
0.665 4.35404
0.666 4.35404
0.667 4.35404
0.668 4.35404
0.669 4.35404
0.67 4.35404
0.671 4.35404
0.672 4.35404
0.673 4.35404
0.674 4.35404
0.675 4.35404
0.676 4.35404
0.677 4.35404
0.678 4.35404
0.679 4.35404
0.68 4.35404
0.681 4.35404
0.682 4.35404
0.683 4.35404
0.684 4.35404
0.685 4.35404
0.686 4.35404
0.687 4.35404
0.688 4.35404
0.689 4.35404
0.69 4.35404
0.691 4.35404
0.692 4.35404
0.693 4.35404
0.694 4.35404
0.695 4.35404
0.696 4.35404
0.697 4.35404
0.698 4.35404
0.699 4.35404
0.7 4.35404
0.701 4.34479
0.702 4.34479
0.703 4.34479
0.704 4.34479
0.705 4.34479
0.706 4.34479
0.707 4.34479
0.708 4.34479
0.709 4.34479
0.71 4.34479
0.711 4.34479
0.712 4.34479
0.713 4.34479
0.714 4.34479
0.715 4.34479
0.716 4.34479
0.717 4.34479
0.718 4.34479
0.719 4.34479
0.72 4.34479
0.721 4.34479
0.722 4.34479
0.723 4.34479
0.724 4.34479
0.725 4.34479
0.726 4.34479
0.727 4.34479
0.728 4.34479
0.729 4.34479
0.73 4.34479
0.731 4.34479
0.732 4.34479
0.733 4.34479
0.734 4.34479
0.735 4.34479
0.736 4.34479
0.737 4.34479
0.738 4.34479
0.739 4.34479
0.74 4.34479
0.741 4.34479
0.742 4.34479
0.743 4.34479
0.744 4.34479
0.745 4.34479
0.746 4.34479
0.747 4.34479
0.748 4.34479
0.749 4.34479
0.75 4.34479
0.751 4.34479
0.752 4.34479
0.753 4.34479
0.754 4.34479
0.755 4.34479
0.756 4.34479
0.757 4.34479
0.758 4.34479
0.759 4.34479
0.76 4.34479
0.761 4.34479
0.762 4.34479
0.763 4.34479
0.764 4.34479
0.765 4.34479
0.766 4.34479
0.767 4.34479
0.768 4.34479
0.769 4.34479
0.77 4.34479
0.771 4.34479
0.772 4.34479
0.773 4.34479
0.774 4.34479
0.775 4.34479
0.776 4.34479
0.777 4.34479
0.778 4.34479
0.779 4.34479
0.78 4.34479
0.781 4.34479
0.782 4.34479
0.783 4.34479
0.784 4.34479
0.785 4.34479
0.786 4.34479
0.787 4.34479
0.788 4.34479
0.789 4.34479
0.79 4.34479
0.791 4.34479
0.792 4.34479
0.793 4.34479
0.794 4.34479
0.795 4.34479
0.796 4.34479
0.797 4.34479
0.798 4.34479
0.799 4.34479
0.8 4.34479
0.801 3.33228
0.802 3.33228
0.803 3.33228
0.804 3.33228
0.805 3.33228
0.806 3.33228
0.807 3.33228
0.808 3.33228
0.809 3.33228
0.81 3.33228
0.811 3.33228
0.812 3.33228
0.813 3.33228
0.814 3.33228
0.815 3.33228
0.816 3.33228
0.817 3.33228
0.818 3.33228
0.819 3.33228
0.82 3.33228
0.821 3.33228
0.822 3.33228
0.823 3.33228
0.824 3.33228
0.825 3.33228
0.826 3.33228
0.827 3.33228
0.828 3.33228
0.829 3.33228
0.83 3.33228
0.831 3.33228
0.832 3.33228
0.833 3.33228
0.834 3.33228
0.835 3.33228
0.836 3.33228
0.837 3.33228
0.838 3.33228
0.839 3.33228
0.84 3.33228
0.841 3.33228
0.842 3.33228
0.843 3.33228
0.844 3.33228
0.845 3.33228
0.846 3.33228
0.847 3.33228
0.848 3.33228
0.849 3.33228
0.85 3.33228
0.851 3.33228
0.852 3.33228
0.853 3.33228
0.854 3.33228
0.855 3.33228
0.856 3.33228
0.857 3.33228
0.858 3.33228
0.859 3.33228
0.86 3.33228
0.861 3.33228
0.862 3.33228
0.863 3.33228
0.864 3.33228
0.865 3.33228
0.866 3.33228
0.867 3.33228
0.868 3.33228
0.869 3.33228
0.87 3.33228
0.871 3.33228
0.872 3.33228
0.873 3.33228
0.874 3.33228
0.875 3.33228
0.876 3.33228
0.877 3.33228
0.878 3.33228
0.879 3.33228
0.88 3.33228
0.881 3.33228
0.882 3.33228
0.883 3.33228
0.884 3.33228
0.885 3.33228
0.886 3.33228
0.887 3.33228
0.888 3.33228
0.889 3.33228
0.89 3.33228
0.891 3.33228
0.892 3.33228
0.893 3.33228
0.894 3.33228
0.895 3.33228
0.896 3.33228
0.897 3.33228
0.898 3.33228
0.899 3.33228
0.9 3.33228
0.901 1.37909
0.902 1.37909
0.903 1.37909
0.904 1.37909
0.905 1.37909
0.906 1.37909
0.907 1.37909
0.908 1.37909
0.909 1.37909
0.91 1.37909
0.911 1.37909
0.912 1.37909
0.913 1.37909
0.914 1.37909
0.915 1.37909
0.916 1.37909
0.917 1.37909
0.918 1.37909
0.919 1.37909
0.92 1.37909
0.921 1.37909
0.922 1.37909
0.923 1.37909
0.924 1.37909
0.925 1.37909
0.926 1.37909
0.927 1.37909
0.928 1.37909
0.929 1.37909
0.93 1.37909
0.931 1.37909
0.932 1.37909
0.933 1.37909
0.934 1.37909
0.935 1.37909
0.936 1.37909
0.937 1.37909
0.938 1.37909
0.939 1.37909
0.94 1.37909
0.941 1.37909
0.942 1.37909
0.943 1.37909
0.944 1.37909
0.945 1.37909
0.946 1.37909
0.947 1.37909
0.948 1.37909
0.949 1.37909
0.95 1.37909
0.951 1.37909
0.952 1.37909
0.953 1.37909
0.954 1.37909
0.955 1.37909
0.956 1.37909
0.957 1.37909
0.958 1.37909
0.959 1.37909
0.96 1.37909
0.961 1.37909
0.962 1.37909
0.963 1.37909
0.964 1.37909
0.965 1.37909
0.966 1.37909
0.967 1.37909
0.968 1.37909
0.969 1.37909
0.97 1.37909
0.971 1.37909
0.972 1.37909
0.973 1.37909
0.974 1.37909
0.975 1.37909
0.976 1.37909
0.977 1.37909
0.978 1.37909
0.979 1.37909
0.98 1.37909
0.981 1.37909
0.982 1.37909
0.983 1.37909
0.984 1.37909
0.985 1.37909
0.986 1.37909
0.987 1.37909
0.988 1.37909
0.989 1.37909
0.99 1.37909
0.991 1.37909
0.992 1.37909
0.993 1.37909
0.994 1.37909
0.995 1.37909
0.996 1.37909
0.997 1.37909
0.998 1.37909
0.999 1.37909
