0 100000
0.001 102920
0.002 105780
0.003 107740
0.004 109052
0.005 110007
0.006 110736
0.007 111265
0.008 111632
0.009 111875
0.01 112023
0.011 112098
0.012 112115
0.013 112086
0.014 112023
0.015 111933
0.016 111822
0.017 111695
0.018 111557
0.019 111408
0.02 111253
0.021 111092
0.022 110928
0.023 110760
0.024 110591
0.025 110420
0.026 110249
0.027 110077
0.028 109905
0.029 109734
0.03 109563
0.031 109393
0.032 109224
0.033 109056
0.034 108888
0.035 108722
0.036 108557
0.037 108392
0.038 108229
0.039 108067
0.04 107906
0.041 107746
0.042 107588
0.043 107430
0.044 107274
0.045 107119
0.046 106965
0.047 106812
0.048 106660
0.049 106510
0.05 106361
0.051 106214
0.052 106070
0.053 105928
0.054 105789
0.055 105652
0.056 105519
0.057 105392
0.058 105270
0.059 105153
0.06 105039
0.061 104934
0.062 104838
0.063 104750
0.064 104670
0.065 104597
0.066 104535
0.067 104485
0.068 104446
0.069 104418
0.07 104399
0.071 104394
0.072 104402
0.073 104425
0.074 104459
0.075 104506
0.076 104567
0.077 104645
0.078 104737
0.079 104843
0.08 104962
0.081 105096
0.082 105247
0.083 105413
0.084 105593
0.085 105786
0.086 105995
0.087 106219
0.088 106457
0.089 106708
0.09 106973
0.091 107251
0.092 107543
0.093 107847
0.094 108164
0.095 108493
0.096 108833
0.097 109184
0.098 109546
0.099 109918
0.1 110301
0.101 110693
0.102 111094
0.103 111503
0.104 111921
0.105 112347
0.106 112780
0.107 113220
0.108 113666
0.109 114119
0.11 114578
0.111 115042
0.112 115511
0.113 115984
0.114 116461
0.115 116943
0.116 117428
0.117 117916
0.118 118406
0.119 118899
0.12 119395
0.121 119893
0.122 120391
0.123 120890
0.124 121390
0.125 121892
0.126 122394
0.127 122894
0.128 123395
0.129 123895
0.13 124396
0.131 124895
0.132 125392
0.133 125887
0.134 126381
0.135 126875
0.136 127365
0.137 127853
0.138 128338
0.139 128821
0.14 129302
0.141 129779
0.142 130253
0.143 130723
0.144 131191
0.145 131656
0.146 132116
0.147 132572
0.148 133025
0.149 133474
0.15 133919
0.151 134360
0.152 134796
0.153 135228
0.154 135655
0.155 136079
0.156 136498
0.157 136912
0.158 137321
0.159 137726
0.16 138127
0.161 138522
0.162 138913
0.163 139298
0.164 139679
0.165 140056
0.166 140427
0.167 140793
0.168 141154
0.169 141510
0.17 141862
0.171 142209
0.172 142550
0.173 142887
0.174 143218
0.175 143545
0.176 143867
0.177 144184
0.178 144496
0.179 144803
0.18 145105
0.181 145403
0.182 145695
0.183 145983
0.184 146266
0.185 146544
0.186 146818
0.187 147086
0.188 147350
0.189 147609
0.19 147864
0.191 148114
0.192 148359
0.193 148599
0.194 148835
0.195 149066
0.196 149293
0.197 149515
0.198 149732
0.199 149945
0.2 150154
0.201 150361
0.202 150560
0.203 150755
0.204 150945
0.205 151130
0.206 151312
0.207 151489
0.208 151661
0.209 151830
0.21 151994
0.211 152154
0.212 152309
0.213 152461
0.214 152608
0.215 152751
0.216 152890
0.217 153024
0.218 153155
0.219 153282
0.22 153404
0.221 153523
0.222 153637
0.223 153748
0.224 153855
0.225 153958
0.226 154056
0.227 154151
0.228 154242
0.229 154330
0.23 154413
0.231 154493
0.232 154569
0.233 154642
0.234 154710
0.235 154775
0.236 154836
0.237 154894
0.238 154948
0.239 154999
0.24 155046
0.241 155089
0.242 155130
0.243 155166
0.244 155200
0.245 155230
0.246 155257
0.247 155281
0.248 155301
0.249 155319
0.25 155333
0.251 155344
0.252 155353
0.253 155358
0.254 155361
0.255 155360
0.256 155357
0.257 155351
0.258 155343
0.259 155332
0.26 155318
0.261 155301
0.262 155283
0.263 155262
0.264 155238
0.265 155212
0.266 155184
0.267 155154
0.268 155122
0.269 155087
0.27 155051
0.271 155013
0.272 154973
0.273 154931
0.274 154888
0.275 154842
0.276 154796
0.277 154748
0.278 154699
0.279 154648
0.28 154596
0.281 154543
0.282 154489
0.283 154434
0.284 154377
0.285 154320
0.286 154262
0.287 154204
0.288 154144
0.289 154084
0.29 154024
0.291 153963
0.292 153901
0.293 153839
0.294 153777
0.295 153714
0.296 153651
0.297 153588
0.298 153524
0.299 153461
0.3 153397
0.301 153334
0.302 153270
0.303 153207
0.304 153144
0.305 153080
0.306 153017
0.307 152954
0.308 152891
0.309 152829
0.31 152766
0.311 152704
0.312 152643
0.313 152582
0.314 152521
0.315 152461
0.316 152401
0.317 152341
0.318 152282
0.319 152223
0.32 152165
0.321 152108
0.322 152051
0.323 151994
0.324 151938
0.325 151883
0.326 151828
0.327 151774
0.328 151720
0.329 151667
0.33 151614
0.331 151562
0.332 151511
0.333 151460
0.334 151410
0.335 151360
0.336 151311
0.337 151263
0.338 151215
0.339 151168
0.34 151121
0.341 151075
0.342 151029
0.343 150984
0.344 150940
0.345 150896
0.346 150853
0.347 150810
0.348 150767
0.349 150726
0.35 150684
0.351 150644
0.352 150603
0.353 150563
0.354 150524
0.355 150485
0.356 150446
0.357 150408
0.358 150370
0.359 150333
0.36 150296
0.361 150259
0.362 150223
0.363 150187
0.364 150151
0.365 150116
0.366 150081
0.367 150046
0.368 150012
0.369 149977
0.37 149943
0.371 149909
0.372 149876
0.373 149842
0.374 149809
0.375 149776
0.376 149743
0.377 149710
0.378 149677
0.379 149644
0.38 149611
0.381 149578
0.382 149545
0.383 149513
0.384 149480
0.385 149447
0.386 149413
0.387 149380
0.388 149346
0.389 149312
0.39 149278
0.391 149244
0.392 149209
0.393 149174
0.394 149138
0.395 149102
0.396 149065
0.397 149028
0.398 148990
0.399 148951
0.4 148911
0.401 148869
0.402 148828
0.403 148785
0.404 148740
0.405 148694
0.406 148646
0.407 148596
0.408 148544
0.409 148491
0.41 148435
0.411 148377
0.412 148315
0.413 148251
0.414 148184
0.415 148114
0.416 148040
0.417 147961
0.418 147879
0.419 147793
0.42 147703
0.421 147608
0.422 147508
0.423 147402
0.424 147292
0.425 147176
0.426 147055
0.427 146928
0.428 146795
0.429 146657
0.43 146513
0.431 146363
0.432 146208
0.433 146046
0.434 145879
0.435 145706
0.436 145529
0.437 145346
0.438 145159
0.439 144966
0.44 144769
0.441 144569
0.442 144366
0.443 144160
0.444 143951
0.445 143740
0.446 143527
0.447 143314
0.448 143100
0.449 142886
0.45 142671
0.451 142458
0.452 142247
0.453 142037
0.454 141829
0.455 141623
0.456 141420
0.457 141220
0.458 141024
0.459 140832
0.46 140642
0.461 140457
0.462 140276
0.463 140100
0.464 139928
0.465 139760
0.466 139597
0.467 139439
0.468 139286
0.469 139138
0.47 138993
0.471 138854
0.472 138720
0.473 138591
0.474 138466
0.475 138346
0.476 138230
0.477 138118
0.478 138011
0.479 137907
0.48 137808
0.481 137712
0.482 137621
0.483 137533
0.484 137448
0.485 137367
0.486 137289
0.487 137215
0.488 137143
0.489 137074
0.49 137009
0.491 136945
0.492 136885
0.493 136826
0.494 136771
0.495 136717
0.496 136666
0.497 136616
0.498 136568
0.499 136523
0.5 136479
0.501 136436
0.502 136395
0.503 136355
0.504 136317
0.505 136281
0.506 136246
0.507 136211
0.508 136178
0.509 136145
0.51 136114
0.511 136084
0.512 136054
0.513 136025
0.514 135996
0.515 135969
0.516 135942
0.517 135915
0.518 135888
0.519 135862
0.52 135837
0.521 135812
0.522 135786
0.523 135762
0.524 135737
0.525 135713
0.526 135689
0.527 135665
0.528 135641
0.529 135617
0.53 135593
0.531 135569
0.532 135545
0.533 135521
0.534 135497
0.535 135474
0.536 135450
0.537 135425
0.538 135401
0.539 135377
0.54 135352
0.541 135327
0.542 135302
0.543 135277
0.544 135252
0.545 135226
0.546 135201
0.547 135175
0.548 135148
0.549 135122
0.55 135095
0.551 135068
0.552 135041
0.553 135014
0.554 134986
0.555 134958
0.556 134930
0.557 134901
0.558 134872
0.559 134843
0.56 134814
0.561 134784
0.562 134754
0.563 134723
0.564 134693
0.565 134662
0.566 134630
0.567 134599
0.568 134567
0.569 134534
0.57 134502
0.571 134469
0.572 134436
0.573 134402
0.574 134368
0.575 134334
0.576 134300
0.577 134265
0.578 134230
0.579 134194
0.58 134159
0.581 134123
0.582 134086
0.583 134050
0.584 134013
0.585 133976
0.586 133938
0.587 133900
0.588 133862
0.589 133824
0.59 133785
0.591 133747
0.592 133707
0.593 133668
0.594 133628
0.595 133589
0.596 133548
0.597 133508
0.598 133467
0.599 133426
0.6 133385
0.601 133345
0.602 133302
0.603 133260
0.604 133218
0.605 133176
0.606 133134
0.607 133091
0.608 133048
0.609 133005
0.61 132962
0.611 132919
0.612 132875
0.613 132831
0.614 132787
0.615 132743
0.616 132699
0.617 132655
0.618 132610
0.619 132565
0.62 132520
0.621 132475
0.622 132430
0.623 132385
0.624 132339
0.625 132293
0.626 132248
0.627 132202
0.628 132156
0.629 132110
0.63 132063
0.631 132017
0.632 131970
0.633 131924
0.634 131877
0.635 131830
0.636 131783
0.637 131736
0.638 131689
0.639 131642
0.64 131594
0.641 131547
0.642 131499
0.643 131451
0.644 131404
0.645 131356
0.646 131308
0.647 131260
0.648 131212
0.649 131163
0.65 131115
0.651 131066
0.652 131018
0.653 130969
0.654 130921
0.655 130872
0.656 130823
0.657 130774
0.658 130725
0.659 130675
0.66 130626
0.661 130577
0.662 130527
0.663 130477
0.664 130428
0.665 130378
0.666 130328
0.667 130278
0.668 130227
0.669 130177
0.67 130127
0.671 130076
0.672 130026
0.673 129975
0.674 129924
0.675 129873
0.676 129822
0.677 129770
0.678 129719
0.679 129667
0.68 129615
0.681 129563
0.682 129511
0.683 129459
0.684 129407
0.685 129354
0.686 129302
0.687 129249
0.688 129196
0.689 129142
0.69 129089
0.691 129036
0.692 128982
0.693 128928
0.694 128874
0.695 128819
0.696 128765
0.697 128710
0.698 128655
0.699 128600
0.7 128544
0.701 128488
0.702 128433
0.703 128377
0.704 128321
0.705 128264
0.706 128207
0.707 128150
0.708 128093
0.709 128035
0.71 127978
0.711 127920
0.712 127861
0.713 127803
0.714 127744
0.715 127685
0.716 127625
0.717 127566
0.718 127506
0.719 127445
0.72 127385
0.721 127324
0.722 127263
0.723 127202
0.724 127140
0.725 127078
0.726 127015
0.727 126953
0.728 126890
0.729 126827
0.73 126763
0.731 126699
0.732 126635
0.733 126570
0.734 126505
0.735 126440
0.736 126374
0.737 126308
0.738 126242
0.739 126176
0.74 126109
0.741 126041
0.742 125974
0.743 125906
0.744 125837
0.745 125769
0.746 125700
0.747 125630
0.748 125561
0.749 125490
0.75 125420
0.751 125349
0.752 125278
0.753 125206
0.754 125134
0.755 125062
0.756 124990
0.757 124917
0.758 124843
0.759 124770
0.76 124695
0.761 124621
0.762 124546
0.763 124471
0.764 124395
0.765 124320
0.766 124243
0.767 124167
0.768 124090
0.769 124012
0.77 123935
0.771 123857
0.772 123778
0.773 123699
0.774 123620
0.775 123541
0.776 123461
0.777 123381
0.778 123300
0.779 123219
0.78 123138
0.781 123056
0.782 122974
0.783 122892
0.784 122809
0.785 122727
0.786 122643
0.787 122560
0.788 122476
0.789 122391
0.79 122307
0.791 122222
0.792 122136
0.793 122051
0.794 121965
0.795 121879
0.796 121792
0.797 121705
0.798 121618
0.799 121530
0.8 121443
0.801 121354
0.802 121266
0.803 121177
0.804 121088
0.805 120999
0.806 120910
0.807 120820
0.808 120730
0.809 120639
0.81 120549
0.811 120458
0.812 120367
0.813 120275
0.814 120183
0.815 120092
0.816 119999
0.817 119907
0.818 119814
0.819 119721
0.82 119628
0.821 119535
0.822 119441
0.823 119347
0.824 119253
0.825 119159
0.826 119065
0.827 118970
0.828 118875
0.829 118780
0.83 118685
0.831 118589
0.832 118494
0.833 118398
0.834 118302
0.835 118206
0.836 118110
0.837 118013
0.838 117917
0.839 117820
0.84 117723
0.841 117626
0.842 117529
0.843 117431
0.844 117334
0.845 117236
0.846 117138
0.847 117041
0.848 116943
0.849 116845
0.85 116746
0.851 116648
0.852 116550
0.853 116451
0.854 116353
0.855 116254
0.856 116155
0.857 116057
0.858 115958
0.859 115859
0.86 115760
0.861 115661
0.862 115562
0.863 115463
0.864 115364
0.865 115264
0.866 115165
0.867 115066
0.868 114967
0.869 114867
0.87 114768
0.871 114669
0.872 114569
0.873 114470
0.874 114370
0.875 114271
0.876 114172
0.877 114072
0.878 113973
0.879 113874
0.88 113775
0.881 113675
0.882 113576
0.883 113477
0.884 113378
0.885 113279
0.886 113180
0.887 113081
0.888 112982
0.889 112883
0.89 112784
0.891 112685
0.892 112587
0.893 112488
0.894 112390
0.895 112291
0.896 112193
0.897 112095
0.898 111996
0.899 111898
0.9 111800
0.901 111702
0.902 111604
0.903 111506
0.904 111409
0.905 111311
0.906 111214
0.907 111117
0.908 111020
0.909 110923
0.91 110826
0.911 110730
0.912 110633
0.913 110537
0.914 110440
0.915 110344
0.916 110248
0.917 110152
0.918 110057
0.919 109961
0.92 109866
0.921 109771
0.922 109675
0.923 109581
0.924 109486
0.925 109391
0.926 109297
0.927 109203
0.928 109109
0.929 109015
0.93 108921
0.931 108827
0.932 108734
0.933 108641
0.934 108548
0.935 108455
0.936 108363
0.937 108270
0.938 108178
0.939 108086
0.94 107994
0.941 107902
0.942 107811
0.943 107720
0.944 107629
0.945 107538
0.946 107447
0.947 107357
0.948 107267
0.949 107177
0.95 107087
0.951 106997
0.952 106908
0.953 106819
0.954 106730
0.955 106641
0.956 106553
0.957 106464
0.958 106376
0.959 106289
0.96 106201
0.961 106114
0.962 106026
0.963 105939
0.964 105853
0.965 105766
0.966 105680
0.967 105594
0.968 105508
0.969 105422
0.97 105337
0.971 105252
0.972 105167
0.973 105082
0.974 104998
0.975 104913
0.976 104829
0.977 104746
0.978 104662
0.979 104579
0.98 104496
0.981 104413
0.982 104330
0.983 104248
0.984 104165
0.985 104083
0.986 104002
0.987 103920
0.988 103839
0.989 103758
0.99 103677
0.991 103596
0.992 103516
0.993 103436
0.994 103356
0.995 103276
0.996 103197
0.997 103117
0.998 103038
0.999 102960
