0 0
0.001 0
0.002 0
0.003 0
0.004 0
0.005 0
0.006 0
0.007 0
0.008 0
0.009 0
0.01 0
0.011 0
0.012 0
0.013 0
0.014 0
0.015 0
0.016 0
0.017 0
0.018 0
0.019 0
0.02 0
0.021 0
0.022 0
0.023 0
0.024 0
0.025 0
0.026 0
0.027 0
0.028 0
0.029 0
0.03 0
0.031 0
0.032 0
0.033 0
0.034 0
0.035 0
0.036 0
0.037 0
0.038 0
0.039 0
0.04 0
0.041 0
0.042 0
0.043 0
0.044 0
0.045 0
0.046 0
0.047 0
0.048 0
0.049 0
0.05 0
0.051 0
0.052 0
0.053 0
0.054 0
0.055 0
0.056 0
0.057 0
0.058 0
0.059 0
0.06 0
0.061 0
0.062 0
0.063 0
0.064 0
0.065 0
0.066 0
0.067 0
0.068 0
0.069 0
0.07 0
0.071 0
0.072 0
0.073 0
0.074 0
0.075 0
0.076 0
0.077 0
0.078 0
0.079 0
0.08 0
0.081 0
0.082 0
0.083 0
0.084 0
0.085 0
0.086 0
0.087 0
0.088 0
0.089 0
0.09 0
0.091 0
0.092 0
0.093 0
0.094 0
0.095 0
0.096 0
0.097 0
0.098 0
0.099 0
0.1 0
0.101 -0
0.102 -0
0.103 -0
0.104 -0
0.105 -0
0.106 -0
0.107 -0
0.108 -0
0.109 -0
0.11 -0
0.111 -0
0.112 -0
0.113 -0
0.114 -0
0.115 -0
0.116 -0
0.117 -0
0.118 -0
0.119 -0
0.12 -0
0.121 -0
0.122 -0
0.123 -0
0.124 -0
0.125 -0
0.126 -0
0.127 -0
0.128 -0
0.129 -0
0.13 -0
0.131 -0
0.132 -0
0.133 -0
0.134 -0
0.135 -0
0.136 -0
0.137 -0
0.138 -0
0.139 -0
0.14 -0
0.141 -0
0.142 -0
0.143 -0
0.144 -0
0.145 -0
0.146 -0
0.147 -0
0.148 -0
0.149 -0
0.15 -0
0.151 -0
0.152 -0
0.153 -0
0.154 -0
0.155 -0
0.156 -0
0.157 -0
0.158 -0
0.159 -0
0.16 -0
0.161 -0
0.162 -0
0.163 -0
0.164 -0
0.165 -0
0.166 -0
0.167 -0
0.168 -0
0.169 -0
0.17 -0
0.171 -0
0.172 -0
0.173 -0
0.174 -0
0.175 -0
0.176 -0
0.177 -0
0.178 -0
0.179 -0
0.18 -0
0.181 -0
0.182 -0
0.183 -0
0.184 -0
0.185 -0
0.186 -0
0.187 -0
0.188 -0
0.189 -0
0.19 -0
0.191 -0
0.192 -0
0.193 -0
0.194 -0
0.195 -0
0.196 -0
0.197 -0
0.198 -0
0.199 -0
0.2 -0
0.201 3.73072
0.202 3.73072
0.203 3.73072
0.204 3.73072
0.205 3.73072
0.206 3.73072
0.207 3.73072
0.208 3.73072
0.209 3.73072
0.21 3.73072
0.211 3.73072
0.212 3.73072
0.213 3.73072
0.214 3.73072
0.215 3.73072
0.216 3.73072
0.217 3.73072
0.218 3.73072
0.219 3.73072
0.22 3.73072
0.221 3.73072
0.222 3.73072
0.223 3.73072
0.224 3.73072
0.225 3.73072
0.226 3.73072
0.227 3.73072
0.228 3.73072
0.229 3.73072
0.23 3.73072
0.231 3.73072
0.232 3.73072
0.233 3.73072
0.234 3.73072
0.235 3.73072
0.236 3.73072
0.237 3.73072
0.238 3.73072
0.239 3.73072
0.24 3.73072
0.241 3.73072
0.242 3.73072
0.243 3.73072
0.244 3.73072
0.245 3.73072
0.246 3.73072
0.247 3.73072
0.248 3.73072
0.249 3.73072
0.25 3.73072
0.251 3.73072
0.252 3.73072
0.253 3.73072
0.254 3.73072
0.255 3.73072
0.256 3.73072
0.257 3.73072
0.258 3.73072
0.259 3.73072
0.26 3.73072
0.261 3.73072
0.262 3.73072
0.263 3.73072
0.264 3.73072
0.265 3.73072
0.266 3.73072
0.267 3.73072
0.268 3.73072
0.269 3.73072
0.27 3.73072
0.271 3.73072
0.272 3.73072
0.273 3.73072
0.274 3.73072
0.275 3.73072
0.276 3.73072
0.277 3.73072
0.278 3.73072
0.279 3.73072
0.28 3.73072
0.281 3.73072
0.282 3.73072
0.283 3.73072
0.284 3.73072
0.285 3.73072
0.286 3.73072
0.287 3.73072
0.288 3.73072
0.289 3.73072
0.29 3.73072
0.291 3.73072
0.292 3.73072
0.293 3.73072
0.294 3.73072
0.295 3.73072
0.296 3.73072
0.297 3.73072
0.298 3.73072
0.299 3.73072
0.3 3.73072
0.301 3.99891
0.302 3.99891
0.303 3.99891
0.304 3.99891
0.305 3.99891
0.306 3.99891
0.307 3.99891
0.308 3.99891
0.309 3.99891
0.31 3.99891
0.311 3.99891
0.312 3.99891
0.313 3.99891
0.314 3.99891
0.315 3.99891
0.316 3.99891
0.317 3.99891
0.318 3.99891
0.319 3.99891
0.32 3.99891
0.321 3.99891
0.322 3.99891
0.323 3.99891
0.324 3.99891
0.325 3.99891
0.326 3.99891
0.327 3.99891
0.328 3.99891
0.329 3.99891
0.33 3.99891
0.331 3.99891
0.332 3.99891
0.333 3.99891
0.334 3.99891
0.335 3.99891
0.336 3.99891
0.337 3.99891
0.338 3.99891
0.339 3.99891
0.34 3.99891
0.341 3.99891
0.342 3.99891
0.343 3.99891
0.344 3.99891
0.345 3.99891
0.346 3.99891
0.347 3.99891
0.348 3.99891
0.349 3.99891
0.35 3.99891
0.351 3.99891
0.352 3.99891
0.353 3.99891
0.354 3.99891
0.355 3.99891
0.356 3.99891
0.357 3.99891
0.358 3.99891
0.359 3.99891
0.36 3.99891
0.361 3.99891
0.362 3.99891
0.363 3.99891
0.364 3.99891
0.365 3.99891
0.366 3.99891
0.367 3.99891
0.368 3.99891
0.369 3.99891
0.37 3.99891
0.371 3.99891
0.372 3.99891
0.373 3.99891
0.374 3.99891
0.375 3.99891
0.376 3.99891
0.377 3.99891
0.378 3.99891
0.379 3.99891
0.38 3.99891
0.381 3.99891
0.382 3.99891
0.383 3.99891
0.384 3.99891
0.385 3.99891
0.386 3.99891
0.387 3.99891
0.388 3.99891
0.389 3.99891
0.39 3.99891
0.391 3.99891
0.392 3.99891
0.393 3.99891
0.394 3.99891
0.395 3.99891
0.396 3.99891
0.397 3.99891
0.398 3.99891
0.399 3.99891
0.4 3.99891
0.401 2.89281
0.402 2.89281
0.403 2.89281
0.404 2.89281
0.405 2.89281
0.406 2.89281
0.407 2.89281
0.408 2.89281
0.409 2.89281
0.41 2.89281
0.411 2.89281
0.412 2.89281
0.413 2.89281
0.414 2.89281
0.415 2.89281
0.416 2.89281
0.417 2.89281
0.418 2.89281
0.419 2.89281
0.42 2.89281
0.421 2.89281
0.422 2.89281
0.423 2.89281
0.424 2.89281
0.425 2.89281
0.426 2.89281
0.427 2.89281
0.428 2.89281
0.429 2.89281
0.43 2.89281
0.431 2.89281
0.432 2.89281
0.433 2.89281
0.434 2.89281
0.435 2.89281
0.436 2.89281
0.437 2.89281
0.438 2.89281
0.439 2.89281
0.44 2.89281
0.441 2.89281
0.442 2.89281
0.443 2.89281
0.444 2.89281
0.445 2.89281
0.446 2.89281
0.447 2.89281
0.448 2.89281
0.449 2.89281
0.45 2.89281
0.451 2.89281
0.452 2.89281
0.453 2.89281
0.454 2.89281
0.455 2.89281
0.456 2.89281
0.457 2.89281
0.458 2.89281
0.459 2.89281
0.46 2.89281
0.461 2.89281
0.462 2.89281
0.463 2.89281
0.464 2.89281
0.465 2.89281
0.466 2.89281
0.467 2.89281
0.468 2.89281
0.469 2.89281
0.47 2.89281
0.471 2.89281
0.472 2.89281
0.473 2.89281
0.474 2.89281
0.475 2.89281
0.476 2.89281
0.477 2.89281
0.478 2.89281
0.479 2.89281
0.48 2.89281
0.481 2.89281
0.482 2.89281
0.483 2.89281
0.484 2.89281
0.485 2.89281
0.486 2.89281
0.487 2.89281
0.488 2.89281
0.489 2.89281
0.49 2.89281
0.491 2.89281
0.492 2.89281
0.493 2.89281
0.494 2.89281
0.495 2.89281
0.496 2.89281
0.497 2.89281
0.498 2.89281
0.499 2.89281
0.5 2.89281
0.501 1.87053
0.502 1.87053
0.503 1.87053
0.504 1.87053
0.505 1.87053
0.506 1.87053
0.507 1.87053
0.508 1.87053
0.509 1.87053
0.51 1.87053
0.511 1.87053
0.512 1.87053
0.513 1.87053
0.514 1.87053
0.515 1.87053
0.516 1.87053
0.517 1.87053
0.518 1.87053
0.519 1.87053
0.52 1.87053
0.521 1.87053
0.522 1.87053
0.523 1.87053
0.524 1.87053
0.525 1.87053
0.526 1.87053
0.527 1.87053
0.528 1.87053
0.529 1.87053
0.53 1.87053
0.531 1.87053
0.532 1.87053
0.533 1.87053
0.534 1.87053
0.535 1.87053
0.536 1.87053
0.537 1.87053
0.538 1.87053
0.539 1.87053
0.54 1.87053
0.541 1.87053
0.542 1.87053
0.543 1.87053
0.544 1.87053
0.545 1.87053
0.546 1.87053
0.547 1.87053
0.548 1.87053
0.549 1.87053
0.55 1.87053
0.551 1.87053
0.552 1.87053
0.553 1.87053
0.554 1.87053
0.555 1.87053
0.556 1.87053
0.557 1.87053
0.558 1.87053
0.559 1.87053
0.56 1.87053
0.561 1.87053
0.562 1.87053
0.563 1.87053
0.564 1.87053
0.565 1.87053
0.566 1.87053
0.567 1.87053
0.568 1.87053
0.569 1.87053
0.57 1.87053
0.571 1.87053
0.572 1.87053
0.573 1.87053
0.574 1.87053
0.575 1.87053
0.576 1.87053
0.577 1.87053
0.578 1.87053
0.579 1.87053
0.58 1.87053
0.581 1.87053
0.582 1.87053
0.583 1.87053
0.584 1.87053
0.585 1.87053
0.586 1.87053
0.587 1.87053
0.588 1.87053
0.589 1.87053
0.59 1.87053
0.591 1.87053
0.592 1.87053
0.593 1.87053
0.594 1.87053
0.595 1.87053
0.596 1.87053
0.597 1.87053
0.598 1.87053
0.599 1.87053
0.6 1.87053
0.601 2.32207
0.602 2.32207
0.603 2.32207
0.604 2.32207
0.605 2.32207
0.606 2.32207
0.607 2.32207
0.608 2.32207
0.609 2.32207
0.61 2.32207
0.611 2.32207
0.612 2.32207
0.613 2.32207
0.614 2.32207
0.615 2.32207
0.616 2.32207
0.617 2.32207
0.618 2.32207
0.619 2.32207
0.62 2.32207
0.621 2.32207
0.622 2.32207
0.623 2.32207
0.624 2.32207
0.625 2.32207
0.626 2.32207
0.627 2.32207
0.628 2.32207
0.629 2.32207
0.63 2.32207
0.631 2.32207
0.632 2.32207
0.633 2.32207
0.634 2.32207
0.635 2.32207
0.636 2.32207
0.637 2.32207
0.638 2.32207
0.639 2.32207
0.64 2.32207
0.641 2.32207
0.642 2.32207
0.643 2.32207
0.644 2.32207
0.645 2.32207
0.646 2.32207
0.647 2.32207
0.648 2.32207
0.649 2.32207
0.65 2.32207
0.651 2.32207
0.652 2.32207
0.653 2.32207
0.654 2.32207
0.655 2.32207
0.656 2.32207
0.657 2.32207
0.658 2.32207
0.659 2.32207
0.66 2.32207
0.661 2.32207
0.662 2.32207
0.663 2.32207
0.664 2.32207
0.665 2.32207
0.666 2.32207
0.667 2.32207
0.668 2.32207
0.669 2.32207
0.67 2.32207
0.671 2.32207
0.672 2.32207
0.673 2.32207
0.674 2.32207
0.675 2.32207
0.676 2.32207
0.677 2.32207
0.678 2.32207
0.679 2.32207
0.68 2.32207
0.681 2.32207
0.682 2.32207
0.683 2.32207
0.684 2.32207
0.685 2.32207
0.686 2.32207
0.687 2.32207
0.688 2.32207
0.689 2.32207
0.69 2.32207
0.691 2.32207
0.692 2.32207
0.693 2.32207
0.694 2.32207
0.695 2.32207
0.696 2.32207
0.697 2.32207
0.698 2.32207
0.699 2.32207
0.7 2.32207
0.701 1.54034
0.702 1.54034
0.703 1.54034
0.704 1.54034
0.705 1.54034
0.706 1.54034
0.707 1.54034
0.708 1.54034
0.709 1.54034
0.71 1.54034
0.711 1.54034
0.712 1.54034
0.713 1.54034
0.714 1.54034
0.715 1.54034
0.716 1.54034
0.717 1.54034
0.718 1.54034
0.719 1.54034
0.72 1.54034
0.721 1.54034
0.722 1.54034
0.723 1.54034
0.724 1.54034
0.725 1.54034
0.726 1.54034
0.727 1.54034
0.728 1.54034
0.729 1.54034
0.73 1.54034
0.731 1.54034
0.732 1.54034
0.733 1.54034
0.734 1.54034
0.735 1.54034
0.736 1.54034
0.737 1.54034
0.738 1.54034
0.739 1.54034
0.74 1.54034
0.741 1.54034
0.742 1.54034
0.743 1.54034
0.744 1.54034
0.745 1.54034
0.746 1.54034
0.747 1.54034
0.748 1.54034
0.749 1.54034
0.75 1.54034
0.751 1.54034
0.752 1.54034
0.753 1.54034
0.754 1.54034
0.755 1.54034
0.756 1.54034
0.757 1.54034
0.758 1.54034
0.759 1.54034
0.76 1.54034
0.761 1.54034
0.762 1.54034
0.763 1.54034
0.764 1.54034
0.765 1.54034
0.766 1.54034
0.767 1.54034
0.768 1.54034
0.769 1.54034
0.77 1.54034
0.771 1.54034
0.772 1.54034
0.773 1.54034
0.774 1.54034
0.775 1.54034
0.776 1.54034
0.777 1.54034
0.778 1.54034
0.779 1.54034
0.78 1.54034
0.781 1.54034
0.782 1.54034
0.783 1.54034
0.784 1.54034
0.785 1.54034
0.786 1.54034
0.787 1.54034
0.788 1.54034
0.789 1.54034
0.79 1.54034
0.791 1.54034
0.792 1.54034
0.793 1.54034
0.794 1.54034
0.795 1.54034
0.796 1.54034
0.797 1.54034
0.798 1.54034
0.799 1.54034
0.8 1.54034
0.801 0.984286
0.802 0.984286
0.803 0.984286
0.804 0.984286
0.805 0.984286
0.806 0.984286
0.807 0.984286
0.808 0.984286
0.809 0.984286
0.81 0.984286
0.811 0.984286
0.812 0.984286
0.813 0.984286
0.814 0.984286
0.815 0.984286
0.816 0.984286
0.817 0.984286
0.818 0.984286
0.819 0.984286
0.82 0.984286
0.821 0.984286
0.822 0.984286
0.823 0.984286
0.824 0.984286
0.825 0.984286
0.826 0.984286
0.827 0.984286
0.828 0.984286
0.829 0.984286
0.83 0.984286
0.831 0.984286
0.832 0.984286
0.833 0.984286
0.834 0.984286
0.835 0.984286
0.836 0.984286
0.837 0.984286
0.838 0.984286
0.839 0.984286
0.84 0.984286
0.841 0.984286
0.842 0.984286
0.843 0.984286
0.844 0.984286
0.845 0.984286
0.846 0.984286
0.847 0.984286
0.848 0.984286
0.849 0.984286
0.85 0.984286
0.851 0.984286
0.852 0.984286
0.853 0.984286
0.854 0.984286
0.855 0.984286
0.856 0.984286
0.857 0.984286
0.858 0.984286
0.859 0.984286
0.86 0.984286
0.861 0.984286
0.862 0.984286
0.863 0.984286
0.864 0.984286
0.865 0.984286
0.866 0.984286
0.867 0.984286
0.868 0.984286
0.869 0.984286
0.87 0.984286
0.871 0.984286
0.872 0.984286
0.873 0.984286
0.874 0.984286
0.875 0.984286
0.876 0.984286
0.877 0.984286
0.878 0.984286
0.879 0.984286
0.88 0.984286
0.881 0.984286
0.882 0.984286
0.883 0.984286
0.884 0.984286
0.885 0.984286
0.886 0.984286
0.887 0.984286
0.888 0.984286
0.889 0.984286
0.89 0.984286
0.891 0.984286
0.892 0.984286
0.893 0.984286
0.894 0.984286
0.895 0.984286
0.896 0.984286
0.897 0.984286
0.898 0.984286
0.899 0.984286
0.9 0.984286
0.901 0.732141
0.902 0.732141
0.903 0.732141
0.904 0.732141
0.905 0.732141
0.906 0.732141
0.907 0.732141
0.908 0.732141
0.909 0.732141
0.91 0.732141
0.911 0.732141
0.912 0.732141
0.913 0.732141
0.914 0.732141
0.915 0.732141
0.916 0.732141
0.917 0.732141
0.918 0.732141
0.919 0.732141
0.92 0.732141
0.921 0.732141
0.922 0.732141
0.923 0.732141
0.924 0.732141
0.925 0.732141
0.926 0.732141
0.927 0.732141
0.928 0.732141
0.929 0.732141
0.93 0.732141
0.931 0.732141
0.932 0.732141
0.933 0.732141
0.934 0.732141
0.935 0.732141
0.936 0.732141
0.937 0.732141
0.938 0.732141
0.939 0.732141
0.94 0.732141
0.941 0.732141
0.942 0.732141
0.943 0.732141
0.944 0.732141
0.945 0.732141
0.946 0.732141
0.947 0.732141
0.948 0.732141
0.949 0.732141
0.95 0.732141
0.951 0.732141
0.952 0.732141
0.953 0.732141
0.954 0.732141
0.955 0.732141
0.956 0.732141
0.957 0.732141
0.958 0.732141
0.959 0.732141
0.96 0.732141
0.961 0.732141
0.962 0.732141
0.963 0.732141
0.964 0.732141
0.965 0.732141
0.966 0.732141
0.967 0.732141
0.968 0.732141
0.969 0.732141
0.97 0.732141
0.971 0.732141
0.972 0.732141
0.973 0.732141
0.974 0.732141
0.975 0.732141
0.976 0.732141
0.977 0.732141
0.978 0.732141
0.979 0.732141
0.98 0.732141
0.981 0.732141
0.982 0.732141
0.983 0.732141
0.984 0.732141
0.985 0.732141
0.986 0.732141
0.987 0.732141
0.988 0.732141
0.989 0.732141
0.99 0.732141
0.991 0.732141
0.992 0.732141
0.993 0.732141
0.994 0.732141
0.995 0.732141
0.996 0.732141
0.997 0.732141
0.998 0.732141
0.999 0.732141
