0.001 0.00263743
0.002 0.00292863
0.003 0.00293323
0.004 0.00291849
0.005 0.00295659
0.006 0.00299516
0.007 0.00301576
0.008 0.00303011
0.009 0.00304177
0.01 0.00305094
0.011 0.00305763
0.012 0.00306236
0.013 0.0030651
0.014 0.00306559
0.015 0.00306564
0.016 0.00306531
0.017 0.00306465
0.018 0.00306407
0.019 0.00306321
0.02 0.00306212
0.021 0.00306089
0.022 0.00305949
0.023 0.00305797
0.024 0.00305635
0.025 0.00305466
0.026 0.00305292
0.027 0.00305113
0.028 0.00304931
0.029 0.00304746
0.03 0.00304559
0.031 0.00304372
0.032 0.00304184
0.033 0.00303994
0.034 0.00303805
0.035 0.00303614
0.036 0.00303426
0.037 0.00303236
0.038 0.00303047
0.039 0.00302858
0.04 0.00302669
0.041 0.00302481
0.042 0.00302294
0.043 0.00302108
0.044 0.00301922
0.045 0.00301736
0.046 0.00301569
0.047 0.00301403
0.048 0.00301238
0.049 0.00301074
0.05 0.00300909
0.051 0.00300886
0.052 0.00300866
0.053 0.00300851
0.054 0.00300839
0.055 0.00300827
0.056 0.00301165
0.057 0.00301526
0.058 0.00301897
0.059 0.00302276
0.06 0.00302658
0.061 0.00303606
0.062 0.00304557
0.063 0.0030553
0.064 0.00306514
0.065 0.00307501
0.066 0.00309138
0.067 0.00310779
0.068 0.00312446
0.069 0.00314125
0.07 0.0031581
0.071 0.00318157
0.072 0.00320467
0.073 0.00322791
0.074 0.00325134
0.075 0.00327486
0.076 0.00330448
0.077 0.00333395
0.078 0.00336376
0.079 0.00339378
0.08 0.00342389
0.081 0.00345894
0.082 0.00349387
0.083 0.00352909
0.084 0.00356449
0.085 0.00359997
0.086 0.00363872
0.087 0.0036774
0.088 0.00371628
0.089 0.0037553
0.09 0.00379437
0.091 0.00383502
0.092 0.00387565
0.093 0.0039164
0.094 0.00395721
0.095 0.00399807
0.096 0.0040388
0.097 0.00407957
0.098 0.00412036
0.099 0.00416116
0.1 0.00420197
0.101 0.00424152
0.102 0.00428114
0.103 0.0043207
0.104 0.00436023
0.105 0.00439976
0.106 0.00443707
0.107 0.00447448
0.108 0.00451177
0.109 0.004549
0.11 0.00458621
0.111 0.00462054
0.112 0.00465499
0.113 0.00468927
0.114 0.00472346
0.115 0.00475764
0.116 0.0047886
0.117 0.0048197
0.118 0.00485059
0.119 0.00488139
0.12 0.00491217
0.121 0.00493947
0.122 0.00496693
0.123 0.00499416
0.124 0.00502128
0.125 0.00504838
0.126 0.00507197
0.127 0.00509572
0.128 0.00511924
0.129 0.00514264
0.13 0.00516602
0.131 0.00518597
0.132 0.00520609
0.133 0.00522596
0.134 0.00524572
0.135 0.00526547
0.136 0.00528193
0.137 0.00529855
0.138 0.00531492
0.139 0.0053312
0.14 0.00534746
0.141 0.00536066
0.142 0.00537401
0.143 0.00538713
0.144 0.00540016
0.145 0.00541317
0.146 0.00542339
0.147 0.00543376
0.148 0.0054439
0.149 0.00545396
0.15 0.005464
0.151 0.00547155
0.152 0.00547922
0.153 0.00548669
0.154 0.00549408
0.155 0.00550147
0.156 0.00550663
0.157 0.00551192
0.158 0.00551702
0.159 0.00552206
0.16 0.00552708
0.161 0.00553017
0.162 0.00553337
0.163 0.0055364
0.164 0.00553938
0.165 0.00554235
0.166 0.00554365
0.167 0.00554504
0.168 0.00554629
0.169 0.00554749
0.17 0.00554868
0.171 0.00554847
0.172 0.00554834
0.173 0.00554808
0.174 0.00554778
0.175 0.00554747
0.176 0.00554599
0.177 0.00554459
0.178 0.00554307
0.179 0.00554152
0.18 0.00553996
0.181 0.00553742
0.182 0.00553494
0.183 0.00553236
0.184 0.00552976
0.185 0.00552715
0.186 0.00552368
0.187 0.00552026
0.188 0.00551675
0.189 0.00551323
0.19 0.0055097
0.191 0.00550538
0.192 0.0055011
0.193 0.00549675
0.194 0.00549238
0.195 0.005488
0.196 0.00548292
0.197 0.00547787
0.198 0.00547276
0.199 0.00546762
0.2 0.00546249
0.201 0.00545672
0.202 0.00545109
0.203 0.00544528
0.204 0.00543942
0.205 0.00543361
0.206 0.00542725
0.207 0.00542092
0.208 0.00541453
0.209 0.00540812
0.21 0.00540172
0.211 0.00539485
0.212 0.00538802
0.213 0.00538113
0.214 0.00537423
0.215 0.00536732
0.216 0.00536001
0.217 0.00535273
0.218 0.0053454
0.219 0.00533805
0.22 0.0053307
0.221 0.005323
0.222 0.00531532
0.223 0.0053076
0.224 0.00529986
0.225 0.00529212
0.226 0.00528406
0.227 0.00527601
0.228 0.00526793
0.229 0.00525983
0.23 0.00525173
0.231 0.00524333
0.232 0.00523495
0.233 0.00522653
0.234 0.0052181
0.235 0.00520967
0.236 0.00520102
0.237 0.00519238
0.238 0.00518372
0.239 0.00517504
0.24 0.00516636
0.241 0.00515759
0.242 0.00514881
0.243 0.00514002
0.244 0.00513123
0.245 0.00512242
0.246 0.00511362
0.247 0.00510481
0.248 0.00509599
0.249 0.00508716
0.25 0.00507833
0.251 0.00506961
0.252 0.00506086
0.253 0.00505212
0.254 0.00504338
0.255 0.00503463
0.256 0.00502595
0.257 0.00501721
0.258 0.00500847
0.259 0.00499973
0.26 0.00499099
0.261 0.00498255
0.262 0.0049741
0.263 0.00496567
0.264 0.00495723
0.265 0.0049488
0.266 0.00494079
0.267 0.00493277
0.268 0.00492478
0.269 0.00491678
0.27 0.00490879
0.271 0.00490135
0.272 0.0048939
0.273 0.00488649
0.274 0.00487908
0.275 0.00487166
0.276 0.00486493
0.277 0.00485817
0.278 0.00485146
0.279 0.00484476
0.28 0.00483805
0.281 0.00483207
0.282 0.00482608
0.283 0.00482014
0.284 0.0048142
0.285 0.00480826
0.286 0.00480307
0.287 0.00479787
0.288 0.00479272
0.289 0.00478758
0.29 0.00478243
0.291 0.00477802
0.292 0.0047736
0.293 0.00476922
0.294 0.00476485
0.295 0.00476048
0.296 0.00475682
0.297 0.00475314
0.298 0.00474951
0.299 0.00474588
0.3 0.00474226
0.301 0.00473929
0.302 0.00473631
0.303 0.00473337
0.304 0.00473044
0.305 0.00472751
0.306 0.00472519
0.307 0.00472285
0.308 0.00472056
0.309 0.00471828
0.31 0.004716
0.311 0.00471424
0.312 0.00471247
0.313 0.00471075
0.314 0.00470902
0.315 0.0047073
0.316 0.00470603
0.317 0.00470475
0.318 0.0047035
0.319 0.00470226
0.32 0.00470102
0.321 0.00470016
0.322 0.00469928
0.323 0.00469844
0.324 0.0046976
0.325 0.00469676
0.326 0.00469622
0.327 0.00469568
0.328 0.00469516
0.329 0.00469464
0.33 0.00469413
0.331 0.00469385
0.332 0.00469357
0.333 0.0046933
0.334 0.00469304
0.335 0.00469278
0.336 0.00469268
0.337 0.00469259
0.338 0.0046925
0.339 0.00469242
0.34 0.00469234
0.341 0.00469236
0.342 0.00469239
0.343 0.00469242
0.344 0.00469245
0.345 0.00469249
0.346 0.00469257
0.347 0.00469265
0.348 0.00469273
0.349 0.00469282
0.35 0.0046929
0.351 0.00469299
0.352 0.00469307
0.353 0.00469315
0.354 0.00469324
0.355 0.00469332
0.356 0.00469335
0.357 0.00469339
0.358 0.00469342
0.359 0.00469345
0.36 0.00469348
0.361 0.00469343
0.362 0.00469339
0.363 0.00469334
0.364 0.00469328
0.365 0.00469323
0.366 0.00469307
0.367 0.00469291
0.368 0.00469275
0.369 0.00469258
0.37 0.00469242
0.371 0.00469209
0.372 0.00469178
0.373 0.00469145
0.374 0.00469112
0.375 0.0046908
0.376 0.00469026
0.377 0.00468974
0.378 0.00468919
0.379 0.00468865
0.38 0.0046881
0.381 0.0046873
0.382 0.0046865
0.383 0.00468568
0.384 0.00468486
0.385 0.00468403
0.386 0.00468287
0.387 0.00468171
0.388 0.00468053
0.389 0.00467934
0.39 0.00467816
0.391 0.0046765
0.392 0.00467486
0.393 0.00467319
0.394 0.00467151
0.395 0.00466982
0.396 0.00466742
0.397 0.00466504
0.398 0.0046626
0.399 0.00466016
0.4 0.00465771
0.401 0.00465417
0.402 0.00465098
0.403 0.00464704
0.404 0.00464344
0.405 0.00463987
0.406 0.00463464
0.407 0.00462944
0.408 0.00462414
0.409 0.00461882
0.41 0.0046135
0.411 0.004606
0.412 0.00459856
0.413 0.00459095
0.414 0.00458333
0.415 0.0045757
0.416 0.00456528
0.417 0.00455493
0.418 0.00454437
0.419 0.00453379
0.42 0.0045232
0.421 0.0045096
0.422 0.00449607
0.423 0.00448232
0.424 0.00446853
0.425 0.00445473
0.426 0.00443823
0.427 0.00442177
0.428 0.00440511
0.429 0.00438842
0.43 0.00437197
0.431 0.00435384
0.432 0.00433571
0.433 0.0043175
0.434 0.00429931
0.435 0.00428107
0.436 0.00426289
0.437 0.00424468
0.438 0.00422644
0.439 0.00420818
0.44 0.00418994
0.441 0.00417367
0.442 0.00415739
0.443 0.00414119
0.444 0.004125
0.445 0.00410882
0.446 0.00409612
0.447 0.00408344
0.448 0.00407093
0.449 0.00405846
0.45 0.00404604
0.451 0.0040379
0.452 0.00402981
0.453 0.00402193
0.454 0.00401414
0.455 0.0040064
0.456 0.00400275
0.457 0.00399917
0.458 0.00399582
0.459 0.00399256
0.46 0.00398938
0.461 0.00398963
0.462 0.00398997
0.463 0.00399049
0.464 0.00399108
0.465 0.00399174
0.466 0.00399498
0.467 0.00399836
0.468 0.00400187
0.469 0.00400545
0.47 0.00400905
0.471 0.00401435
0.472 0.00401983
0.473 0.00402544
0.474 0.00403111
0.475 0.0040368
0.476 0.0040433
0.477 0.00404981
0.478 0.00405638
0.479 0.00406297
0.48 0.00406957
0.481 0.00407633
0.482 0.00408309
0.483 0.00408988
0.484 0.00409668
0.485 0.00410349
0.486 0.00410999
0.487 0.0041165
0.488 0.00412301
0.489 0.00412952
0.49 0.00413603
0.491 0.00414194
0.492 0.00414785
0.493 0.00415374
0.494 0.00415963
0.495 0.00416551
0.496 0.00417065
0.497 0.0041758
0.498 0.0041809
0.499 0.004186
0.5 0.0041911
0.501 0.00419535
0.502 0.00419958
0.503 0.0042038
0.504 0.00420801
0.505 0.00421221
0.506 0.00421563
0.507 0.00421906
0.508 0.00422245
0.509 0.00422582
0.51 0.0042292
0.511 0.00423174
0.512 0.00423429
0.513 0.00423679
0.514 0.00423929
0.515 0.00424178
0.516 0.00424352
0.517 0.00424528
0.518 0.004247
0.519 0.0042487
0.52 0.0042504
0.521 0.0042515
0.522 0.00425261
0.523 0.00425368
0.524 0.00425474
0.525 0.0042558
0.526 0.00425634
0.527 0.00425688
0.528 0.00425738
0.529 0.00425788
0.53 0.00425838
0.531 0.00425842
0.532 0.00425847
0.533 0.00425849
0.534 0.00425851
0.535 0.00425852
0.536 0.00425814
0.537 0.00425777
0.538 0.00425738
0.539 0.00425698
0.54 0.00425657
0.541 0.00425584
0.542 0.0042551
0.543 0.00425435
0.544 0.00425359
0.545 0.00425283
0.546 0.00425182
0.547 0.00425082
0.548 0.0042498
0.549 0.00424878
0.55 0.00424776
0.551 0.00424654
0.552 0.00424533
0.553 0.00424411
0.554 0.00424288
0.555 0.00424165
0.556 0.00424024
0.557 0.00423883
0.558 0.0042374
0.559 0.00423598
0.56 0.00423455
0.561 0.00423298
0.562 0.00423141
0.563 0.00422983
0.564 0.00422824
0.565 0.00422666
0.566 0.00422496
0.567 0.00422326
0.568 0.00422156
0.569 0.00421985
0.57 0.00421814
0.571 0.00421635
0.572 0.00421455
0.573 0.00421275
0.574 0.00421095
0.575 0.00420915
0.576 0.00420728
0.577 0.00420541
0.578 0.00420354
0.579 0.00420167
0.58 0.00419979
0.581 0.00419788
0.582 0.00419597
0.583 0.00419406
0.584 0.00419214
0.585 0.00419023
0.586 0.00418828
0.587 0.00418634
0.588 0.00418439
0.589 0.00418245
0.59 0.0041805
0.591 0.00417854
0.592 0.00417658
0.593 0.00417461
0.594 0.00417265
0.595 0.00417068
0.596 0.00416871
0.597 0.00416675
0.598 0.00416478
0.599 0.00416281
0.6 0.00416084
0.601 0.00415888
0.602 0.00415665
0.603 0.00415493
0.604 0.00415301
0.605 0.00415102
0.606 0.00414907
0.607 0.00414712
0.608 0.00414517
0.609 0.00414322
0.61 0.00414127
0.611 0.00413934
0.612 0.00413741
0.613 0.00413548
0.614 0.00413355
0.615 0.00413162
0.616 0.00412971
0.617 0.0041278
0.618 0.00412589
0.619 0.00412398
0.62 0.00412207
0.621 0.00412019
0.622 0.0041183
0.623 0.00411641
0.624 0.00411453
0.625 0.00411264
0.626 0.00411078
0.627 0.00410892
0.628 0.00410706
0.629 0.0041052
0.63 0.00410333
0.631 0.00410149
0.632 0.00409965
0.633 0.00409781
0.634 0.00409596
0.635 0.00409412
0.636 0.0040923
0.637 0.00409047
0.638 0.00408864
0.639 0.00408682
0.64 0.00408499
0.641 0.00408317
0.642 0.00408136
0.643 0.00407954
0.644 0.00407773
0.645 0.00407591
0.646 0.0040741
0.647 0.00407229
0.648 0.00407048
0.649 0.00406867
0.65 0.00406686
0.651 0.00406504
0.652 0.00406323
0.653 0.00406141
0.654 0.0040596
0.655 0.00405779
0.656 0.00405596
0.657 0.00405414
0.658 0.00405231
0.659 0.00405048
0.66 0.00404866
0.661 0.00404682
0.662 0.00404497
0.663 0.00404313
0.664 0.00404128
0.665 0.00403944
0.666 0.00403756
0.667 0.00403569
0.668 0.00403382
0.669 0.00403194
0.67 0.00403007
0.671 0.00402816
0.672 0.00402625
0.673 0.00402434
0.674 0.00402243
0.675 0.00402052
0.676 0.00401856
0.677 0.00401661
0.678 0.00401465
0.679 0.00401269
0.68 0.00401073
0.681 0.00400873
0.682 0.00400672
0.683 0.00400471
0.684 0.0040027
0.685 0.00400068
0.686 0.00399861
0.687 0.00399654
0.688 0.00399447
0.689 0.0039924
0.69 0.00399032
0.691 0.00398818
0.692 0.00398605
0.693 0.0039839
0.694 0.00398176
0.695 0.00397962
0.696 0.0039774
0.697 0.00397519
0.698 0.00397298
0.699 0.00397076
0.7 0.00396854
0.701 0.00396625
0.702 0.0039641
0.703 0.00396167
0.704 0.00395935
0.705 0.00395706
0.706 0.00395469
0.707 0.00395231
0.708 0.00394993
0.709 0.00394755
0.71 0.00394517
0.711 0.00394271
0.712 0.00394025
0.713 0.00393778
0.714 0.00393531
0.715 0.00393285
0.716 0.0039303
0.717 0.00392775
0.718 0.00392519
0.719 0.00392264
0.72 0.00392008
0.721 0.00391744
0.722 0.0039148
0.723 0.00391216
0.724 0.00390952
0.725 0.00390687
0.726 0.00390414
0.727 0.00390142
0.728 0.00389868
0.729 0.00389595
0.73 0.00389322
0.731 0.0038904
0.732 0.00388758
0.733 0.00388477
0.734 0.00388194
0.735 0.00387912
0.736 0.00387622
0.737 0.00387332
0.738 0.00387041
0.739 0.00386751
0.74 0.0038646
0.741 0.00386162
0.742 0.00385863
0.743 0.00385564
0.744 0.00385265
0.745 0.00384966
0.746 0.0038466
0.747 0.00384354
0.748 0.00384047
0.749 0.0038374
0.75 0.00383433
0.751 0.00383119
0.752 0.00382806
0.753 0.00382491
0.754 0.00382177
0.755 0.00381863
0.756 0.00381542
0.757 0.00381221
0.758 0.003809
0.759 0.00380578
0.76 0.00380257
0.761 0.0037993
0.762 0.00379602
0.763 0.00379275
0.764 0.00378947
0.765 0.00378619
0.766 0.00378286
0.767 0.00377952
0.768 0.00377619
0.769 0.00377285
0.77 0.00376951
0.771 0.00376613
0.772 0.00376274
0.773 0.00375935
0.774 0.00375596
0.775 0.00375257
0.776 0.00374913
0.777 0.0037457
0.778 0.00374226
0.779 0.00373883
0.78 0.00373539
0.781 0.00373191
0.782 0.00372844
0.783 0.00372496
0.784 0.00372148
0.785 0.003718
0.786 0.00371449
0.787 0.00371098
0.788 0.00370747
0.789 0.00370396
0.79 0.00370045
0.791 0.00369691
0.792 0.00369337
0.793 0.00368983
0.794 0.00368629
0.795 0.00368275
0.796 0.00367919
0.797 0.00367563
0.798 0.00367207
0.799 0.00366851
0.8 0.00366495
0.801 0.00366138
0.802 0.0036578
0.803 0.00365422
0.804 0.00365065
0.805 0.00364707
0.806 0.00364349
0.807 0.00363991
0.808 0.00363632
0.809 0.00363274
0.81 0.00362915
0.811 0.00362557
0.812 0.00362199
0.813 0.0036184
0.814 0.00361481
0.815 0.00361123
0.816 0.00360765
0.817 0.00360407
0.818 0.00360048
0.819 0.0035969
0.82 0.00359332
0.821 0.00358975
0.822 0.00358618
0.823 0.0035826
0.824 0.00357903
0.825 0.00357546
0.826 0.0035719
0.827 0.00356835
0.828 0.00356479
0.829 0.00356124
0.83 0.00355768
0.831 0.00355414
0.832 0.00355061
0.833 0.00354707
0.834 0.00354354
0.835 0.00354
0.836 0.00353649
0.837 0.00353298
0.838 0.00352947
0.839 0.00352596
0.84 0.00352245
0.841 0.00351897
0.842 0.00351549
0.843 0.00351201
0.844 0.00350853
0.845 0.00350506
0.846 0.00350161
0.847 0.00349816
0.848 0.00349472
0.849 0.00349128
0.85 0.00348783
0.851 0.00348443
0.852 0.00348102
0.853 0.00347761
0.854 0.00347421
0.855 0.0034708
0.856 0.00346744
0.857 0.00346407
0.858 0.00346071
0.859 0.00345735
0.86 0.00345399
0.861 0.00345067
0.862 0.00344735
0.863 0.00344403
0.864 0.00344071
0.865 0.0034374
0.866 0.00343413
0.867 0.00343086
0.868 0.00342759
0.869 0.00342432
0.87 0.00342105
0.871 0.00341783
0.872 0.00341461
0.873 0.0034114
0.874 0.00340818
0.875 0.00340496
0.876 0.0034018
0.877 0.00339863
0.878 0.00339547
0.879 0.0033923
0.88 0.00338914
0.881 0.00338603
0.882 0.00338292
0.883 0.00337981
0.884 0.0033767
0.885 0.00337359
0.886 0.00337054
0.887 0.00336748
0.888 0.00336443
0.889 0.00336138
0.89 0.00335833
0.891 0.00335533
0.892 0.00335233
0.893 0.00334934
0.894 0.00334634
0.895 0.00334335
0.896 0.00334041
0.897 0.00333747
0.898 0.00333453
0.899 0.0033316
0.9 0.00332866
0.901 0.00332578
0.902 0.00332277
0.903 0.00331999
0.904 0.00331714
0.905 0.00331426
0.906 0.00331144
0.907 0.00330862
0.908 0.0033058
0.909 0.00330298
0.91 0.00330017
0.911 0.0032974
0.912 0.00329464
0.913 0.00329188
0.914 0.00328912
0.915 0.00328636
0.916 0.00328366
0.917 0.00328095
0.918 0.00327825
0.919 0.00327555
0.92 0.00327285
0.921 0.0032702
0.922 0.00326755
0.923 0.00326491
0.924 0.00326226
0.925 0.00325962
0.926 0.00325703
0.927 0.00325444
0.928 0.00325185
0.929 0.00324927
0.93 0.00324668
0.931 0.00324415
0.932 0.00324161
0.933 0.00323908
0.934 0.00323655
0.935 0.00323402
0.936 0.00323154
0.937 0.00322906
0.938 0.00322658
0.939 0.00322411
0.94 0.00322163
0.941 0.00321921
0.942 0.00321678
0.943 0.00321436
0.944 0.00321193
0.945 0.00320951
0.946 0.00320714
0.947 0.00320476
0.948 0.00320239
0.949 0.00320002
0.95 0.00319765
0.951 0.00319533
0.952 0.003193
0.953 0.00319068
0.954 0.00318836
0.955 0.00318604
0.956 0.00318377
0.957 0.00318149
0.958 0.00317922
0.959 0.00317695
0.96 0.00317468
0.961 0.00317245
0.962 0.00317022
0.963 0.00316799
0.964 0.00316577
0.965 0.00316354
0.966 0.00316136
0.967 0.00315918
0.968 0.003157
0.969 0.00315482
0.97 0.00315264
0.971 0.0031505
0.972 0.00314836
0.973 0.00314622
0.974 0.00314408
0.975 0.00314195
0.976 0.00313985
0.977 0.00313775
0.978 0.00313565
0.979 0.00313356
0.98 0.00313146
0.981 0.0031294
0.982 0.00312735
0.983 0.00312529
0.984 0.00312323
0.985 0.00312118
0.986 0.00311916
0.987 0.00311714
0.988 0.00311512
0.989 0.0031131
0.99 0.00311108
0.991 0.0031091
0.992 0.00310711
0.993 0.00310513
0.994 0.00310314
0.995 0.00310116
0.996 0.00309921
0.997 0.00309726
0.998 0.00309531
0.999 0.00309336
1 0.00309134
