0.000000000000e+00 5.232788651240e-04 0.000000000000e+00 0.000000000000e+00 1.000000000000e+05 1.000000000000e+05 1.000000000000e+05 5.232788651240e-04 0.000000000000e+00 1.800000000000e+06 1.000000000000e+05 1.240350000000e+07 4.961400000000e+07 0.000000000000e+00 0.000000000000e+00 0.000000000000e+00 1.294265000000e-04 1.110042101942e-04 0.000000000000e+00 
5.000000000000e-03 5.380492520616e-04 1.292310988739e-03 0.000000000000e+00 1.096843091243e+05 1.096843091243e+05 1.000000000000e+05 5.232788651240e-04 0.000000000000e+00 1.800000000000e+06 9.509695276930e+04 1.240350000000e+07 4.961400000000e+07 0.000000000000e+00 0.000000000000e+00 0.000000000000e+00 1.230806575760e-04 1.141374824234e-04 1.919748659491e-03 
1.000000000000e-02 5.412413207893e-04 1.507803391677e-03 0.000000000000e+00 1.116903198824e+05 1.116903198824e+05 1.000000000000e+05 5.232788651240e-04 0.000000000000e+00 1.800000000000e+06 9.302702204166e+04 1.240350000000e+07 4.961400000000e+07 0.000000000000e+00 0.000000000000e+00 0.000000000000e+00 1.204016186828e-04 1.148146224557e-04 1.876535912293e-03 
1.500000000000e-02 5.410985660554e-04 1.563581204727e-03 0.000000000000e+00 1.116012434397e+05 1.116012434397e+05 1.000000000000e+05 5.232788651240e-04 0.000000000000e+00 1.800000000000e+06 9.180401836451e+04 1.240350000000e+07 4.961400000000e+07 0.000000000000e+00 0.000000000000e+00 0.000000000000e+00 1.188187278285e-04 1.147843396037e-04 1.851418667477e-03 
2.000000000000e-02 5.400108140677e-04 1.575101352001e-03 0.000000000000e+00 1.109205582945e+05 1.109205582945e+05 1.000000000000e+05 5.232788651240e-04 0.000000000000e+00 1.800000000000e+06 9.085605180724e+04 1.240350000000e+07 4.961400000000e+07 0.000000000000e+00 0.000000000000e+00 0.000000000000e+00 1.175918078923e-04 1.145535925619e-04 1.832149151031e-03 
2.500000000000e-02 5.386848713395e-04 1.573917058898e-03 0.000000000000e+00 1.100861400784e+05 1.100861400784e+05 1.000000000000e+05 5.232788651240e-04 0.000000000000e+00 1.800000000000e+06 9.001279688738e+04 1.240350000000e+07 4.961400000000e+07 0.000000000000e+00 0.000000000000e+00 0.000000000000e+00 1.165004125634e-04 1.142723176338e-04 1.815082242865e-03 
3.000000000000e-02 5.373311950316e-04 1.568965806191e-03 0.000000000000e+00 1.092289239028e+05 1.092289239028e+05 1.000000000000e+05 5.232788651240e-04 0.000000000000e+00 1.800000000000e+06 8.922202598273e+04 1.240350000000e+07 4.961400000000e+07 0.000000000000e+00 0.000000000000e+00 0.000000000000e+00 1.154769454585e-04 1.139851595249e-04 1.799101829771e-03 
3.500000000000e-02 5.360101752454e-04 1.563002806359e-03 0.000000000000e+00 1.083871379995e+05 1.083871379995e+05 1.000000000000e+05 5.232788651240e-04 0.000000000000e+00 1.800000000000e+06 8.846712791005e+04 1.240350000000e+07 4.961400000000e+07 0.000000000000e+00 0.000000000000e+00 0.000000000000e+00 1.144999073045e-04 1.137049289103e-04 1.783853966525e-03 
4.000000000000e-02 5.347375668827e-04 1.556848598412e-03 0.000000000000e+00 1.075712572925e+05 1.075712572925e+05 1.000000000000e+05 5.232788651240e-04 0.000000000000e+00 1.800000000000e+06 8.774223193930e+04 1.240350000000e+07 4.961400000000e+07 0.000000000000e+00 0.000000000000e+00 0.000000000000e+00 1.135616998209e-04 1.134349679094e-04 1.769214546655e-03 
4.500000000000e-02 5.335158789718e-04 1.550739943623e-03 0.000000000000e+00 1.067834220046e+05 1.067834220046e+05 1.000000000000e+05 5.232788651240e-04 0.000000000000e+00 1.800000000000e+06 8.704471530730e+04 1.240350000000e+07 4.961400000000e+07 0.000000000000e+00 0.000000000000e+00 0.000000000000e+00 1.126589284572e-04 1.131758087675e-04 1.755128951753e-03 
5.000000000000e-02 5.323473412145e-04 1.545043726882e-03 0.000000000000e+00 1.060256134927e+05 1.060256134927e+05 1.000000000000e+05 5.232788651240e-04 0.000000000000e+00 1.800000000000e+06 8.637318272009e+04 1.240350000000e+07 4.961400000000e+07 0.000000000000e+00 0.000000000000e+00 0.000000000000e+00 1.117897873332e-04 1.129279244758e-04 1.741567895540e-03 
5.500000000000e-02 5.312575830940e-04 1.541877389011e-03 0.000000000000e+00 1.053151240521e+05 1.053151240521e+05 1.000000000000e+05 5.232788651240e-04 0.000000000000e+00 1.800000000000e+06 8.572883248422e+04 1.240350000000e+07 4.961400000000e+07 0.000000000000e+00 0.000000000000e+00 0.000000000000e+00 1.109558273752e-04 1.126967518688e-04 1.728550708306e-03 
6.000000000000e-02 5.303163786367e-04 1.545479214713e-03 0.000000000000e+00 1.046985391060e+05 1.046985391060e+05 1.000000000000e+05 5.232788651240e-04 0.000000000000e+00 1.800000000000e+06 8.512084650123e+04 1.240350000000e+07 4.961400000000e+07 0.000000000000e+00 0.000000000000e+00 0.000000000000e+00 1.101689323969e-04 1.124970922525e-04 1.716251422635e-03 
6.500000000000e-02 5.296314083434e-04 1.560563612922e-03 0.000000000000e+00 1.042480861368e+05 1.042480861368e+05 1.000000000000e+05 5.232788651240e-04 0.000000000000e+00 1.800000000000e+06 8.457144838128e+04 1.240350000000e+07 4.961400000000e+07 0.000000000000e+00 0.000000000000e+00 0.000000000000e+00 1.094578656392e-04 1.123517881107e-04 1.705103930212e-03 
7.000000000000e-02 5.293135632671e-04 1.589949866029e-03 0.000000000000e+00 1.040385672161e+05 1.040385672161e+05 1.000000000000e+05 5.232788651240e-04 0.000000000000e+00 1.800000000000e+06 8.411530902952e+04 1.240350000000e+07 4.961400000000e+07 0.000000000000e+00 0.000000000000e+00 0.000000000000e+00 1.088675004411e-04 1.122843629880e-04 1.695797028540e-03 
7.500000000000e-02 5.294553131919e-04 1.634316673261e-03 0.000000000000e+00 1.041320456752e+05 1.041320456752e+05 1.000000000000e+05 5.232788651240e-04 0.000000000000e+00 1.800000000000e+06 8.379331240379e+04 1.240350000000e+07 4.961400000000e+07 0.000000000000e+00 0.000000000000e+00 0.000000000000e+00 1.084507514783e-04 1.123144326880e-04 1.689151788549e-03 
8.000000000000e-02 5.301243136521e-04 1.693489553853e-03 0.000000000000e+00 1.045723797154e+05 1.045723797154e+05 1.000000000000e+05 5.232788651240e-04 0.000000000000e+00 1.800000000000e+06 8.364655191516e+04 1.240350000000e+07 4.961400000000e+07 0.000000000000e+00 0.000000000000e+00 0.000000000000e+00 1.082608045145e-04 1.124563491166e-04 1.685998428262e-03 
8.500000000000e-02 5.313565872762e-04 1.765673076563e-03 0.000000000000e+00 1.053798227416e+05 1.053798227416e+05 1.000000000000e+05 5.232788651240e-04 0.000000000000e+00 1.800000000000e+06 8.371137954884e+04 1.240350000000e+07 4.961400000000e+07 0.000000000000e+00 0.000000000000e+00 0.000000000000e+00 1.083447086518e-04 1.127177538273e-04 1.687077204725e-03 
9.000000000000e-02 5.331532368371e-04 1.847509490150e-03 0.000000000000e+00 1.065486909104e+05 1.065486909104e+05 1.000000000000e+05 5.232788651240e-04 0.000000000000e+00 1.800000000000e+06 8.401413739494e+04 1.240350000000e+07 4.961400000000e+07 0.000000000000e+00 0.000000000000e+00 0.000000000000e+00 1.087365575355e-04 1.130988807537e-04 1.692931097239e-03 
9.500000000000e-02 5.354856692302e-04 1.935182616132e-03 0.000000000000e+00 1.080514624034e+05 1.080514624034e+05 1.000000000000e+05 5.232788651240e-04 0.000000000000e+00 1.800000000000e+06 8.456800241801e+04 1.240350000000e+07 4.961400000000e+07 0.000000000000e+00 0.000000000000e+00 0.000000000000e+00 1.094534056495e-04 1.135936643822e-04 1.703839522170e-03 
1.000000000000e-01 5.383022467295e-04 2.024736272328e-03 0.000000000000e+00 1.098443922808e+05 1.098443922808e+05 1.000000000000e+05 5.232788651240e-04 0.000000000000e+00 1.800000000000e+06 8.537247625778e+04 1.240350000000e+07 4.961400000000e+07 0.000000000000e+00 0.000000000000e+00 0.000000000000e+00 1.104946079838e-04 1.141911506969e-04 1.719806017127e-03 
1.050000000000e-01 5.415404021000e-04 2.113058759626e-03 0.000000000000e+00 1.118767497322e+05 1.118767497322e+05 1.000000000000e+05 5.232788651240e-04 0.000000000000e+00 1.800000000000e+06 8.641465097016e+04 1.240350000000e+07 4.961400000000e+07 0.000000000000e+00 0.000000000000e+00 0.000000000000e+00 1.118434582379e-04 1.148780671825e-04 1.740581409692e-03 
1.100000000000e-01 5.451339331830e-04 2.197644066959e-03 0.000000000000e+00 1.140966282822e+05 1.140966282822e+05 1.000000000000e+05 5.232788651240e-04 0.000000000000e+00 1.800000000000e+06 8.767251098600e+04 1.240350000000e+07 4.961400000000e+07 0.000000000000e+00 0.000000000000e+00 0.000000000000e+00 1.134714624313e-04 1.156403702389e-04 1.765729710908e-03 
1.150000000000e-01 5.490146182252e-04 2.276639465590e-03 0.000000000000e+00 1.164528273585e+05 1.164528273585e+05 1.000000000000e+05 5.232788651240e-04 0.000000000000e+00 1.800000000000e+06 8.911775346769e+04 1.240350000000e+07 4.961400000000e+07 0.000000000000e+00 0.000000000000e+00 0.000000000000e+00 1.153419891919e-04 1.164635878422e-04 1.794685516005e-03 
1.200000000000e-01 5.531170918534e-04 2.348941245416e-03 0.000000000000e+00 1.188983876187e+05 1.188983876187e+05 1.000000000000e+05 5.232788651240e-04 0.000000000000e+00 1.800000000000e+06 9.071848083006e+04 1.240350000000e+07 4.961400000000e+07 0.000000000000e+00 0.000000000000e+00 0.000000000000e+00 1.174137545915e-04 1.173338538914e-04 1.826808221257e-03 
1.250000000000e-01 5.573787884141e-04 2.413804478478e-03 0.000000000000e+00 1.213907540824e+05 1.213907540824e+05 1.000000000000e+05 5.232788651240e-04 0.000000000000e+00 1.800000000000e+06 9.244161791086e+04 1.240350000000e+07 4.961400000000e+07 0.000000000000e+00 0.000000000000e+00 0.000000000000e+00 1.196439506054e-04 1.182378961812e-04 1.861431596750e-03 
1.300000000000e-01 5.617405885837e-04 2.470944661429e-03 0.000000000000e+00 1.238921670880e+05 1.238921670880e+05 1.000000000000e+05 5.232788651240e-04 0.000000000000e+00 1.800000000000e+06 9.425437207194e+04 1.240350000000e+07 4.961400000000e+07 0.000000000000e+00 0.000000000000e+00 0.000000000000e+00 1.219901348697e-04 1.191631735587e-04 1.897893717564e-03 
1.350000000000e-01 5.661486161827e-04 2.520395781357e-03 0.000000000000e+00 1.263705132283e+05 1.263705132283e+05 1.000000000000e+05 5.232788651240e-04 0.000000000000e+00 1.800000000000e+06 9.612556819690e+04 1.240350000000e+07 4.961400000000e+07 0.000000000000e+00 0.000000000000e+00 0.000000000000e+00 1.244119585224e-04 1.200982570711e-04 1.935564102619e-03 
1.400000000000e-01 5.705538788810e-04 2.562396245280e-03 0.000000000000e+00 1.287987833074e+05 1.287987833074e+05 1.000000000000e+05 5.232788651240e-04 0.000000000000e+00 1.800000000000e+06 9.802651402786e+04 1.240350000000e+07 4.961400000000e+07 0.000000000000e+00 0.000000000000e+00 0.000000000000e+00 1.268722861783e-04 1.210327550367e-04 1.973861671959e-03 
1.450000000000e-01 5.749127170918e-04 2.597367160796e-03 0.000000000000e+00 1.311549303408e+05 1.311549303408e+05 1.000000000000e+05 5.232788651240e-04 0.000000000000e+00 1.800000000000e+06 9.993148199851e+04 1.240350000000e+07 4.961400000000e+07 0.000000000000e+00 0.000000000000e+00 0.000000000000e+00 1.293378195488e-04 1.219574042538e-04 2.012264701317e-03 
1.500000000000e-01 5.791872082643e-04 2.625847731891e-03 0.000000000000e+00 1.334216519089e+05 1.334216519089e+05 1.000000000000e+05 5.232788651240e-04 0.000000000000e+00 1.800000000000e+06 1.018180211629e+05 1.240350000000e+07 4.961400000000e+07 0.000000000000e+00 0.000000000000e+00 0.000000000000e+00 1.317795011604e-04 1.228641607621e-04 2.050317296662e-03 
1.550000000000e-01 5.833450345160e-04 2.648441177744e-03 0.000000000000e+00 1.355858748691e+05 1.355858748691e+05 1.000000000000e+05 5.232788651240e-04 0.000000000000e+00 1.800000000000e+06 1.036670561035e+05 1.240350000000e+07 4.961400000000e+07 0.000000000000e+00 0.000000000000e+00 0.000000000000e+00 1.341726423679e-04 1.237461689033e-04 2.087631590401e-03 
1.600000000000e-01 5.873591250476e-04 2.665767820931e-03 0.000000000000e+00 1.376381568409e+05 1.376381568409e+05 1.000000000000e+05 5.232788651240e-04 0.000000000000e+00 1.800000000000e+06 1.054628099328e+05 1.240350000000e+07 4.961400000000e+07 0.000000000000e+00 0.000000000000e+00 0.000000000000e+00 1.364968236976e-04 1.245976860939e-04 2.123886348861e-03 
1.650000000000e-01 5.912073299322e-04 2.678443487685e-03 0.000000000000e+00 1.395721567759e+05 1.395721567759e+05 1.000000000000e+05 5.232788651240e-04 0.000000000000e+00 1.800000000000e+06 1.071926012313e+05 1.240350000000e+07 4.961400000000e+07 0.000000000000e+00 0.000000000000e+00 0.000000000000e+00 1.387356320326e-04 1.254140136247e-04 2.158822968897e-03 
1.700000000000e-01 5.948721081746e-04 2.687059660501e-03 0.000000000000e+00 1.413841678678e+05 1.413841678678e+05 1.000000000000e+05 5.232788651240e-04 0.000000000000e+00 1.800000000000e+06 1.088465823865e+05 1.240350000000e+07 4.961400000000e+07 0.000000000000e+00 0.000000000000e+00 0.000000000000e+00 1.408763219525e-04 1.261914304887e-04 2.192240248479e-03 
1.750000000000e-01 5.983403316554e-04 2.692185066441e-03 0.000000000000e+00 1.430727611143e+05 1.430727611143e+05 1.000000000000e+05 5.232788651240e-04 0.000000000000e+00 1.800000000000e+06 1.104174513788e+05 1.240350000000e+07 4.961400000000e+07 0.000000000000e+00 0.000000000000e+00 0.000000000000e+00 1.429094427088e-04 1.269271517913e-04 2.223988578431e-03 
1.800000000000e-01 6.016029217135e-04 2.694344806636e-03 0.000000000000e+00 1.446383966542e+05 1.446383966542e+05 1.000000000000e+05 5.232788651240e-04 0.000000000000e+00 1.800000000000e+06 1.119001700324e+05 1.240350000000e+07 4.961400000000e+07 0.000000000000e+00 0.000000000000e+00 0.000000000000e+00 1.448284735669e-04 1.276192516575e-04 2.253964273331e-03 
1.850000000000e-01 6.046537376886e-04 2.693972400433e-03 0.000000000000e+00 1.460827342568e+05 1.460827342568e+05 1.000000000000e+05 5.232788651240e-04 0.000000000000e+00 1.800000000000e+06 1.132916339500e+05 1.240350000000e+07 4.961400000000e+07 0.000000000000e+00 0.000000000000e+00 0.000000000000e+00 1.466293966143e-04 1.282664274568e-04 2.282103004190e-03 
1.900000000000e-01 6.074881247669e-04 2.691383490642e-03 0.000000000000e+00 1.474078562028e+05 1.474078562028e+05 1.000000000000e+05 5.232788651240e-04 0.000000000000e+00 1.800000000000e+06 1.145902476848e+05 1.240350000000e+07 4.961400000000e+07 0.000000000000e+00 0.000000000000e+00 0.000000000000e+00 1.483101469198e-04 1.288676917538e-04 2.308371315664e-03 
1.950000000000e-01 6.101017764318e-04 2.686777866076e-03 0.000000000000e+00 1.486157019470e+05 1.486157019470e+05 1.000000000000e+05 5.232788651240e-04 0.000000000000e+00 1.800000000000e+06 1.157954617982e+05 1.240350000000e+07 4.961400000000e+07 0.000000000000e+00 0.000000000000e+00 0.000000000000e+00 1.498700133642e-04 1.294221309986e-04 2.332757293618e-03 
2.000000000000e-01 6.124910973202e-04 2.680332537770e-03 0.000000000000e+00 1.497082270348e+05 1.497082270348e+05 1.000000000000e+05 5.232788651240e-04 0.000000000000e+00 1.800000000000e+06 1.169073949297e+05 1.240350000000e+07 4.961400000000e+07 0.000000000000e+00 0.000000000000e+00 0.000000000000e+00 1.513091494987e-04 1.299289824993e-04 2.355262756125e-03 
2.050000000000e-01 6.146578642665e-04 2.672369838095e-03 0.000000000000e+00 1.506901403280e+05 1.506901403280e+05 1.000006486489e+05 5.232788651240e-04 6.486488744462e-01 1.800000000000e+06 1.179273193011e+05 1.240350000000e+07 4.961400000000e+07 0.000000000000e+00 0.000000000000e+00 0.000000000000e+00 1.526292019153e-04 1.303886231795e-04 2.375912356062e-03 
2.100000000000e-01 6.165922354736e-04 2.662634052701e-03 0.000000000000e+00 1.515586175450e+05 1.515586175450e+05 1.000006486489e+05 5.232788651240e-04 6.486488744462e-01 1.800000000000e+06 1.188553432343e+05 1.240350000000e+07 4.961400000000e+07 0.000000000000e+00 0.000000000000e+00 0.000000000000e+00 1.538303108112e-04 1.307989652788e-04 2.394709216036e-03 
2.150000000000e-01 6.183019311211e-04 2.651665688712e-03 0.000000000000e+00 1.523203605800e+05 1.523203605800e+05 1.000006486489e+05 5.232788651240e-04 6.486488744462e-01 1.800000000000e+06 1.196930678991e+05 1.240350000000e+07 4.961400000000e+07 0.000000000000e+00 0.000000000000e+00 0.000000000000e+00 1.549145485245e-04 1.311616464945e-04 2.411684127937e-03 
2.200000000000e-01 6.197888803740e-04 2.639509274827e-03 0.000000000000e+00 1.529784299795e+05 1.529784299795e+05 1.000006486489e+05 5.232788651240e-04 6.486488744462e-01 1.800000000000e+06 1.204424994979e+05 1.240350000000e+07 4.961400000000e+07 0.000000000000e+00 0.000000000000e+00 0.000000000000e+00 1.558845116127e-04 1.314770760645e-04 2.426877341276e-03 
2.250000000000e-01 6.210560344279e-04 2.626268388062e-03 0.000000000000e+00 1.535359991832e+05 1.535359991832e+05 1.000006486489e+05 5.232788651240e-04 6.486488744462e-01 1.800000000000e+06 1.211058004018e+05 1.240350000000e+07 4.961400000000e+07 0.000000000000e+00 0.000000000000e+00 0.000000000000e+00 1.567429987570e-04 1.317458800317e-04 2.440332290477e-03 
2.300000000000e-01 6.221069007747e-04 2.612012349948e-03 0.000000000000e+00 1.539961611392e+05 1.539961611392e+05 1.000006486489e+05 5.232788651240e-04 6.486488744462e-01 1.800000000000e+06 1.216852519919e+05 1.240350000000e+07 4.961400000000e+07 0.000000000000e+00 0.000000000000e+00 0.000000000000e+00 1.574929626693e-04 1.319688024475e-04 2.452094878592e-03 
2.350000000000e-01 6.229453375077e-04 2.596801613057e-03 0.000000000000e+00 1.543618561958e+05 1.543618561958e+05 1.000006486489e+05 5.232788651240e-04 6.486488744462e-01 1.800000000000e+06 1.221831740355e+05 1.240350000000e+07 4.961400000000e+07 0.000000000000e+00 0.000000000000e+00 0.000000000000e+00 1.581374057431e-04 1.321466617373e-04 2.462211847704e-03 
2.400000000000e-01 6.235768597677e-04 2.580772774403e-03 0.000000000000e+00 1.546364589565e+05 1.546364589565e+05 1.000006486489e+05 5.232788651240e-04 6.486488744462e-01 1.800000000000e+06 1.226019362141e+05 1.240350000000e+07 4.961400000000e+07 0.000000000000e+00 0.000000000000e+00 0.000000000000e+00 1.586793949742e-04 1.322806278390e-04 2.470730835554e-03 
2.450000000000e-01 6.240099818163e-04 2.564140813783e-03 0.000000000000e+00 1.548243742539e+05 1.548243742539e+05 1.000006486489e+05 5.232788651240e-04 6.486488744462e-01 1.800000000000e+06 1.229441508606e+05 1.240350000000e+07 4.961400000000e+07 0.000000000000e+00 0.000000000000e+00 0.000000000000e+00 1.591223114135e-04 1.323725069002e-04 2.477704141360e-03 
2.500000000000e-01 6.242555158786e-04 2.547108345949e-03 0.000000000000e+00 1.549307516033e+05 1.549307516033e+05 1.000006486489e+05 5.232788651240e-04 6.486488744462e-01 1.800000000000e+06 1.232128461294e+05 1.240350000000e+07 4.961400000000e+07 0.000000000000e+00 0.000000000000e+00 0.000000000000e+00 1.594700742957e-04 1.324245925403e-04 2.483192366775e-03 
2.550000000000e-01 6.243259324377e-04 2.529892172403e-03 0.000000000000e+00 1.549612394149e+05 1.549612394149e+05 1.000006486489e+05 5.232788651240e-04 6.486488744462e-01 1.800000000000e+06 1.234114686232e+05 1.240350000000e+07 4.961400000000e+07 0.000000000000e+00 0.000000000000e+00 0.000000000000e+00 1.597271444376e-04 1.324395301483e-04 2.487264556972e-03 
2.600000000000e-01 6.242353788538e-04 2.512509714016e-03 0.000000000000e+00 1.549220313579e+05 1.549220313579e+05 1.000006486489e+05 5.232788651240e-04 6.486488744462e-01 1.800000000000e+06 1.235437841014e+05 1.240350000000e+07 4.961400000000e+07 0.000000000000e+00 0.000000000000e+00 0.000000000000e+00 1.598983957301e-04 1.324203208323e-04 2.489996400566e-03 
2.650000000000e-01 6.239986798734e-04 2.495372791019e-03 0.000000000000e+00 1.548194750786e+05 1.548194750786e+05 1.000006486489e+05 5.232788651240e-04 6.486488744462e-01 1.800000000000e+06 1.236139681759e+05 1.240350000000e+07 4.961400000000e+07 0.000000000000e+00 0.000000000000e+00 0.000000000000e+00 1.599892325212e-04 1.323701093961e-04 2.491471429940e-03 
2.700000000000e-01 6.236333730085e-04 2.478781910262e-03 0.000000000000e+00 1.546609971748e+05 1.546609971748e+05 1.000006486489e+05 5.232788651240e-04 6.486488744462e-01 1.800000000000e+06 1.236267556079e+05 1.240350000000e+07 4.961400000000e+07 0.000000000000e+00 0.000000000000e+00 0.000000000000e+00 1.600057828469e-04 1.322926161077e-04 2.491784586088e-03 
2.750000000000e-01 6.231592127287e-04 2.463030377369e-03 0.000000000000e+00 1.544549359049e+05 1.544549359049e+05 1.000006486489e+05 5.232788651240e-04 6.486488744462e-01 1.800000000000e+06 1.235874054613e+05 1.240350000000e+07 4.961400000000e+07 0.000000000000e+00 0.000000000000e+00 0.000000000000e+00 1.599548533294e-04 1.321920315230e-04 2.491041308698e-03 
2.800000000000e-01 6.225974415087e-04 2.448399066998e-03 0.000000000000e+00 1.542102722481e+05 1.542102722481e+05 1.000006486489e+05 5.232788651240e-04 6.486488744462e-01 1.800000000000e+06 1.235017327566e+05 1.240350000000e+07 4.961400000000e+07 0.000000000000e+00 0.000000000000e+00 0.000000000000e+00 1.598439701462e-04 1.320728618513e-04 2.489358258477e-03 
2.850000000000e-01 6.219691917749e-04 2.435080515557e-03 0.000000000000e+00 1.539359750246e+05 1.539359750246e+05 1.000006486489e+05 5.232788651240e-04 6.486488744462e-01 1.800000000000e+06 1.233760156482e+05 1.240350000000e+07 4.961400000000e+07 0.000000000000e+00 0.000000000000e+00 0.000000000000e+00 1.596812588930e-04 1.319395899573e-04 2.486861615178e-03 
2.900000000000e-01 6.212942279638e-04 2.423195752156e-03 0.000000000000e+00 1.536404786030e+05 1.536404786030e+05 1.000006486489e+05 5.232788651240e-04 6.486488744462e-01 1.800000000000e+06 1.232167515566e+05 1.240350000000e+07 4.961400000000e+07 0.000000000000e+00 0.000000000000e+00 0.000000000000e+00 1.594751289534e-04 1.317964085110e-04 2.483682235508e-03 
2.950000000000e-01 6.205901625139e-04 2.412774054452e-03 0.000000000000e+00 1.533313514101e+05 1.533313514101e+05 1.000006486489e+05 5.232788651240e-04 6.486488744462e-01 1.800000000000e+06 1.230304072038e+05 1.240350000000e+07 4.961400000000e+07 0.000000000000e+00 0.000000000000e+00 0.000000000000e+00 1.592339499796e-04 1.316470536748e-04 2.479950619294e-03 
3.000000000000e-01 6.198722923641e-04 2.403803977446e-03 0.000000000000e+00 1.530152237045e+05 1.530152237045e+05 1.000006486489e+05 5.232788651240e-04 6.486488744462e-01 1.800000000000e+06 1.228231776044e+05 1.240350000000e+07 4.961400000000e+07 0.000000000000e+00 0.000000000000e+00 0.000000000000e+00 1.589657399622e-04 1.314947704196e-04 2.475791982385e-03 
3.050000000000e-01 6.191539969339e-04 2.396234488481e-03 0.000000000000e+00 1.526980034122e+05 1.526980034122e+05 1.000006963823e+05 5.232788651240e-04 6.963823400313e-01 1.800000000000e+06 1.226008920550e+05 1.240350000000e+07 4.961400000000e+07 0.000000000000e+00 0.000000000000e+00 0.000000000000e+00 1.586780435556e-04 1.313423969488e-04 2.471324252806e-03 
3.100000000000e-01 6.184456410607e-04 2.389979042202e-03 0.000000000000e+00 1.523841884105e+05 1.523841884105e+05 1.000006963823e+05 5.232788651240e-04 6.963823400313e-01 1.800000000000e+06 1.223687516462e+05 1.240350000000e+07 4.961400000000e+07 0.000000000000e+00 0.000000000000e+00 0.000000000000e+00 1.583775923494e-04 1.311921319764e-04 2.466652898669e-03 
3.150000000000e-01 6.177565130907e-04 2.384926610038e-03 0.000000000000e+00 1.520779951677e+05 1.520779951677e+05 1.000006963823e+05 5.232788651240e-04 6.963823400313e-01 1.800000000000e+06 1.221314772173e+05 1.240350000000e+07 4.961400000000e+07 0.000000000000e+00 0.000000000000e+00 0.000000000000e+00 1.580704963606e-04 1.310459458582e-04 2.461873602372e-03 
3.200000000000e-01 6.170928922594e-04 2.380931795678e-03 0.000000000000e+00 1.517822963997e+05 1.517822963997e+05 1.000006963823e+05 5.232788651240e-04 6.963823400313e-01 1.800000000000e+06 1.218931332883e+05 1.240350000000e+07 4.961400000000e+07 0.000000000000e+00 0.000000000000e+00 0.000000000000e+00 1.577620161554e-04 1.309051706213e-04 2.457068986975e-03 
3.250000000000e-01 6.164591571425e-04 2.377847905769e-03 0.000000000000e+00 1.514991431917e+05 1.514991431917e+05 1.000006963823e+05 5.232788651240e-04 6.963823400313e-01 1.800000000000e+06 1.216570928864e+05 1.240350000000e+07 4.961400000000e+07 0.000000000000e+00 0.000000000000e+00 0.000000000000e+00 1.574565173246e-04 1.307707351017e-04 2.452307725082e-03 
3.300000000000e-01 6.158580470715e-04 2.375527960005e-03 0.000000000000e+00 1.512298683790e+05 1.512298683790e+05 1.000006963823e+05 5.232788651240e-04 6.963823400313e-01 1.800000000000e+06 1.214260649869e+05 1.240350000000e+07 4.961400000000e+07 0.000000000000e+00 0.000000000000e+00 0.000000000000e+00 1.571575060003e-04 1.306432203995e-04 2.447645069518e-03 
3.350000000000e-01 6.152908888018e-04 2.373830717028e-03 0.000000000000e+00 1.509751771580e+05 1.509751771580e+05 1.000006963823e+05 5.232788651240e-04 6.963823400313e-01 1.800000000000e+06 1.212021353213e+05 1.240350000000e+07 4.961400000000e+07 0.000000000000e+00 0.000000000000e+00 0.000000000000e+00 1.568676816716e-04 1.305229079620e-04 2.443123663446e-03 
3.400000000000e-01 6.147577013809e-04 2.372613192760e-03 0.000000000000e+00 1.507351854793e+05 1.507351854793e+05 1.000006963823e+05 5.232788651240e-04 6.963823400313e-01 1.800000000000e+06 1.209868140489e+05 1.240350000000e+07 4.961400000000e+07 0.000000000000e+00 0.000000000000e+00 0.000000000000e+00 1.565889988850e-04 1.304098018297e-04 2.438774507301e-03 
3.450000000000e-01 6.142573185492e-04 2.371737845687e-03 0.000000000000e+00 1.505094682026e+05 1.505094682026e+05 1.000006963823e+05 5.232788651240e-04 6.963823400313e-01 1.800000000000e+06 1.207810733963e+05 1.240350000000e+07 4.961400000000e+07 0.000000000000e+00 0.000000000000e+00 0.000000000000e+00 1.563227159593e-04 1.303036546017e-04 2.434617717802e-03 
3.500000000000e-01 6.137876242653e-04 2.371076155821e-03 0.000000000000e+00 1.502971602738e+05 1.502971602738e+05 1.000006963823e+05 5.232788651240e-04 6.963823400313e-01 1.800000000000e+06 1.205853962827e+05 1.240350000000e+07 4.961400000000e+07 0.000000000000e+00 0.000000000000e+00 0.000000000000e+00 1.560694579198e-04 1.302040173977e-04 2.430663495034e-03 
3.550000000000e-01 6.133457347272e-04 2.370508916445e-03 0.000000000000e+00 1.500970358474e+05 1.500970358474e+05 1.000006963823e+05 5.232788651240e-04 6.963823400313e-01 1.800000000000e+06 1.203998326411e+05 1.240350000000e+07 4.961400000000e+07 0.000000000000e+00 0.000000000000e+00 0.000000000000e+00 1.558292893932e-04 1.301102784711e-04 2.426913254731e-03 
3.600000000000e-01 6.129281488014e-04 2.369927031279e-03 0.000000000000e+00 1.499075746193e+05 1.499075746193e+05 1.000006963823e+05 5.232788651240e-04 6.963823400313e-01 1.800000000000e+06 1.202240555211e+05 1.240350000000e+07 4.961400000000e+07 0.000000000000e+00 0.000000000000e+00 0.000000000000e+00 1.556017872191e-04 1.300216951191e-04 2.423360760285e-03 
3.650000000000e-01 6.125311067188e-04 2.369247987716e-03 0.000000000000e+00 1.497271239858e+05 1.497271239858e+05 1.000006963823e+05 5.232788651240e-04 6.963823400313e-01 1.800000000000e+06 1.200574258080e+05 1.240350000000e+07 4.961400000000e+07 0.000000000000e+00 0.000000000000e+00 0.000000000000e+00 1.553861242134e-04 1.299374697744e-04 2.419993402185e-03 
3.700000000000e-01 6.121507650528e-04 2.368400803626e-03 0.000000000000e+00 1.495539792345e+05 1.495539792345e+05 1.000006963823e+05 5.232788651240e-04 6.963823400313e-01 1.800000000000e+06 1.198990770470e+05 1.240350000000e+07 4.961400000000e+07 0.000000000000e+00 0.000000000000e+00 0.000000000000e+00 1.551811789542e-04 1.298567871231e-04 2.416793914371e-03 
3.750000000000e-01 6.117827413380e-04 2.367292538988e-03 0.000000000000e+00 1.493861767161e+05 1.493861767161e+05 1.000006963823e+05 5.232788651240e-04 6.963823400313e-01 1.800000000000e+06 1.197479526013e+05 1.240350000000e+07 4.961400000000e+07 0.000000000000e+00 0.000000000000e+00 0.000000000000e+00 1.549855838735e-04 1.297787175038e-04 2.413741202598e-03 
3.800000000000e-01 6.114217595254e-04 2.365813287237e-03 0.000000000000e+00 1.492213309636e+05 1.492213309636e+05 1.000006963823e+05 5.232788651240e-04 6.963823400313e-01 1.800000000000e+06 1.196027702351e+05 1.240350000000e+07 4.961400000000e+07 0.000000000000e+00 0.000000000000e+00 0.000000000000e+00 1.547976794183e-04 1.297021416975e-04 2.410809670118e-03 
3.850000000000e-01 6.110616108462e-04 2.363837875737e-03 0.000000000000e+00 1.490566144660e+05 1.490566144660e+05 1.000006963823e+05 5.232788651240e-04 6.963823400313e-01 1.800000000000e+06 1.194619831081e+05 1.240350000000e+07 4.961400000000e+07 0.000000000000e+00 0.000000000000e+00 0.000000000000e+00 1.546154635674e-04 1.296257426255e-04 2.407968422296e-03 
3.900000000000e-01 6.106947695201e-04 2.361201066382e-03 0.000000000000e+00 1.488885785777e+05 1.488885785777e+05 1.000006963823e+05 5.232788651240e-04 6.963823400313e-01 1.800000000000e+06 1.193237322010e+05 1.240350000000e+07 4.961400000000e+07 0.000000000000e+00 0.000000000000e+00 0.000000000000e+00 1.544365302571e-04 1.295479238287e-04 2.405180344352e-03 
3.950000000000e-01 6.103114159106e-04 2.357657648030e-03 0.000000000000e+00 1.487126997659e+05 1.487126997659e+05 1.000006963823e+05 5.232788651240e-04 6.963823400313e-01 1.800000000000e+06 1.191857283967e+05 1.240350000000e+07 4.961400000000e+07 0.000000000000e+00 0.000000000000e+00 0.000000000000e+00 1.542579167633e-04 1.294666022477e-04 2.402399821050e-03 
4.000000000000e-01 6.098967676199e-04 2.352745996907e-03 0.000000000000e+00 1.485221412518e+05 1.485221412518e+05 1.000006963823e+05 5.232788651240e-04 6.963823400313e-01 1.800000000000e+06 1.190449662126e+05 1.240350000000e+07 4.961400000000e+07 0.000000000000e+00 0.000000000000e+00 0.000000000000e+00 1.540757331951e-04 1.293786420622e-04 2.399567241278e-03 
4.050000000000e-01 6.094276004799e-04 2.345740866467e-03 0.000000000000e+00 1.483060542892e+05 1.483060542892e+05 1.000006274469e+05 5.232788651240e-04 6.274468512487e-01 1.800000000000e+06 1.188970715508e+05 1.240350000000e+07 4.961400000000e+07 0.000000000000e+00 0.000000000000e+00 0.000000000000e+00 1.538843183107e-04 1.292791166824e-04 2.396596137482e-03 
4.100000000000e-01 6.088713098984e-04 2.335638452597e-03 0.000000000000e+00 1.480493642248e+05 1.480493642248e+05 1.000006274469e+05 5.232788651240e-04 6.274468512487e-01 1.800000000000e+06 1.187358089557e+05 1.240350000000e+07 4.961400000000e+07 0.000000000000e+00 0.000000000000e+00 0.000000000000e+00 1.536756017780e-04 1.291611096296e-04 2.393363121225e-03 
4.150000000000e-01 6.081827079450e-04 2.321239199849e-03 0.000000000000e+00 1.477307805027e+05 1.477307805027e+05 1.000006274469e+05 5.232788651240e-04 6.274468512487e-01 1.800000000000e+06 1.185520629055e+05 1.240350000000e+07 4.961400000000e+07 0.000000000000e+00 0.000000000000e+00 0.000000000000e+00 1.534377856964e-04 1.290150350964e-04 2.389687596125e-03 
4.200000000000e-01 6.073072507064e-04 2.301205787967e-03 0.000000000000e+00 1.473243990653e+05 1.473243990653e+05 1.000006274469e+05 5.232788651240e-04 6.274468512487e-01 1.800000000000e+06 1.183335497013e+05 1.240350000000e+07 4.961400000000e+07 0.000000000000e+00 0.000000000000e+00 0.000000000000e+00 1.531549717042e-04 1.288293225714e-04 2.385325312376e-03 
4.250000000000e-01 6.061889960779e-04 2.274722216708e-03 0.000000000000e+00 1.468031061010e+05 1.468031061010e+05 1.000006274469e+05 5.232788651240e-04 6.274468512487e-01 1.800000000000e+06 1.180649177796e+05 1.240350000000e+07 4.961400000000e+07 0.000000000000e+00 0.000000000000e+00 0.000000000000e+00 1.528072908100e-04 1.285921049421e-04 2.379969385825e-03 
4.300000000000e-01 6.047858326616e-04 2.241931044533e-03 0.000000000000e+00 1.461454746371e+05 1.461454746371e+05 1.000006274469e+05 5.232788651240e-04 6.274468512487e-01 1.800000000000e+06 1.177294411635e+05 1.240350000000e+07 4.961400000000e+07 0.000000000000e+00 0.000000000000e+00 0.000000000000e+00 1.523730951674e-04 1.282944490321e-04 2.373282807565e-03 
4.350000000000e-01 6.030843676912e-04 2.204354464725e-03 0.000000000000e+00 1.453427339894e+05 1.453427339894e+05 1.000006274469e+05 5.232788651240e-04 6.274468512487e-01 1.800000000000e+06 1.173120477382e+05 1.240350000000e+07 4.961400000000e+07 0.000000000000e+00 0.000000000000e+00 0.000000000000e+00 1.518328774659e-04 1.279335138066e-04 2.364958487654e-03 
4.400000000000e-01 6.011211766138e-04 2.164899138850e-03 0.000000000000e+00 1.444092238941e+05 1.444092238941e+05 1.000006274469e+05 5.232788651240e-04 6.274468512487e-01 1.800000000000e+06 1.168031410533e+05 1.240350000000e+07 4.961400000000e+07 0.000000000000e+00 0.000000000000e+00 0.000000000000e+00 1.511742173554e-04 1.275170580895e-04 2.354795081842e-03 
4.450000000000e-01 5.989805127340e-04 2.127575129149e-03 0.000000000000e+00 1.433823282583e+05 1.433823282583e+05 1.000006274469e+05 5.232788651240e-04 6.274468512487e-01 1.800000000000e+06 1.162032198257e+05 1.240350000000e+07 4.961400000000e+07 0.000000000000e+00 0.000000000000e+00 0.000000000000e+00 1.503977603078e-04 1.270629547058e-04 2.342791015718e-03 
4.500000000000e-01 5.967777452792e-04 2.096078840388e-03 0.000000000000e+00 1.423157283242e+05 1.423157283242e+05 1.000006274469e+05 5.232788651240e-04 6.274468512487e-01 1.800000000000e+06 1.155247685645e+05 1.240350000000e+07 4.961400000000e+07 0.000000000000e+00 0.000000000000e+00 0.000000000000e+00 1.495196645861e-04 1.265956771644e-04 2.329185948620e-03 
4.550000000000e-01 5.946328618844e-04 2.073053394335e-03 0.000000000000e+00 1.412673775782e+05 1.412673775782e+05 1.000006274469e+05 5.232788651240e-04 6.274468512487e-01 1.800000000000e+06 1.147909916125e+05 1.240350000000e+07 4.961400000000e+07 0.000000000000e+00 0.000000000000e+00 0.000000000000e+00 1.485699627594e-04 1.261406786864e-04 2.314438341329e-03 
4.600000000000e-01 5.926421586619e-04 2.059236089429e-03 0.000000000000e+00 1.402856493579e+05 1.402856493579e+05 1.000006274469e+05 5.232788651240e-04 6.274468512487e-01 1.800000000000e+06 1.140315851987e+05 1.240350000000e+07 4.961400000000e+07 0.000000000000e+00 0.000000000000e+00 0.000000000000e+00 1.475870896172e-04 1.257183867621e-04 2.299143013088e-03 
4.650000000000e-01 5.908652851278e-04 2.053974823936e-03 0.000000000000e+00 1.394021900171e+05 1.394021900171e+05 1.000006274469e+05 5.232788651240e-04 6.274468512487e-01 1.800000000000e+06 1.132769139050e+05 1.240350000000e+07 4.961400000000e+07 0.000000000000e+00 0.000000000000e+00 0.000000000000e+00 1.466103449752e-04 1.253414549645e-04 2.283913813990e-03 
4.700000000000e-01 5.893292682730e-04 2.055717746968e-03 0.000000000000e+00 1.386329700482e+05 1.386329700482e+05 1.000006274469e+05 5.232788651240e-04 6.274468512487e-01 1.800000000000e+06 1.125534340304e+05 1.240350000000e+07 4.961400000000e+07 0.000000000000e+00 0.000000000000e+00 0.000000000000e+00 1.456739702954e-04 1.250156165843e-04 2.269289404377e-03 
4.750000000000e-01 5.880344762617e-04 2.062679745078e-03 0.000000000000e+00 1.379805463215e+05 1.379805463215e+05 1.000006274469e+05 5.232788651240e-04 6.274468512487e-01 1.800000000000e+06 1.118812981824e+05 1.240350000000e+07 4.961400000000e+07 0.000000000000e+00 0.000000000000e+00 0.000000000000e+00 1.448040483920e-04 1.247409497208e-04 2.255682912016e-03 
4.800000000000e-01 5.869632286709e-04 2.072855236449e-03 0.000000000000e+00 1.374379718665e+05 1.374379718665e+05 1.000006274469e+05 5.232788651240e-04 6.274468512487e-01 1.800000000000e+06 1.112734911323e+05 1.240350000000e+07 4.961400000000e+07 0.000000000000e+00 0.000000000000e+00 0.000000000000e+00 1.440173850004e-04 1.245137037901e-04 2.243363474485e-03 
4.850000000000e-01 5.860878877706e-04 2.084523740837e-03 0.000000000000e+00 1.369927340865e+05 1.369927340865e+05 1.000006274469e+05 5.232788651240e-04 6.274468512487e-01 1.800000000000e+06 1.107359643562e+05 1.240350000000e+07 4.961400000000e+07 0.000000000000e+00 0.000000000000e+00 0.000000000000e+00 1.433216829075e-04 1.243280159442e-04 2.232457487600e-03 
4.900000000000e-01 5.853775529333e-04 2.096442142176e-03 0.000000000000e+00 1.366301716318e+05 1.366301716318e+05 1.000006274469e+05 5.232788651240e-04 6.274468512487e-01 1.800000000000e+06 1.102691317344e+05 1.240350000000e+07 4.961400000000e+07 0.000000000000e+00 0.000000000000e+00 0.000000000000e+00 1.427174777842e-04 1.241773311701e-04 2.222978125779e-03 
4.950000000000e-01 5.848015573991e-04 2.107718504790e-03 0.000000000000e+00 1.363353489980e+05 1.363353489980e+05 1.000006274469e+05 5.232788651240e-04 6.274468512487e-01 1.800000000000e+06 1.098694111178e+05 1.240350000000e+07 4.961400000000e+07 0.000000000000e+00 0.000000000000e+00 0.000000000000e+00 1.422001333804e-04 1.240551440656e-04 2.214856522208e-03 
5.000000000000e-01 5.843318966994e-04 2.117818750050e-03 0.000000000000e+00 1.360944028130e+05 1.360944028130e+05 1.000006274469e+05 5.232788651240e-04 6.274468512487e-01 1.800000000000e+06 1.095306296090e+05 1.240350000000e+07 4.961400000000e+07 0.000000000000e+00 0.000000000000e+00 0.000000000000e+00 1.417616603309e-04 1.239555139859e-04 2.207970226157e-03 
5.050000000000e-01 5.839420252675e-04 2.126375418840e-03 0.000000000000e+00 1.358943751687e+05 1.358943751687e+05 1.000009892945e+05 5.232788651240e-04 9.892945177943e-01 1.800000000000e+06 1.092451184534e+05 1.240350000000e+07 4.961400000000e+07 0.000000000000e+00 0.000000000000e+00 0.000000000000e+00 1.413921332351e-04 1.238728097659e-04 2.202165748364e-03 
5.100000000000e-01 5.836145541541e-04 2.133385658312e-03 0.000000000000e+00 1.357257939009e+05 1.357257939009e+05 1.000009892945e+05 5.232788651240e-04 9.892945177943e-01 1.800000000000e+06 1.090049234078e+05 1.240350000000e+07 4.961400000000e+07 0.000000000000e+00 0.000000000000e+00 0.000000000000e+00 1.410812571944e-04 1.238033426525e-04 2.197282631613e-03 
5.150000000000e-01 5.833297204718e-04 2.138719149250e-03 0.000000000000e+00 1.355789652752e+05 1.355789652752e+05 1.000009892945e+05 5.232788651240e-04 9.892945177943e-01 1.800000000000e+06 1.088021096012e+05 1.240350000000e+07 4.961400000000e+07 0.000000000000e+00 0.000000000000e+00 0.000000000000e+00 1.408187623830e-04 1.237429203040e-04 2.193160869267e-03 
5.200000000000e-01 5.830720255250e-04 2.142456944734e-03 0.000000000000e+00 1.354459681915e+05 1.354459681915e+05 1.000009892945e+05 5.232788651240e-04 9.892945177943e-01 1.800000000000e+06 1.086290402172e+05 1.240350000000e+07 4.961400000000e+07 0.000000000000e+00 0.000000000000e+00 0.000000000000e+00 1.405947647368e-04 1.236882549507e-04 2.189646031914e-03 
5.250000000000e-01 5.828307590716e-04 2.144822302194e-03 0.000000000000e+00 1.353213134954e+05 1.353213134954e+05 1.000009892945e+05 5.232788651240e-04 9.892945177943e-01 1.800000000000e+06 1.084788395126e+05 1.240350000000e+07 4.961400000000e+07 0.000000000000e+00 0.000000000000e+00 0.000000000000e+00 1.404003652217e-04 1.236370746071e-04 2.186598557759e-03 
5.300000000000e-01 5.825979926781e-04 2.145983695635e-03 0.000000000000e+00 1.352009253122e+05 1.352009253122e+05 1.000009892945e+05 5.232788651240e-04 9.892945177943e-01 1.800000000000e+06 1.083456776547e+05 1.240350000000e+07 4.961400000000e+07 0.000000000000e+00 0.000000000000e+00 0.000000000000e+00 1.402280184898e-04 1.235876973985e-04 2.183899921393e-03 
5.350000000000e-01 5.823670736002e-04 2.146093383944e-03 0.000000000000e+00 1.350813709158e+05 1.350813709158e+05 1.000009892945e+05 5.232788651240e-04 9.892945177943e-01 1.800000000000e+06 1.082246434529e+05 1.240350000000e+07 4.961400000000e+07 0.000000000000e+00 0.000000000000e+00 0.000000000000e+00 1.400713681586e-04 1.235387120647e-04 2.181450275728e-03 
5.400000000000e-01 5.821327138662e-04 2.145292717655e-03 0.000000000000e+00 1.349599111210e+05 1.349599111210e+05 1.000009892945e+05 5.232788651240e-04 9.892945177943e-01 1.800000000000e+06 1.081116256086e+05 1.240350000000e+07 4.961400000000e+07 0.000000000000e+00 0.000000000000e+00 0.000000000000e+00 1.399250931183e-04 1.234889968576e-04 2.179165993373e-03 
5.450000000000e-01 5.818906799373e-04 2.143698718588e-03 0.000000000000e+00 1.348343427235e+05 1.348343427235e+05 1.000009892945e+05 5.232788651240e-04 9.892945177943e-01 1.800000000000e+06 1.080032154972e+05 1.240350000000e+07 4.961400000000e+07 0.000000000000e+00 0.000000000000e+00 0.000000000000e+00 1.397847817055e-04 1.234376537079e-04 2.176977717558e-03 
5.500000000000e-01 5.816384114443e-04 2.141480423805e-03 0.000000000000e+00 1.347033223275e+05 1.347033223275e+05 1.000009892945e+05 5.232788651240e-04 9.892945177943e-01 1.800000000000e+06 1.078966408781e+05 1.240350000000e+07 4.961400000000e+07 0.000000000000e+00 0.000000000000e+00 0.000000000000e+00 1.396468459061e-04 1.233841394792e-04 2.174828902327e-03 
5.550000000000e-01 5.813747057133e-04 2.138769017864e-03 0.000000000000e+00 1.345662063364e+05 1.345662063364e+05 1.000009892945e+05 5.232788651240e-04 9.892945177943e-01 1.800000000000e+06 1.077897983941e+05 1.240350000000e+07 4.961400000000e+07 0.000000000000e+00 0.000000000000e+00 0.000000000000e+00 1.395085634185e-04 1.233281990461e-04 2.172676521454e-03 
5.600000000000e-01 5.810980870359e-04 2.135608458599e-03 0.000000000000e+00 1.344222051359e+05 1.344222051359e+05 1.000009892945e+05 5.232788651240e-04 9.892945177943e-01 1.800000000000e+06 1.076810958704e+05 1.240350000000e+07 4.961400000000e+07 0.000000000000e+00 0.000000000000e+00 0.000000000000e+00 1.393678735468e-04 1.232695193633e-04 2.170488097959e-03 
5.650000000000e-01 5.808073033485e-04 2.132074437151e-03 0.000000000000e+00 1.342706408815e+05 1.342706408815e+05 1.000009892945e+05 5.232788651240e-04 9.892945177943e-01 1.800000000000e+06 1.075692435735e+05 1.240350000000e+07 4.961400000000e+07 0.000000000000e+00 0.000000000000e+00 0.000000000000e+00 1.392231070336e-04 1.232078348281e-04 2.168237342107e-03 
5.700000000000e-01 5.805018573380e-04 2.128232964756e-03 0.000000000000e+00 1.341112251767e+05 1.341112251767e+05 1.000009892945e+05 5.232788651240e-04 9.892945177943e-01 1.800000000000e+06 1.074532573611e+05 1.240350000000e+07 4.961400000000e+07 0.000000000000e+00 0.000000000000e+00 0.000000000000e+00 1.390729901384e-04 1.231430399445e-04 2.165904118695e-03 
5.750000000000e-01 5.801817013679e-04 2.124147753910e-03 0.000000000000e+00 1.339439018589e+05 1.339439018589e+05 1.000009892945e+05 5.232788651240e-04 9.892945177943e-01 1.800000000000e+06 1.073324289141e+05 1.240350000000e+07 4.961400000000e+07 0.000000000000e+00 0.000000000000e+00 0.000000000000e+00 1.389166061085e-04 1.230751246073e-04 2.163473888094e-03 
5.800000000000e-01 5.798470896928e-04 2.119868453501e-03 0.000000000000e+00 1.337687711425e+05 1.337687711425e+05 1.000009892945e+05 5.232788651240e-04 9.892945177943e-01 1.800000000000e+06 1.072062904547e+05 1.240350000000e+07 4.961400000000e+07 0.000000000000e+00 0.000000000000e+00 0.000000000000e+00 1.387533495153e-04 1.230041427519e-04 2.160937003980e-03 
5.850000000000e-01 5.794986827186e-04 2.115455615605e-03 0.000000000000e+00 1.335861454982e+05 1.335861454982e+05 1.000009892945e+05 5.232788651240e-04 9.892945177943e-01 1.800000000000e+06 1.070745761814e+05 1.240350000000e+07 4.961400000000e+07 0.000000000000e+00 0.000000000000e+00 0.000000000000e+00 1.385828763415e-04 1.229302344717e-04 2.158287905236e-03 
5.900000000000e-01 5.791372725723e-04 2.110940926858e-03 0.000000000000e+00 1.333964072393e+05 1.333964072393e+05 1.000009892945e+05 5.232788651240e-04 9.892945177943e-01 1.800000000000e+06 1.069372072071e+05 1.240350000000e+07 4.961400000000e+07 0.000000000000e+00 0.000000000000e+00 0.000000000000e+00 1.384050844859e-04 1.228535678021e-04 2.155524847682e-03 
5.950000000000e-01 5.787636316816e-04 2.106355206714e-03 0.000000000000e+00 1.331999296063e+05 1.331999296063e+05 1.000009892945e+05 5.232788651240e-04 9.892945177943e-01 1.800000000000e+06 1.067942229455e+05 1.240350000000e+07 4.961400000000e+07 0.000000000000e+00 0.000000000000e+00 0.000000000000e+00 1.382200249606e-04 1.227743065999e-04 2.152648523014e-03 
6.000000000000e-01 5.783786902036e-04 2.101727819852e-03 0.000000000000e+00 1.329971704478e+05 1.329971704478e+05 1.000009892945e+05 5.232788651240e-04 9.892945177943e-01 1.800000000000e+06 1.066457589527e+05 1.240350000000e+07 4.961400000000e+07 0.000000000000e+00 0.000000000000e+00 0.000000000000e+00 1.380278732109e-04 1.226926481810e-04 2.149661571946e-03 
6.050000000000e-01 5.779837994402e-04 2.097066132054e-03 0.000000000000e+00 1.327882268655e+05 1.327882268655e+05 1.000004038885e+05 5.232788651240e-04 4.038884870068e-01 1.800000000000e+06 1.064919245350e+05 1.240350000000e+07 4.961400000000e+07 0.000000000000e+00 0.000000000000e+00 0.000000000000e+00 1.378287707083e-04 1.226088792000e-04 2.146566212269e-03 
6.100000000000e-01 5.775796179790e-04 2.092435972720e-03 0.000000000000e+00 1.325745897941e+05 1.325745897941e+05 1.000004038885e+05 5.232788651240e-04 4.038884870068e-01 1.800000000000e+06 1.063331728029e+05 1.240350000000e+07 4.961400000000e+07 0.000000000000e+00 0.000000000000e+00 0.000000000000e+00 1.376233038978e-04 1.225231393644e-04 2.143371276544e-03 
6.150000000000e-01 5.771670526371e-04 2.087813846718e-03 0.000000000000e+00 1.323561272423e+05 1.323561272423e+05 1.000004038885e+05 5.232788651240e-04 4.038884870068e-01 1.800000000000e+06 1.061698051438e+05 1.240350000000e+07 4.961400000000e+07 0.000000000000e+00 0.000000000000e+00 0.000000000000e+00 1.374118628545e-04 1.224356210391e-04 2.140083006561e-03 
6.200000000000e-01 5.767471936526e-04 2.083216691341e-03 0.000000000000e+00 1.321333928734e+05 1.321333928734e+05 1.000004038885e+05 5.232788651240e-04 4.038884870068e-01 1.800000000000e+06 1.060021467879e+05 1.240350000000e+07 4.961400000000e+07 0.000000000000e+00 0.000000000000e+00 0.000000000000e+00 1.371948685124e-04 1.223465554986e-04 2.136707909199e-03 
6.250000000000e-01 5.763209839668e-04 2.078652114052e-03 0.000000000000e+00 1.319068657631e+05 1.319068657631e+05 1.000004038885e+05 5.232788651240e-04 4.038884870068e-01 1.800000000000e+06 1.058305495167e+05 1.240350000000e+07 4.961400000000e+07 0.000000000000e+00 0.000000000000e+00 0.000000000000e+00 1.369727761703e-04 1.222561427709e-04 2.133253062008e-03 
6.300000000000e-01 5.758892634968e-04 2.074123872808e-03 0.000000000000e+00 1.316769734415e+05 1.316769734415e+05 1.000004038885e+05 5.232788651240e-04 4.038884870068e-01 1.800000000000e+06 1.056553677932e+05 1.240350000000e+07 4.961400000000e+07 0.000000000000e+00 0.000000000000e+00 0.000000000000e+00 1.367460445968e-04 1.221645610293e-04 2.129725614135e-03 
6.350000000000e-01 5.754527138161e-04 2.069627596191e-03 0.000000000000e+00 1.314440619697e+05 1.314440619697e+05 1.000004038885e+05 5.232788651240e-04 4.038884870068e-01 1.800000000000e+06 1.054769420297e+05 1.240350000000e+07 4.961400000000e+07 0.000000000000e+00 0.000000000000e+00 0.000000000000e+00 1.365151143761e-04 1.220719548575e-04 2.126132451523e-03 
6.400000000000e-01 5.750118622426e-04 2.065157429204e-03 0.000000000000e+00 1.312083974186e+05 1.312083974186e+05 1.000004038885e+05 5.232788651240e-04 4.038884870068e-01 1.800000000000e+06 1.052955796060e+05 1.240350000000e+07 4.961400000000e+07 0.000000000000e+00 0.000000000000e+00 0.000000000000e+00 1.362803833388e-04 1.219784361163e-04 2.122479806983e-03 
6.450000000000e-01 5.745671095599e-04 2.060704646441e-03 0.000000000000e+00 1.309701800060e+05 1.309701800060e+05 1.000004038885e+05 5.232788651240e-04 4.038884870068e-01 1.800000000000e+06 1.051115484664e+05 1.240350000000e+07 4.961400000000e+07 0.000000000000e+00 0.000000000000e+00 0.000000000000e+00 1.360421982759e-04 1.218840898250e-04 2.118773123631e-03 
6.500000000000e-01 5.741187096908e-04 2.056257742667e-03 0.000000000000e+00 1.307295325629e+05 1.307295325629e+05 1.000004038885e+05 5.232788651240e-04 4.038884870068e-01 1.800000000000e+06 1.049250709210e+05 1.240350000000e+07 4.961400000000e+07 0.000000000000e+00 0.000000000000e+00 0.000000000000e+00 1.358008469156e-04 1.217889698485e-04 2.115016931246e-03 
6.550000000000e-01 5.736667646473e-04 2.051802798253e-03 0.000000000000e+00 1.304864970680e+05 1.304864970680e+05 1.000004038885e+05 5.232788651240e-04 4.038884870068e-01 1.800000000000e+06 1.047363178117e+05 1.240350000000e+07 4.961400000000e+07 0.000000000000e+00 0.000000000000e+00 0.000000000000e+00 1.355565503726e-04 1.216930978270e-04 2.111214727482e-03 
6.600000000000e-01 5.732112242548e-04 2.047323824580e-03 0.000000000000e+00 1.302410336972e+05 1.302410336972e+05 1.000004038885e+05 5.232788651240e-04 4.038884870068e-01 1.800000000000e+06 1.045454040771e+05 1.240350000000e+07 4.961400000000e+07 0.000000000000e+00 0.000000000000e+00 0.000000000000e+00 1.353094574078e-04 1.215964631168e-04 2.107368887013e-03 
6.650000000000e-01 5.727518911520e-04 2.042803317721e-03 0.000000000000e+00 1.299930226972e+05 1.299930226972e+05 1.000004038885e+05 5.232788651240e-04 4.038884870068e-01 1.800000000000e+06 1.043523858464e+05 1.240350000000e+07 4.961400000000e+07 0.000000000000e+00 0.000000000000e+00 0.000000000000e+00 1.350596406675e-04 1.214990238513e-04 2.103480601237e-03 
6.700000000000e-01 5.722884347645e-04 2.038223105140e-03 0.000000000000e+00 1.297422711253e+05 1.297422711253e+05 1.000004038885e+05 5.232788651240e-04 4.038884870068e-01 1.800000000000e+06 1.041572596069e+05 1.240350000000e+07 4.961400000000e+07 0.000000000000e+00 0.000000000000e+00 0.000000000000e+00 1.348070956051e-04 1.214007099050e-04 2.099549859032e-03 
6.750000000000e-01 5.718204026776e-04 2.033564388316e-03 0.000000000000e+00 1.294885182434e+05 1.294885182434e+05 1.000004038885e+05 5.232788651240e-04 4.038884870068e-01 1.800000000000e+06 1.039599634761e+05 1.240350000000e+07 4.961400000000e+07 0.000000000000e+00 0.000000000000e+00 0.000000000000e+00 1.345517421284e-04 1.213014253062e-04 2.095575471158e-03 
6.800000000000e-01 5.713472352503e-04 2.028808516113e-03 0.000000000000e+00 1.292314427223e+05 1.292314427223e+05 1.000004038885e+05 5.232788651240e-04 4.038884870068e-01 1.800000000000e+06 1.037603793609e+05 1.240350000000e+07 4.961400000000e+07 0.000000000000e+00 0.000000000000e+00 0.000000000000e+00 1.342934273935e-04 1.212010513373e-04 2.091555112382e-03 
6.850000000000e-01 5.708682828249e-04 2.023937189557e-03 0.000000000000e+00 1.289706713294e+05 1.289706713294e+05 1.000004038885e+05 5.232788651240e-04 4.038884870068e-01 1.800000000000e+06 1.035583367897e+05 1.240350000000e+07 4.961400000000e+07 0.000000000000e+00 0.000000000000e+00 0.000000000000e+00 1.340319307652e-04 1.210994501849e-04 2.087485397460e-03 
6.900000000000e-01 5.703828228270e-04 2.018932937508e-03 0.000000000000e+00 1.287057876427e+05 1.287057876427e+05 1.000004038885e+05 5.232788651240e-04 4.038884870068e-01 1.800000000000e+06 1.033536175749e+05 1.240350000000e+07 4.961400000000e+07 0.000000000000e+00 0.000000000000e+00 0.000000000000e+00 1.337669698506e-04 1.209964685680e-04 2.083361974198e-03 
6.950000000000e-01 5.698900822040e-04 2.013779688310e-03 0.000000000000e+00 1.284363437739e+05 1.284363437739e+05 1.000004038885e+05 5.232788651240e-04 4.038884870068e-01 1.800000000000e+06 1.031459616713e+05 1.240350000000e+07 4.961400000000e+07 0.000000000000e+00 0.000000000000e+00 0.000000000000e+00 1.334982080826e-04 1.208919424972e-04 2.079179640162e-03 
7.000000000000e-01 5.693892623993e-04 2.008462481388e-03 0.000000000000e+00 1.281618736099e+05 1.281618736099e+05 1.000004038885e+05 5.232788651240e-04 4.038884870068e-01 1.800000000000e+06 1.029350744426e+05 1.240350000000e+07 4.961400000000e+07 0.000000000000e+00 0.000000000000e+00 0.000000000000e+00 1.332252641235e-04 1.207857014921e-04 2.074932487711e-03 
7.050000000000e-01 5.688792565929e-04 2.002961910931e-03 0.000000000000e+00 1.278816723823e+05 1.278816723823e+05 1.000003392871e+05 5.232788651240e-04 3.392871203847e-01 1.800000000000e+06 1.027205733131e+05 1.240350000000e+07 4.961400000000e+07 0.000000000000e+00 0.000000000000e+00 0.000000000000e+00 1.329476428191e-04 1.206775130088e-04 2.070612878863e-03 
7.100000000000e-01 5.683599900505e-04 1.997288096120e-03 0.000000000000e+00 1.275957916797e+05 1.275957916797e+05 1.000003392871e+05 5.232788651240e-04 3.392871203847e-01 1.800000000000e+06 1.025022119810e+05 1.240350000000e+07 4.961400000000e+07 0.000000000000e+00 0.000000000000e+00 0.000000000000e+00 1.326650253895e-04 1.205673600222e-04 2.066215732330e-03 
7.150000000000e-01 5.678301694147e-04 1.991416230294e-03 0.000000000000e+00 1.273034147738e+05 1.273034147738e+05 1.000003392871e+05 5.232788651240e-04 3.392871203847e-01 1.800000000000e+06 1.022796231513e+05 1.240350000000e+07 4.961400000000e+07 0.000000000000e+00 0.000000000000e+00 0.000000000000e+00 1.323769364579e-04 1.204549681700e-04 2.061733760886e-03 
7.200000000000e-01 5.672891247390e-04 1.985342348453e-03 0.000000000000e+00 1.270041270224e+05 1.270041270224e+05 1.000003392871e+05 5.232788651240e-04 3.392871203847e-01 1.800000000000e+06 1.020524362449e+05 1.240350000000e+07 4.961400000000e+07 0.000000000000e+00 0.000000000000e+00 0.000000000000e+00 1.320828963966e-04 1.203401953352e-04 2.057159479449e-03 
7.250000000000e-01 5.667362045722e-04 1.979063443105e-03 0.000000000000e+00 1.266975192757e+05 1.266975192757e+05 1.000003392871e+05 5.232788651240e-04 3.392871203847e-01 1.800000000000e+06 1.018202933308e+05 1.240350000000e+07 4.961400000000e+07 0.000000000000e+00 0.000000000000e+00 0.000000000000e+00 1.317824419478e-04 1.202229033243e-04 2.052485661534e-03 
7.300000000000e-01 5.661708140055e-04 1.972578030997e-03 0.000000000000e+00 1.263832089466e+05 1.263832089466e+05 1.000003392871e+05 5.232788651240e-04 3.392871203847e-01 1.800000000000e+06 1.015828498352e+05 1.240350000000e+07 4.961400000000e+07 0.000000000000e+00 0.000000000000e+00 0.000000000000e+00 1.314751271420e-04 1.201029659380e-04 2.047705346800e-03 
7.350000000000e-01 5.655924339492e-04 1.965886502241e-03 0.000000000000e+00 1.260608509307e+05 1.260608509307e+05 1.000003392871e+05 5.232788651240e-04 3.392871203847e-01 1.800000000000e+06 1.013397788687e+05 1.240350000000e+07 4.961400000000e+07 0.000000000000e+00 0.000000000000e+00 0.000000000000e+00 1.311605288975e-04 1.199802730608e-04 2.042811926482e-03 
7.400000000000e-01 5.650006319039e-04 1.958991246960e-03 0.000000000000e+00 1.257301439572e+05 1.257301439572e+05 1.000003392871e+05 5.232788651240e-04 3.392871203847e-01 1.800000000000e+06 1.010907760541e+05 1.240350000000e+07 4.961400000000e+07 0.000000000000e+00 0.000000000000e+00 0.000000000000e+00 1.308382532696e-04 1.198547329460e-04 2.037799240603e-03 
7.450000000000e-01 5.643950709567e-04 1.951896574231e-03 0.000000000000e+00 1.253908360740e+05 1.253908360740e+05 1.000003392871e+05 5.232788651240e-04 3.392871203847e-01 1.800000000000e+06 1.008355644244e+05 1.240350000000e+07 4.961400000000e+07 0.000000000000e+00 0.000000000000e+00 0.000000000000e+00 1.305079417897e-04 1.197262741235e-04 2.032661676889e-03 
7.500000000000e-01 5.637755145907e-04 1.944608551512e-03 0.000000000000e+00 1.250427279058e+05 1.250427279058e+05 1.000003392871e+05 5.232788651240e-04 3.392871203847e-01 1.800000000000e+06 1.005738988099e+05 1.240350000000e+07 4.961400000000e+07 0.000000000000e+00 0.000000000000e+00 0.000000000000e+00 1.301692771433e-04 1.195948464207e-04 2.027394259884e-03 
7.550000000000e-01 5.631418295677e-04 1.937134867130e-03 0.000000000000e+00 1.246856749216e+05 1.246856749216e+05 1.000003392871e+05 5.232788651240e-04 3.392871203847e-01 1.800000000000e+06 1.003055694859e+05 1.240350000000e+07 4.961400000000e+07 0.000000000000e+00 0.000000000000e+00 0.000000000000e+00 1.298219878906e-04 1.194604215734e-04 2.021992725209e-03 
7.600000000000e-01 5.624939870910e-04 1.929484656815e-03 0.000000000000e+00 1.243195888167e+05 1.243195888167e+05 1.000003392871e+05 5.232788651240e-04 3.392871203847e-01 1.800000000000e+06 1.000304051084e+05 1.240350000000e+07 4.961400000000e+07 0.000000000000e+00 0.000000000000e+00 0.000000000000e+00 1.294658522677e-04 1.193229934730e-04 2.016453579459e-03 
7.650000000000e-01 5.618320574670e-04 1.921667921137e-03 0.000000000000e+00 1.239444352786e+05 1.239444352786e+05 1.000003392871e+05 5.232788651240e-04 3.392871203847e-01 1.800000000000e+06 9.974827468753e+04 1.240350000000e+07 4.961400000000e+07 0.000000000000e+00 0.000000000000e+00 0.000000000000e+00 1.291007007385e-04 1.191825770339e-04 2.010774141432e-03 
7.700000000000e-01 5.611562080551e-04 1.913695798534e-03 0.000000000000e+00 1.235602336338e+05 1.235602336338e+05 1.000003392871e+05 5.232788651240e-04 3.392871203847e-01 1.800000000000e+06 9.945908821933e+04 1.240350000000e+07 4.961400000000e+07 0.000000000000e+00 0.000000000000e+00 0.000000000000e+00 1.287264168142e-04 1.190392077586e-04 2.004952555292e-03 
7.750000000000e-01 5.604667031653e-04 1.905580330265e-03 0.000000000000e+00 1.231670576483e+05 1.231670576483e+05 1.000003392871e+05 5.232788651240e-04 3.392871203847e-01 1.800000000000e+06 9.916279756319e+04 1.240350000000e+07 4.961400000000e+07 0.000000000000e+00 0.000000000000e+00 0.000000000000e+00 1.283429381881e-04 1.188929417156e-04 1.998987808308e-03 
7.800000000000e-01 5.597639004849e-04 1.897334396629e-03 0.000000000000e+00 1.227650343996e+05 1.227650343996e+05 1.000003392871e+05 5.232788651240e-04 3.392871203847e-01 1.800000000000e+06 9.885939678348e+04 1.240350000000e+07 4.961400000000e+07 0.000000000000e+00 0.000000000000e+00 0.000000000000e+00 1.279502571780e-04 1.187438547822e-04 1.992879738248e-03 
7.850000000000e-01 5.590482470235e-04 1.888971539306e-03 0.000000000000e+00 1.223543428920e+05 1.223543428920e+05 1.000003392871e+05 5.232788651240e-04 3.392871203847e-01 1.800000000000e+06 9.854892212788e+04 1.240350000000e+07 4.961400000000e+07 0.000000000000e+00 0.000000000000e+00 0.000000000000e+00 1.275484206978e-04 1.185920417835e-04 1.986629033364e-03 
7.900000000000e-01 5.583202722198e-04 1.880505704603e-03 0.000000000000e+00 1.219352110463e+05 1.219352110463e+05 1.000003392871e+05 5.232788651240e-04 3.392871203847e-01 1.800000000000e+06 9.823145142327e+04 1.240350000000e+07 4.961400000000e+07 0.000000000000e+00 0.000000000000e+00 0.000000000000e+00 1.271375294763e-04 1.184376150306e-04 1.980237220928e-03 
7.950000000000e-01 5.575805811805e-04 1.871951157971e-03 0.000000000000e+00 1.215079127371e+05 1.215079127371e+05 1.000003392871e+05 5.232788651240e-04 3.392871203847e-01 1.800000000000e+06 9.790710282954e+04 1.240350000000e+07 4.961400000000e+07 0.000000000000e+00 0.000000000000e+00 0.000000000000e+00 1.267177364437e-04 1.182807028862e-04 1.973706642567e-03 
8.000000000000e-01 5.568298494011e-04 1.863322448309e-03 0.000000000000e+00 1.210727656565e+05 1.210727656565e+05 1.000003392871e+05 5.232788651240e-04 3.392871203847e-01 1.800000000000e+06 9.757603336536e+04 1.240350000000e+07 4.961400000000e+07 0.000000000000e+00 0.000000000000e+00 0.000000000000e+00 1.262892448236e-04 1.181214486446e-04 1.967040424648e-03 
8.050000000000e-01 5.560684455354e-04 1.854623448363e-03 0.000000000000e+00 1.206298212146e+05 1.206298212146e+05 1.000002480620e+05 5.232788651240e-04 2.480620092972e-01 1.800000000000e+06 9.723835313200e+04 1.240350000000e+07 4.961400000000e+07 0.000000000000e+00 0.000000000000e+00 0.000000000000e+00 1.258521971164e-04 1.179599305095e-04 1.960240815218e-03 
8.100000000000e-01 5.552980887356e-04 1.845896726933e-03 0.000000000000e+00 1.201801955410e+05 1.201801955410e+05 1.000002480620e+05 5.232788651240e-04 2.480620092972e-01 1.800000000000e+06 9.689442515075e+04 1.240350000000e+07 4.961400000000e+07 0.000000000000e+00 0.000000000000e+00 0.000000000000e+00 1.254070631677e-04 1.177965131681e-04 1.953314917094e-03 
8.150000000000e-01 5.545189397358e-04 1.837134756773e-03 0.000000000000e+00 1.197238294555e+05 1.197238294555e+05 1.000002480620e+05 5.232788651240e-04 2.480620092972e-01 1.800000000000e+06 9.654448901807e+04 1.240350000000e+07 4.961400000000e+07 0.000000000000e+00 0.000000000000e+00 0.000000000000e+00 1.249541530790e-04 1.176312307176e-04 1.946267676790e-03 
8.200000000000e-01 5.537319628446e-04 1.828354780344e-03 0.000000000000e+00 1.192612283725e+05 1.192612283725e+05 1.000002480620e+05 5.232788651240e-04 2.480620092972e-01 1.800000000000e+06 9.618881726201e+04 1.240350000000e+07 4.961400000000e+07 0.000000000000e+00 0.000000000000e+00 0.000000000000e+00 1.244938195736e-04 1.174642877188e-04 1.939104534422e-03 
8.250000000000e-01 5.529380979344e-04 1.819571699080e-03 0.000000000000e+00 1.187928903507e+05 1.187928903507e+05 1.000002480620e+05 5.232788651240e-04 2.480620092972e-01 1.800000000000e+06 9.582772323377e+04 1.240350000000e+07 4.961400000000e+07 0.000000000000e+00 0.000000000000e+00 0.000000000000e+00 1.240264682112e-04 1.172958835490e-04 1.931831771985e-03 
8.300000000000e-01 5.521382922671e-04 1.810799297997e-03 0.000000000000e+00 1.183193249774e+05 1.183193249774e+05 1.000002480620e+05 5.232788651240e-04 2.480620092972e-01 1.800000000000e+06 9.546154923098e+04 1.240350000000e+07 4.961400000000e+07 0.000000000000e+00 0.000000000000e+00 0.000000000000e+00 1.235525420154e-04 1.171262191530e-04 1.924456262816e-03 
8.350000000000e-01 5.513335040194e-04 1.802050549130e-03 0.000000000000e+00 1.178410557948e+05 1.178410557948e+05 1.000002480620e+05 5.232788651240e-04 2.480620092972e-01 1.800000000000e+06 9.509066064243e+04 1.240350000000e+07 4.961400000000e+07 0.000000000000e+00 0.000000000000e+00 0.000000000000e+00 1.230725138964e-04 1.169554977909e-04 1.916985350419e-03 
8.400000000000e-01 5.505246994577e-04 1.793337848236e-03 0.000000000000e+00 1.173586189608e+05 1.173586189608e+05 1.000002480620e+05 5.232788651240e-04 2.480620092972e-01 1.800000000000e+06 9.471544187948e+04 1.240350000000e+07 4.961400000000e+07 0.000000000000e+00 0.000000000000e+00 0.000000000000e+00 1.225868813841e-04 1.167839244389e-04 1.909426765266e-03 
8.450000000000e-01 5.497128486017e-04 1.784673008128e-03 0.000000000000e+00 1.168725609506e+05 1.168725609506e+05 1.000002480620e+05 5.232788651240e-04 2.480620092972e-01 1.800000000000e+06 9.433629320252e+04 1.240350000000e+07 4.961400000000e+07 0.000000000000e+00 0.000000000000e+00 0.000000000000e+00 1.220961625218e-04 1.166117048695e-04 1.901788560293e-03 
8.500000000000e-01 5.488989189252e-04 1.776067190453e-03 0.000000000000e+00 1.163834349970e+05 1.163834349970e+05 1.000002480620e+05 5.232788651240e-04 2.480620092972e-01 1.800000000000e+06 9.395362777033e+04 1.240350000000e+07 4.961400000000e+07 0.000000000000e+00 0.000000000000e+00 0.000000000000e+00 1.216008920462e-04 1.164390443148e-04 1.894079051379e-03 
8.550000000000e-01 5.480838677688e-04 1.767530753612e-03 0.000000000000e+00 1.158917966481e+05 1.158917966481e+05 1.000002480620e+05 5.232788651240e-04 2.480620092972e-01 1.800000000000e+06 9.356786861228e+04 1.240350000000e+07 4.961400000000e+07 0.000000000000e+00 0.000000000000e+00 0.000000000000e+00 1.211016174695e-04 1.162661458576e-04 1.886306756521e-03 
8.600000000000e-01 5.472686362477e-04 1.759073302225e-03 0.000000000000e+00 1.153982001028e+05 1.153982001028e+05 1.000002480620e+05 5.232788651240e-04 2.480620092972e-01 1.800000000000e+06 9.317944546477e+04 1.240350000000e+07 4.961400000000e+07 0.000000000000e+00 0.000000000000e+00 0.000000000000e+00 1.205988949845e-04 1.160932091388e-04 1.878480331992e-03 
8.650000000000e-01 5.464541461234e-04 1.750703807106e-03 0.000000000000e+00 1.149031962438e+05 1.149031962438e+05 1.000002480620e+05 5.232788651240e-04 2.480620092972e-01 1.800000000000e+06 9.278879194383e+04 1.240350000000e+07 4.961400000000e+07 0.000000000000e+00 0.000000000000e+00 0.000000000000e+00 1.200932858052e-04 1.159204296936e-04 1.870608514860e-03 
8.700000000000e-01 5.456412947697e-04 1.742430433652e-03 0.000000000000e+00 1.144073294363e+05 1.144073294363e+05 1.000002480620e+05 5.232788651240e-04 2.480620092972e-01 1.800000000000e+06 9.239634304956e+04 1.240350000000e+07 4.961400000000e+07 0.000000000000e+00 0.000000000000e+00 0.000000000000e+00 1.195853529370e-04 1.157479978837e-04 1.862700072692e-03 
8.750000000000e-01 5.448309453553e-04 1.734260172673e-03 0.000000000000e+00 1.139111312989e+05 1.139111312989e+05 1.000002480620e+05 5.232788651240e-04 2.480620092972e-01 1.800000000000e+06 9.200253222176e+04 1.240350000000e+07 4.961400000000e+07 0.000000000000e+00 0.000000000000e+00 0.000000000000e+00 1.190756573660e-04 1.155760968150e-04 1.854763745003e-03 
8.800000000000e-01 5.440239305035e-04 1.726199852407e-03 0.000000000000e+00 1.134151226122e+05 1.134151226122e+05 1.000002480620e+05 5.232788651240e-04 2.480620092972e-01 1.800000000000e+06 9.160778843687e+04 1.240350000000e+07 4.961400000000e+07 0.000000000000e+00 0.000000000000e+00 0.000000000000e+00 1.185647543012e-04 1.154049031136e-04 1.846808183084e-03 
8.850000000000e-01 5.432210470830e-04 1.718255123846e-03 0.000000000000e+00 1.129198097742e+05 1.129198097742e+05 1.000002480620e+05 5.232788651240e-04 2.480620092972e-01 1.800000000000e+06 9.121253485670e+04 1.240350000000e+07 4.961400000000e+07 0.000000000000e+00 0.000000000000e+00 0.000000000000e+00 1.180531914263e-04 1.152345858209e-04 1.838841923207e-03 
8.900000000000e-01 5.424230460744e-04 1.710430617537e-03 0.000000000000e+00 1.124256781085e+05 1.124256781085e+05 1.000002480620e+05 5.232788651240e-04 2.480620092972e-01 1.800000000000e+06 9.081718577825e+04 1.240350000000e+07 4.961400000000e+07 0.000000000000e+00 0.000000000000e+00 0.000000000000e+00 1.175415049513e-04 1.150653042440e-04 1.830873326148e-03 
8.950000000000e-01 5.416306331876e-04 1.702730225433e-03 0.000000000000e+00 1.119331917079e+05 1.119331917079e+05 1.000002480620e+05 5.232788651240e-04 2.480620092972e-01 1.800000000000e+06 9.042214398138e+04 1.240350000000e+07 4.961400000000e+07 0.000000000000e+00 0.000000000000e+00 0.000000000000e+00 1.170302161801e-04 1.148972080866e-04 1.822910522726e-03 
9.000000000000e-01 5.408444701132e-04 1.695157227386e-03 0.000000000000e+00 1.114427936678e+05 1.114427936678e+05 1.000002480620e+05 5.232788651240e-04 2.480620092972e-01 1.800000000000e+06 9.002779901221e+04 1.240350000000e+07 4.961400000000e+07 0.000000000000e+00 0.000000000000e+00 0.000000000000e+00 1.165198292885e-04 1.147304377146e-04 1.814961378444e-03 
9.050000000000e-01 5.400641190194e-04 1.687704036995e-03 0.000000000000e+00 1.109546547882e+05 1.109546547882e+05 1.000006593231e+05 5.232788651240e-04 6.593231073996e-01 1.800000000000e+06 8.963445507913e+04 1.240350000000e+07 4.961400000000e+07 0.000000000000e+00 0.000000000000e+00 0.000000000000e+00 1.160107380030e-04 1.145649002498e-04 1.807032091447e-03 
9.100000000000e-01 5.392924106960e-04 1.680400383824e-03 0.000000000000e+00 1.104697656220e+05 1.104697656220e+05 1.000006593231e+05 5.232788651240e-04 6.593231073996e-01 1.800000000000e+06 8.924258613408e+04 1.240350000000e+07 4.961400000000e+07 0.000000000000e+00 0.000000000000e+00 0.000000000000e+00 1.155035557428e-04 1.144011961933e-04 1.799132088277e-03 
9.150000000000e-01 5.385285567442e-04 1.673223579506e-03 0.000000000000e+00 1.099880897480e+05 1.099880897480e+05 1.000006593231e+05 5.232788651240e-04 6.593231073996e-01 1.800000000000e+06 8.885251322630e+04 1.240350000000e+07 4.961400000000e+07 0.000000000000e+00 0.000000000000e+00 0.000000000000e+00 1.149986980308e-04 1.142391583007e-04 1.791267978033e-03 
9.200000000000e-01 5.377730900244e-04 1.666178849386e-03 0.000000000000e+00 1.095100098891e+05 1.095100098891e+05 1.000006593231e+05 5.232788651240e-04 6.593231073996e-01 1.800000000000e+06 8.846454187615e+04 1.240350000000e+07 4.961400000000e+07 0.000000000000e+00 0.000000000000e+00 0.000000000000e+00 1.144965602913e-04 1.140788996086e-04 1.783445919202e-03 
9.250000000000e-01 5.370264580013e-04 1.659267187048e-03 0.000000000000e+00 1.090358590742e+05 1.090358590742e+05 1.000006593231e+05 5.232788651240e-04 6.593231073996e-01 1.800000000000e+06 8.807897063602e+04 1.240350000000e+07 4.961400000000e+07 0.000000000000e+00 0.000000000000e+00 0.000000000000e+00 1.139975289302e-04 1.139205150387e-04 1.775671941922e-03 
9.300000000000e-01 5.362890415055e-04 1.652488141917e-03 0.000000000000e+00 1.085659315832e+05 1.085659315832e+05 1.000006593231e+05 5.232788651240e-04 6.593231073996e-01 1.800000000000e+06 8.769608195370e+04 1.240350000000e+07 4.961400000000e+07 0.000000000000e+00 0.000000000000e+00 0.000000000000e+00 1.135019695098e-04 1.137640853773e-04 1.767951757713e-03 
9.350000000000e-01 5.355611673999e-04 1.645840552122e-03 0.000000000000e+00 1.081004902478e+05 1.081004902478e+05 1.000006593231e+05 5.232788651240e-04 6.593231073996e-01 1.800000000000e+06 8.731613846344e+04 1.240350000000e+07 4.961400000000e+07 0.000000000000e+00 0.000000000000e+00 0.000000000000e+00 1.130102219484e-04 1.136096799625e-04 1.760290680898e-03 
9.400000000000e-01 5.348431162643e-04 1.639322875141e-03 0.000000000000e+00 1.076397707249e+05 1.076397707249e+05 1.000006593231e+05 5.232788651240e-04 6.593231073996e-01 1.800000000000e+06 8.693938193664e+04 1.240350000000e+07 4.961400000000e+07 0.000000000000e+00 0.000000000000e+00 0.000000000000e+00 1.125225991622e-04 1.134573583144e-04 1.752693605656e-03 
9.450000000000e-01 5.341351215060e-04 1.632932940518e-03 0.000000000000e+00 1.071839803510e+05 1.071839803510e+05 1.000006593231e+05 5.232788651240e-04 6.593231073996e-01 1.800000000000e+06 8.656603287007e+04 1.240350000000e+07 4.961400000000e+07 0.000000000000e+00 0.000000000000e+00 0.000000000000e+00 1.120393865326e-04 1.133071699460e-04 1.745164997886e-03 
9.500000000000e-01 5.334373756031e-04 1.626668450909e-03 0.000000000000e+00 1.067333016098e+05 1.067333016098e+05 1.000006593231e+05 5.232788651240e-04 6.593231073996e-01 1.800000000000e+06 8.619629052664e+04 1.240350000000e+07 4.961400000000e+07 0.000000000000e+00 0.000000000000e+00 0.000000000000e+00 1.115608419585e-04 1.131591556882e-04 1.737708895003e-03 
9.550000000000e-01 5.327500268394e-04 1.620526458897e-03 0.000000000000e+00 1.062878895181e+05 1.062878895181e+05 1.000006593231e+05 5.232788651240e-04 6.593231073996e-01 1.800000000000e+06 8.583033309729e+04 1.240350000000e+07 4.961400000000e+07 0.000000000000e+00 0.000000000000e+00 0.000000000000e+00 1.110871960662e-04 1.130133469966e-04 1.730328910009e-03 
9.600000000000e-01 5.320731827981e-04 1.614503859110e-03 0.000000000000e+00 1.058478733837e+05 1.058478733837e+05 1.000006593231e+05 5.232788651240e-04 6.593231073996e-01 1.800000000000e+06 8.546831748472e+04 1.240350000000e+07 4.961400000000e+07 0.000000000000e+00 0.000000000000e+00 0.000000000000e+00 1.106186519294e-04 1.128697666932e-04 1.723028226577e-03 
9.650000000000e-01 5.314069156107e-04 1.608597437830e-03 0.000000000000e+00 1.054133597667e+05 1.054133597667e+05 1.000006593231e+05 5.232788651240e-04 6.593231073996e-01 1.800000000000e+06 8.511038003424e+04 1.240350000000e+07 4.961400000000e+07 0.000000000000e+00 0.000000000000e+00 0.000000000000e+00 1.101553860150e-04 1.127284300793e-04 1.715809613093e-03 
9.700000000000e-01 5.307512621037e-04 1.602803680987e-03 0.000000000000e+00 1.049844321742e+05 1.049844321742e+05 1.000006593231e+05 5.232788651240e-04 6.593231073996e-01 1.800000000000e+06 8.475663732375e+04 1.240350000000e+07 4.961400000000e+07 0.000000000000e+00 0.000000000000e+00 0.000000000000e+00 1.096975492058e-04 1.125893449671e-04 1.708675438974e-03 
9.750000000000e-01 5.301062247993e-04 1.597118846638e-03 0.000000000000e+00 1.045611513300e+05 1.045611513300e+05 1.000006593231e+05 5.232788651240e-04 6.593231073996e-01 1.800000000000e+06 8.440718658238e+04 1.240350000000e+07 4.961400000000e+07 0.000000000000e+00 0.000000000000e+00 0.000000000000e+00 1.092452673420e-04 1.124525118914e-04 1.701627683210e-03 
9.800000000000e-01 5.294717751063e-04 1.591539132742e-03 0.000000000000e+00 1.041435569144e+05 1.041435569144e+05 1.000006593231e+05 5.232788651240e-04 6.593231073996e-01 1.800000000000e+06 8.406210625659e+04 1.240350000000e+07 4.961400000000e+07 0.000000000000e+00 0.000000000000e+00 0.000000000000e+00 1.087986419542e-04 1.123179247874e-04 1.694667945443e-03 
9.850000000000e-01 5.288478558315e-04 1.586060587886e-03 0.000000000000e+00 1.037316689023e+05 1.037316689023e+05 1.000006593231e+05 5.232788651240e-04 6.593231073996e-01 1.800000000000e+06 8.372145690620e+04 1.240350000000e+07 4.961400000000e+07 0.000000000000e+00 0.000000000000e+00 0.000000000000e+00 1.083577514227e-04 1.121855715223e-04 1.687797463952e-03 
9.900000000000e-01 5.282343909318e-04 1.580679905384e-03 0.000000000000e+00 1.033254937460e+05 1.033254937460e+05 1.000006593231e+05 5.232788651240e-04 6.593231073996e-01 1.800000000000e+06 8.338528250275e+04 1.240350000000e+07 4.961400000000e+07 0.000000000000e+00 0.000000000000e+00 0.000000000000e+00 1.079226526584e-04 1.120554359651e-04 1.681017140439e-03 
9.950000000000e-01 5.276312708355e-04 1.575391775748e-03 0.000000000000e+00 1.029250144327e+05 1.029250144327e+05 1.000006593231e+05 5.232788651240e-04 6.593231073996e-01 1.800000000000e+06 8.305361166144e+04 1.240350000000e+07 4.961400000000e+07 0.000000000000e+00 0.000000000000e+00 0.000000000000e+00 1.074933826970e-04 1.119274938600e-04 1.674327568258e-03 
1.000000000000e+00 5.270383429822e-04 1.570192084127e-03 0.000000000000e+00 1.025301838654e+05 1.025301838654e+05 1.000006593231e+05 5.232788651240e-04 6.593231073996e-01 1.800000000000e+06 8.272645499516e+04 1.240350000000e+07 4.961400000000e+07 0.000000000000e+00 0.000000000000e+00 0.000000000000e+00 1.070699552743e-04 1.118017153151e-04 1.667728980473e-03 
