0.000000000000e+00 5.232788651240e-04 0.000000000000e+00 0.000000000000e+00 1.000000000000e+05 1.000000000000e+05 1.000000000000e+05 5.232788651240e-04 0.000000000000e+00 1.800000000000e+06 1.000000000000e+05 1.240350000000e+07 4.961400000000e+07 0.000000000000e+00 0.000000000000e+00 0.000000000000e+00 1.294265000000e-04 1.110042101942e-04 0.000000000000e+00 
5.000000000000e-03 5.380492520616e-04 1.292310988740e-03 0.000000000000e+00 1.096843091243e+05 1.096843091243e+05 1.000000000000e+05 5.232788651240e-04 0.000000000000e+00 1.800000000000e+06 9.509695276930e+04 1.240350000000e+07 4.961400000000e+07 0.000000000000e+00 0.000000000000e+00 0.000000000000e+00 1.230806575760e-04 1.141374824234e-04 1.919748659491e-03 
1.000000000000e-02 5.412413207893e-04 1.507803391676e-03 0.000000000000e+00 1.116903198824e+05 1.116903198824e+05 1.000000000000e+05 5.232788651240e-04 0.000000000000e+00 1.800000000000e+06 9.302702204166e+04 1.240350000000e+07 4.961400000000e+07 0.000000000000e+00 0.000000000000e+00 0.000000000000e+00 1.204016186828e-04 1.148146224557e-04 1.876535912293e-03 
1.500000000000e-02 5.410985660554e-04 1.563581204734e-03 0.000000000000e+00 1.116012434397e+05 1.116012434397e+05 1.000000000000e+05 5.232788651240e-04 0.000000000000e+00 1.800000000000e+06 9.180401836451e+04 1.240350000000e+07 4.961400000000e+07 0.000000000000e+00 0.000000000000e+00 0.000000000000e+00 1.188187278285e-04 1.147843396037e-04 1.851418667477e-03 
2.000000000000e-02 5.400108140677e-04 1.575101352006e-03 0.000000000000e+00 1.109205582945e+05 1.109205582945e+05 1.000000000000e+05 5.232788651240e-04 0.000000000000e+00 1.800000000000e+06 9.085605180724e+04 1.240350000000e+07 4.961400000000e+07 0.000000000000e+00 0.000000000000e+00 0.000000000000e+00 1.175918078923e-04 1.145535925619e-04 1.832149151031e-03 
2.500000000000e-02 5.386848713395e-04 1.573917058902e-03 0.000000000000e+00 1.100861400784e+05 1.100861400784e+05 1.000000000000e+05 5.232788651240e-04 0.000000000000e+00 1.800000000000e+06 9.001279688738e+04 1.240350000000e+07 4.961400000000e+07 0.000000000000e+00 0.000000000000e+00 0.000000000000e+00 1.165004125634e-04 1.142723176338e-04 1.815082242865e-03 
3.000000000000e-02 5.373311950316e-04 1.568965806182e-03 0.000000000000e+00 1.092289239028e+05 1.092289239028e+05 1.000000000000e+05 5.232788651240e-04 0.000000000000e+00 1.800000000000e+06 8.922202598273e+04 1.240350000000e+07 4.961400000000e+07 0.000000000000e+00 0.000000000000e+00 0.000000000000e+00 1.154769454585e-04 1.139851595249e-04 1.799101829771e-03 
3.500000000000e-02 5.360101752454e-04 1.563002806355e-03 0.000000000000e+00 1.083871379995e+05 1.083871379995e+05 1.000000000000e+05 5.232788651240e-04 0.000000000000e+00 1.800000000000e+06 8.846712791004e+04 1.240350000000e+07 4.961400000000e+07 0.000000000000e+00 0.000000000000e+00 0.000000000000e+00 1.144999073045e-04 1.137049289103e-04 1.783853966525e-03 
4.000000000000e-02 5.347375668827e-04 1.556848598412e-03 0.000000000000e+00 1.075712572925e+05 1.075712572925e+05 1.000000000000e+05 5.232788651240e-04 0.000000000000e+00 1.800000000000e+06 8.774223193929e+04 1.240350000000e+07 4.961400000000e+07 0.000000000000e+00 0.000000000000e+00 0.000000000000e+00 1.135616998209e-04 1.134349679094e-04 1.769214546655e-03 
4.500000000000e-02 5.335158789718e-04 1.550739943631e-03 0.000000000000e+00 1.067834220046e+05 1.067834220046e+05 1.000000000000e+05 5.232788651240e-04 0.000000000000e+00 1.800000000000e+06 8.704471530729e+04 1.240350000000e+07 4.961400000000e+07 0.000000000000e+00 0.000000000000e+00 0.000000000000e+00 1.126589284572e-04 1.131758087675e-04 1.755128951753e-03 
5.000000000000e-02 5.323473412145e-04 1.545043726887e-03 0.000000000000e+00 1.060256134927e+05 1.060256134927e+05 1.000000000000e+05 5.232788651240e-04 0.000000000000e+00 1.800000000000e+06 8.637318272009e+04 1.240350000000e+07 4.961400000000e+07 0.000000000000e+00 0.000000000000e+00 0.000000000000e+00 1.117897873332e-04 1.129279244758e-04 1.741567895540e-03 
5.500000000000e-02 5.312575830940e-04 1.541877389016e-03 0.000000000000e+00 1.053151240521e+05 1.053151240521e+05 1.000000000000e+05 5.232788651240e-04 0.000000000000e+00 1.800000000000e+06 8.572883248422e+04 1.240350000000e+07 4.961400000000e+07 0.000000000000e+00 0.000000000000e+00 0.000000000000e+00 1.109558273752e-04 1.126967518688e-04 1.728550708306e-03 
6.000000000000e-02 5.303163786367e-04 1.545479214714e-03 0.000000000000e+00 1.046985391060e+05 1.046985391060e+05 1.000000000000e+05 5.232788651240e-04 0.000000000000e+00 1.800000000000e+06 8.512084650123e+04 1.240350000000e+07 4.961400000000e+07 0.000000000000e+00 0.000000000000e+00 0.000000000000e+00 1.101689323969e-04 1.124970922525e-04 1.716251422635e-03 
6.500000000000e-02 5.296314083434e-04 1.560563612918e-03 0.000000000000e+00 1.042480861368e+05 1.042480861368e+05 1.000000000000e+05 5.232788651240e-04 0.000000000000e+00 1.800000000000e+06 8.457144838128e+04 1.240350000000e+07 4.961400000000e+07 0.000000000000e+00 0.000000000000e+00 0.000000000000e+00 1.094578656392e-04 1.123517881107e-04 1.705103930212e-03 
7.000000000000e-02 5.293135632671e-04 1.589949866029e-03 0.000000000000e+00 1.040385672161e+05 1.040385672161e+05 1.000000000000e+05 5.232788651240e-04 0.000000000000e+00 1.800000000000e+06 8.411530902952e+04 1.240350000000e+07 4.961400000000e+07 0.000000000000e+00 0.000000000000e+00 0.000000000000e+00 1.088675004411e-04 1.122843629880e-04 1.695797028540e-03 
7.500000000000e-02 5.294553131919e-04 1.634316673261e-03 0.000000000000e+00 1.041320456752e+05 1.041320456752e+05 1.000000000000e+05 5.232788651240e-04 0.000000000000e+00 1.800000000000e+06 8.379331240379e+04 1.240350000000e+07 4.961400000000e+07 0.000000000000e+00 0.000000000000e+00 0.000000000000e+00 1.084507514783e-04 1.123144326880e-04 1.689151788549e-03 
8.000000000000e-02 5.301243136521e-04 1.693489553852e-03 0.000000000000e+00 1.045723797154e+05 1.045723797154e+05 1.000000000000e+05 5.232788651240e-04 0.000000000000e+00 1.800000000000e+06 8.364655191516e+04 1.240350000000e+07 4.961400000000e+07 0.000000000000e+00 0.000000000000e+00 0.000000000000e+00 1.082608045145e-04 1.124563491166e-04 1.685998428262e-03 
8.500000000000e-02 5.313565872762e-04 1.765673076565e-03 0.000000000000e+00 1.053798227416e+05 1.053798227416e+05 1.000000000000e+05 5.232788651240e-04 0.000000000000e+00 1.800000000000e+06 8.371137954884e+04 1.240350000000e+07 4.961400000000e+07 0.000000000000e+00 0.000000000000e+00 0.000000000000e+00 1.083447086518e-04 1.127177538273e-04 1.687077204725e-03 
9.000000000000e-02 5.331532368371e-04 1.847509490150e-03 0.000000000000e+00 1.065486909104e+05 1.065486909104e+05 1.000000000000e+05 5.232788651240e-04 0.000000000000e+00 1.800000000000e+06 8.401413739494e+04 1.240350000000e+07 4.961400000000e+07 0.000000000000e+00 0.000000000000e+00 0.000000000000e+00 1.087365575355e-04 1.130988807537e-04 1.692931097239e-03 
9.500000000000e-02 5.354856692302e-04 1.935182616132e-03 0.000000000000e+00 1.080514624034e+05 1.080514624034e+05 1.000000000000e+05 5.232788651240e-04 0.000000000000e+00 1.800000000000e+06 8.456800241801e+04 1.240350000000e+07 4.961400000000e+07 0.000000000000e+00 0.000000000000e+00 0.000000000000e+00 1.094534056495e-04 1.135936643822e-04 1.703839522170e-03 
1.000000000000e-01 5.383022467295e-04 2.024736272329e-03 0.000000000000e+00 1.098443922808e+05 1.098443922808e+05 1.000000000000e+05 5.232788651240e-04 0.000000000000e+00 1.800000000000e+06 8.537247625778e+04 1.240350000000e+07 4.961400000000e+07 0.000000000000e+00 0.000000000000e+00 0.000000000000e+00 1.104946079838e-04 1.141911506969e-04 1.719806017127e-03 
1.050000000000e-01 5.415404021000e-04 2.113058759621e-03 0.000000000000e+00 1.118767497322e+05 1.118767497322e+05 1.000000000000e+05 5.232788651240e-04 0.000000000000e+00 1.800000000000e+06 8.641465097016e+04 1.240350000000e+07 4.961400000000e+07 0.000000000000e+00 0.000000000000e+00 0.000000000000e+00 1.118434582379e-04 1.148780671825e-04 1.740581409692e-03 
1.100000000000e-01 5.451339331830e-04 2.197644066959e-03 0.000000000000e+00 1.140966282822e+05 1.140966282822e+05 1.000000000000e+05 5.232788651240e-04 0.000000000000e+00 1.800000000000e+06 8.767251098600e+04 1.240350000000e+07 4.961400000000e+07 0.000000000000e+00 0.000000000000e+00 0.000000000000e+00 1.134714624313e-04 1.156403702389e-04 1.765729710908e-03 
1.150000000000e-01 5.490146182252e-04 2.276639465586e-03 0.000000000000e+00 1.164528273585e+05 1.164528273585e+05 1.000000000000e+05 5.232788651240e-04 0.000000000000e+00 1.800000000000e+06 8.911775346769e+04 1.240350000000e+07 4.961400000000e+07 0.000000000000e+00 0.000000000000e+00 0.000000000000e+00 1.153419891919e-04 1.164635878422e-04 1.794685516005e-03 
1.200000000000e-01 5.531170918534e-04 2.348941245421e-03 0.000000000000e+00 1.188983876187e+05 1.188983876187e+05 1.000000000000e+05 5.232788651240e-04 0.000000000000e+00 1.800000000000e+06 9.071848083006e+04 1.240350000000e+07 4.961400000000e+07 0.000000000000e+00 0.000000000000e+00 0.000000000000e+00 1.174137545915e-04 1.173338538914e-04 1.826808221257e-03 
1.250000000000e-01 5.573787884141e-04 2.413804478478e-03 0.000000000000e+00 1.213907540824e+05 1.213907540824e+05 1.000000000000e+05 5.232788651240e-04 0.000000000000e+00 1.800000000000e+06 9.244161791086e+04 1.240350000000e+07 4.961400000000e+07 0.000000000000e+00 0.000000000000e+00 0.000000000000e+00 1.196439506054e-04 1.182378961812e-04 1.861431596750e-03 
1.300000000000e-01 5.617405885837e-04 2.470944661427e-03 0.000000000000e+00 1.238921670880e+05 1.238921670880e+05 1.000000000000e+05 5.232788651240e-04 0.000000000000e+00 1.800000000000e+06 9.425437207194e+04 1.240350000000e+07 4.961400000000e+07 0.000000000000e+00 0.000000000000e+00 0.000000000000e+00 1.219901348697e-04 1.191631735587e-04 1.897893717564e-03 
1.350000000000e-01 5.661486161827e-04 2.520395781354e-03 0.000000000000e+00 1.263705132283e+05 1.263705132283e+05 1.000000000000e+05 5.232788651240e-04 0.000000000000e+00 1.800000000000e+06 9.612556819690e+04 1.240350000000e+07 4.961400000000e+07 0.000000000000e+00 0.000000000000e+00 0.000000000000e+00 1.244119585224e-04 1.200982570711e-04 1.935564102619e-03 
1.400000000000e-01 5.705538788810e-04 2.562396245284e-03 0.000000000000e+00 1.287987833074e+05 1.287987833074e+05 1.000000000000e+05 5.232788651240e-04 0.000000000000e+00 1.800000000000e+06 9.802651402786e+04 1.240350000000e+07 4.961400000000e+07 0.000000000000e+00 0.000000000000e+00 0.000000000000e+00 1.268722861783e-04 1.210327550367e-04 1.973861671959e-03 
1.450000000000e-01 5.749127170918e-04 2.597367160800e-03 0.000000000000e+00 1.311549303408e+05 1.311549303408e+05 1.000000000000e+05 5.232788651240e-04 0.000000000000e+00 1.800000000000e+06 9.993148199851e+04 1.240350000000e+07 4.961400000000e+07 0.000000000000e+00 0.000000000000e+00 0.000000000000e+00 1.293378195488e-04 1.219574042538e-04 2.012264701317e-03 
1.500000000000e-01 5.791872082643e-04 2.625847731895e-03 0.000000000000e+00 1.334216519089e+05 1.334216519089e+05 1.000000000000e+05 5.232788651240e-04 0.000000000000e+00 1.800000000000e+06 1.018180211629e+05 1.240350000000e+07 4.961400000000e+07 0.000000000000e+00 0.000000000000e+00 0.000000000000e+00 1.317795011604e-04 1.228641607621e-04 2.050317296662e-03 
1.550000000000e-01 5.833450345160e-04 2.648441177744e-03 0.000000000000e+00 1.355858748691e+05 1.355858748691e+05 1.000000000000e+05 5.232788651240e-04 0.000000000000e+00 1.800000000000e+06 1.036670561035e+05 1.240350000000e+07 4.961400000000e+07 0.000000000000e+00 0.000000000000e+00 0.000000000000e+00 1.341726423679e-04 1.237461689033e-04 2.087631590401e-03 
1.600000000000e-01 5.873591250476e-04 2.665767820942e-03 0.000000000000e+00 1.376381568409e+05 1.376381568409e+05 1.000000000000e+05 5.232788651240e-04 0.000000000000e+00 1.800000000000e+06 1.054628099328e+05 1.240350000000e+07 4.961400000000e+07 0.000000000000e+00 0.000000000000e+00 0.000000000000e+00 1.364968236976e-04 1.245976860939e-04 2.123886348861e-03 
1.650000000000e-01 5.912073299322e-04 2.678443487685e-03 0.000000000000e+00 1.395721567759e+05 1.395721567759e+05 1.000000000000e+05 5.232788651240e-04 0.000000000000e+00 1.800000000000e+06 1.071926012312e+05 1.240350000000e+07 4.961400000000e+07 0.000000000000e+00 0.000000000000e+00 0.000000000000e+00 1.387356320326e-04 1.254140136247e-04 2.158822968897e-03 
1.700000000000e-01 5.948721081746e-04 2.687059660495e-03 0.000000000000e+00 1.413841678678e+05 1.413841678678e+05 1.000000000000e+05 5.232788651240e-04 0.000000000000e+00 1.800000000000e+06 1.088465823865e+05 1.240350000000e+07 4.961400000000e+07 0.000000000000e+00 0.000000000000e+00 0.000000000000e+00 1.408763219525e-04 1.261914304887e-04 2.192240248479e-03 
1.750000000000e-01 5.983403316554e-04 2.692185066444e-03 0.000000000000e+00 1.430727611143e+05 1.430727611143e+05 1.000000000000e+05 5.232788651240e-04 0.000000000000e+00 1.800000000000e+06 1.104174513788e+05 1.240350000000e+07 4.961400000000e+07 0.000000000000e+00 0.000000000000e+00 0.000000000000e+00 1.429094427088e-04 1.269271517913e-04 2.223988578431e-03 
1.800000000000e-01 6.016029217135e-04 2.694344806633e-03 0.000000000000e+00 1.446383966542e+05 1.446383966542e+05 1.000000000000e+05 5.232788651240e-04 0.000000000000e+00 1.800000000000e+06 1.119001700324e+05 1.240350000000e+07 4.961400000000e+07 0.000000000000e+00 0.000000000000e+00 0.000000000000e+00 1.448284735669e-04 1.276192516575e-04 2.253964273331e-03 
1.850000000000e-01 6.046537376886e-04 2.693972400428e-03 0.000000000000e+00 1.460827342568e+05 1.460827342568e+05 1.000000000000e+05 5.232788651240e-04 0.000000000000e+00 1.800000000000e+06 1.132916339500e+05 1.240350000000e+07 4.961400000000e+07 0.000000000000e+00 0.000000000000e+00 0.000000000000e+00 1.466293966143e-04 1.282664274568e-04 2.282103004190e-03 
1.900000000000e-01 6.074881247669e-04 2.691383490644e-03 0.000000000000e+00 1.474078562028e+05 1.474078562028e+05 1.000000000000e+05 5.232788651240e-04 0.000000000000e+00 1.800000000000e+06 1.145902476848e+05 1.240350000000e+07 4.961400000000e+07 0.000000000000e+00 0.000000000000e+00 0.000000000000e+00 1.483101469198e-04 1.288676917538e-04 2.308371315664e-03 
1.950000000000e-01 6.101017764318e-04 2.686777866071e-03 0.000000000000e+00 1.486157019470e+05 1.486157019470e+05 1.000000000000e+05 5.232788651240e-04 0.000000000000e+00 1.800000000000e+06 1.157954617982e+05 1.240350000000e+07 4.961400000000e+07 0.000000000000e+00 0.000000000000e+00 0.000000000000e+00 1.498700133642e-04 1.294221309986e-04 2.332757293618e-03 
2.000000000000e-01 6.124910973202e-04 2.680332537768e-03 0.000000000000e+00 1.497082270348e+05 1.497082270348e+05 1.000000000000e+05 5.232788651240e-04 0.000000000000e+00 1.800000000000e+06 1.169073949297e+05 1.240350000000e+07 4.961400000000e+07 0.000000000000e+00 0.000000000000e+00 0.000000000000e+00 1.513091494987e-04 1.299289824993e-04 2.355262756125e-03 
2.050000000000e-01 6.146439080713e-04 2.672244405338e-03 0.000000000000e+00 1.506901939908e+05 1.506901939908e+05 1.000069939939e+05 5.232788651240e-04 6.993993912860e+00 1.800000000000e+06 1.179273249709e+05 1.240350000000e+07 4.961400000000e+07 0.000000000000e+00 0.000000000000e+00 0.000000000000e+00 1.526292092534e-04 1.303856626234e-04 2.375912434580e-03 
2.100000000000e-01 6.165780265449e-04 2.662631629045e-03 0.000000000000e+00 1.515586092361e+05 1.515586092361e+05 1.000069939939e+05 5.232788651240e-04 6.993993912860e+00 1.800000000000e+06 1.188553409576e+05 1.240350000000e+07 4.961400000000e+07 0.000000000000e+00 0.000000000000e+00 0.000000000000e+00 1.538303078645e-04 1.307959511098e-04 2.394709174680e-03 
2.150000000000e-01 6.182876187420e-04 2.651662753340e-03 0.000000000000e+00 1.523203518226e+05 1.523203518226e+05 1.000069939939e+05 5.232788651240e-04 6.993993912860e+00 1.800000000000e+06 1.196930619100e+05 1.240350000000e+07 4.961400000000e+07 0.000000000000e+00 0.000000000000e+00 0.000000000000e+00 1.549145407730e-04 1.311586103805e-04 2.411684010327e-03 
2.200000000000e-01 6.197744785205e-04 2.639506822355e-03 0.000000000000e+00 1.529784212449e+05 1.529784212449e+05 1.000069939939e+05 5.232788651240e-04 6.993993912860e+00 1.800000000000e+06 1.204424909945e+05 1.240350000000e+07 4.961400000000e+07 0.000000000000e+00 0.000000000000e+00 0.000000000000e+00 1.558845006070e-04 1.314740209700e-04 2.426877171967e-03 
2.250000000000e-01 6.210415560165e-04 2.626266348488e-03 0.000000000000e+00 1.535359904699e+05 1.535359904699e+05 1.000069939939e+05 5.232788651240e-04 6.993993912860e+00 1.800000000000e+06 1.211057902133e+05 1.240350000000e+07 4.961400000000e+07 0.000000000000e+00 0.000000000000e+00 0.000000000000e+00 1.567429855704e-04 1.317428086968e-04 2.440332086513e-03 
2.300000000000e-01 6.220923586749e-04 2.612010676203e-03 0.000000000000e+00 1.539961524530e+05 1.539961524530e+05 1.000069939939e+05 5.232788651240e-04 6.993993912860e+00 1.800000000000e+06 1.216852406808e+05 1.240350000000e+07 4.961400000000e+07 0.000000000000e+00 0.000000000000e+00 0.000000000000e+00 1.574929480297e-04 1.319657176023e-04 2.452094651534e-03 
2.350000000000e-01 6.229307444740e-04 2.596800271543e-03 0.000000000000e+00 1.543618475412e+05 1.543618475412e+05 1.000069939939e+05 5.232788651240e-04 6.993993912860e+00 1.800000000000e+06 1.221831619840e+05 1.240350000000e+07 4.961400000000e+07 0.000000000000e+00 0.000000000000e+00 0.000000000000e+00 1.581373901452e-04 1.321435660874e-04 2.462211605403e-03 
2.400000000000e-01 6.235622283129e-04 2.580771737496e-03 0.000000000000e+00 1.546364503374e+05 1.546364503374e+05 1.000069939939e+05 5.232788651240e-04 6.993993912860e+00 1.800000000000e+06 1.226019236820e+05 1.240350000000e+07 4.961400000000e+07 0.000000000000e+00 0.000000000000e+00 0.000000000000e+00 1.586793787543e-04 1.322775240387e-04 2.470730583350e-03 
2.450000000000e-01 6.239953240020e-04 2.564140055738e-03 0.000000000000e+00 1.548243656733e+05 1.548243656733e+05 1.000069939939e+05 5.232788651240e-04 6.993993912860e+00 1.800000000000e+06 1.229441380247e+05 1.240350000000e+07 4.961400000000e+07 0.000000000000e+00 0.000000000000e+00 0.000000000000e+00 1.591222948006e-04 1.323693975083e-04 2.477703882887e-03 
2.500000000000e-01 6.242408431499e-04 2.547107843166e-03 0.000000000000e+00 1.549307430634e+05 1.549307430634e+05 1.000069939939e+05 5.232788651240e-04 6.993993912860e+00 1.800000000000e+06 1.232128331104e+05 1.240350000000e+07 4.961400000000e+07 0.000000000000e+00 0.000000000000e+00 0.000000000000e+00 1.594700574456e-04 1.324214799846e-04 2.483192104509e-03 
2.550000000000e-01 6.243112555004e-04 2.529891901537e-03 0.000000000000e+00 1.549612309174e+05 1.549612309174e+05 1.000069939939e+05 5.232788651240e-04 6.993993912860e+00 1.800000000000e+06 1.234114555031e+05 1.240350000000e+07 4.961400000000e+07 0.000000000000e+00 0.000000000000e+00 0.000000000000e+00 1.597271274567e-04 1.324364166997e-04 2.487264292600e-03 
2.600000000000e-01 6.242207074423e-04 2.512509650631e-03 0.000000000000e+00 1.549220228553e+05 1.549220228553e+05 1.000069939939e+05 5.232788651240e-04 6.993993912860e+00 1.800000000000e+06 1.235437709367e+05 1.240350000000e+07 4.961400000000e+07 0.000000000000e+00 0.000000000000e+00 0.000000000000e+00 1.598983786913e-04 1.324172085560e-04 2.489996135246e-03 
2.650000000000e-01 6.239840229316e-04 2.495372913659e-03 0.000000000000e+00 1.548194665769e+05 1.548194665769e+05 1.000069939939e+05 5.232788651240e-04 6.993993912860e+00 1.800000000000e+06 1.236139550050e+05 1.240350000000e+07 4.961400000000e+07 0.000000000000e+00 0.000000000000e+00 0.000000000000e+00 1.599892154745e-04 1.323670001892e-04 2.491471164465e-03 
2.700000000000e-01 6.236187383892e-04 2.478782192340e-03 0.000000000000e+00 1.546609886792e+05 1.546609886792e+05 1.000069939939e+05 5.232788651240e-04 6.993993912860e+00 1.800000000000e+06 1.236267424566e+05 1.240350000000e+07 4.961400000000e+07 0.000000000000e+00 0.000000000000e+00 0.000000000000e+00 1.600057658255e-04 1.322895116362e-04 2.491784320986e-03 
2.750000000000e-01 6.231446070549e-04 2.463030790323e-03 0.000000000000e+00 1.544549274207e+05 1.544549274207e+05 1.000069939939e+05 5.232788651240e-04 6.993993912860e+00 1.800000000000e+06 1.235873923461e+05 1.240350000000e+07 4.961400000000e+07 0.000000000000e+00 0.000000000000e+00 0.000000000000e+00 1.599548363548e-04 1.321889331917e-04 2.491041044309e-03 
2.800000000000e-01 6.225828700817e-04 2.448399581301e-03 0.000000000000e+00 1.542102637798e+05 1.542102637798e+05 1.000069939939e+05 5.232788651240e-04 6.993993912860e+00 1.800000000000e+06 1.235017196873e+05 1.240350000000e+07 4.961400000000e+07 0.000000000000e+00 0.000000000000e+00 0.000000000000e+00 1.598439532311e-04 1.320697707849e-04 2.489357995010e-03 
2.850000000000e-01 6.219546585835e-04 2.435081103443e-03 0.000000000000e+00 1.539359665759e+05 1.539359665759e+05 1.000069939939e+05 5.232788651240e-04 6.993993912860e+00 1.800000000000e+06 1.233760026302e+05 1.240350000000e+07 4.961400000000e+07 0.000000000000e+00 0.000000000000e+00 0.000000000000e+00 1.596812420442e-04 1.319365070018e-04 2.486861352740e-03 
2.900000000000e-01 6.212797357739e-04 2.423196388253e-03 0.000000000000e+00 1.536404701765e+05 1.536404701765e+05 1.000069939939e+05 5.232788651240e-04 6.993993912860e+00 1.800000000000e+06 1.232167385914e+05 1.240350000000e+07 4.961400000000e+07 0.000000000000e+00 0.000000000000e+00 0.000000000000e+00 1.594751121730e-04 1.317933342532e-04 2.483681974134e-03 
2.950000000000e-01 6.205757130066e-04 2.412774717049e-03 0.000000000000e+00 1.533313430073e+05 1.533313430073e+05 1.000069939939e+05 5.232788651240e-04 6.993993912860e+00 1.800000000000e+06 1.230303942906e+05 1.240350000000e+07 4.961400000000e+07 0.000000000000e+00 0.000000000000e+00 0.000000000000e+00 1.592339332665e-04 1.316439884714e-04 2.479950358968e-03 
3.000000000000e-01 6.198578862846e-04 2.403804647715e-03 0.000000000000e+00 1.530152153262e+05 1.530152153262e+05 1.000069939939e+05 5.232788651240e-04 6.993993912860e+00 1.800000000000e+06 1.228231647405e+05 1.240350000000e+07 4.961400000000e+07 0.000000000000e+00 0.000000000000e+00 0.000000000000e+00 1.589657233128e-04 1.314917144286e-04 2.475791723056e-03 
3.050000000000e-01 6.191385781193e-04 2.396233425506e-03 0.000000000000e+00 1.526979943397e+05 1.526979943397e+05 1.000075082134e+05 5.232788651240e-04 7.508213405074e+00 1.800000000000e+06 1.226008796295e+05 1.240350000000e+07 4.961400000000e+07 0.000000000000e+00 0.000000000000e+00 0.000000000000e+00 1.586780274736e-04 1.313391261243e-04 2.471324002775e-03 
3.100000000000e-01 6.184302683007e-04 2.389979658738e-03 0.000000000000e+00 1.523841794740e+05 1.523841794740e+05 1.000075082134e+05 5.232788651240e-04 7.508213405074e+00 1.800000000000e+06 1.223687388096e+05 1.240350000000e+07 4.961400000000e+07 0.000000000000e+00 0.000000000000e+00 0.000000000000e+00 1.583775757355e-04 1.311888709215e-04 2.466652640247e-03 
3.150000000000e-01 6.177411847947e-04 2.384927217209e-03 0.000000000000e+00 1.520779862542e+05 1.520779862542e+05 1.000075082134e+05 5.232788651240e-04 7.508213405074e+00 1.800000000000e+06 1.221314641352e+05 1.240350000000e+07 4.961400000000e+07 0.000000000000e+00 0.000000000000e+00 0.000000000000e+00 1.580704794289e-04 1.310426942356e-04 2.461873338894e-03 
3.200000000000e-01 6.170776066965e-04 2.380932378262e-03 0.000000000000e+00 1.517822875087e+05 1.517822875087e+05 1.000075082134e+05 5.232788651240e-04 7.508213405074e+00 1.800000000000e+06 1.218931200472e+05 1.240350000000e+07 4.961400000000e+07 0.000000000000e+00 0.000000000000e+00 0.000000000000e+00 1.577619990179e-04 1.309019280637e-04 2.457068720221e-03 
3.250000000000e-01 6.164439123082e-04 2.377848454047e-03 0.000000000000e+00 1.514991343220e+05 1.514991343220e+05 1.000075082134e+05 5.232788651240e-04 7.508213405074e+00 1.800000000000e+06 1.216570795433e+05 1.240350000000e+07 4.961400000000e+07 0.000000000000e+00 0.000000000000e+00 0.000000000000e+00 1.574565000552e-04 1.307675011840e-04 2.452307456227e-03 
3.300000000000e-01 6.158428407967e-04 2.375528468025e-03 0.000000000000e+00 1.512298595291e+05 1.512298595291e+05 1.000075082134e+05 5.232788651240e-04 7.508213405074e+00 1.800000000000e+06 1.214260515792e+05 1.240350000000e+07 4.961400000000e+07 0.000000000000e+00 0.000000000000e+00 0.000000000000e+00 1.571574886471e-04 1.306399946615e-04 2.447644799329e-03 
3.350000000000e-01 6.152757188437e-04 2.373831181726e-03 0.000000000000e+00 1.509751683261e+05 1.509751683261e+05 1.000075082134e+05 5.232788651240e-04 7.508213405074e+00 1.800000000000e+06 1.212021218730e+05 1.240350000000e+07 4.961400000000e+07 0.000000000000e+00 0.000000000000e+00 0.000000000000e+00 1.568676642660e-04 1.305196899279e-04 2.443123392420e-03 
3.400000000000e-01 6.147425655064e-04 2.372613613628e-03 0.000000000000e+00 1.507351766638e+05 1.507351766638e+05 1.000075082134e+05 5.232788651240e-04 7.508213405074e+00 1.800000000000e+06 1.209868005755e+05 1.240350000000e+07 4.961400000000e+07 0.000000000000e+00 0.000000000000e+00 0.000000000000e+00 1.565889814469e-04 1.304065910258e-04 2.438774235757e-03 
3.450000000000e-01 6.142422146101e-04 2.371738224146e-03 0.000000000000e+00 1.505094594016e+05 1.505094594016e+05 1.000075082134e+05 5.232788651240e-04 7.508213405074e+00 1.800000000000e+06 1.207810599076e+05 1.240350000000e+07 4.961400000000e+07 0.000000000000e+00 0.000000000000e+00 0.000000000000e+00 1.563226985014e-04 1.303004505723e-04 2.434617445941e-03 
3.500000000000e-01 6.137725502577e-04 2.371076494793e-03 0.000000000000e+00 1.502971514857e+05 1.502971514857e+05 1.000075082134e+05 5.232788651240e-04 7.508213405074e+00 1.800000000000e+06 1.205853827848e+05 1.240350000000e+07 4.961400000000e+07 0.000000000000e+00 0.000000000000e+00 0.000000000000e+00 1.560694404500e-04 1.302008197178e-04 2.430663222984e-03 
3.550000000000e-01 6.133306888389e-04 2.370509219992e-03 0.000000000000e+00 1.500970270706e+05 1.500970270706e+05 1.000075082134e+05 5.232788651240e-04 7.508213405074e+00 1.800000000000e+06 1.203998191379e+05 1.240350000000e+07 4.961400000000e+07 0.000000000000e+00 0.000000000000e+00 0.000000000000e+00 1.558292719165e-04 1.301070867562e-04 2.426912982570e-03 
3.600000000000e-01 6.129131294497e-04 2.369927304350e-03 0.000000000000e+00 1.499075658523e+05 1.499075658523e+05 1.000075082134e+05 5.232788651240e-04 7.508213405074e+00 1.800000000000e+06 1.202240420151e+05 1.240350000000e+07 4.961400000000e+07 0.000000000000e+00 0.000000000000e+00 0.000000000000e+00 1.556017697387e-04 1.300185090335e-04 2.423360488064e-03 
3.650000000000e-01 6.125161125660e-04 2.369248235363e-03 0.000000000000e+00 1.497271152275e+05 1.497271152275e+05 1.000075082134e+05 5.232788651240e-04 7.508213405074e+00 1.800000000000e+06 1.200574123009e+05 1.240350000000e+07 4.961400000000e+07 0.000000000000e+00 0.000000000000e+00 0.000000000000e+00 1.553861067316e-04 1.299342890343e-04 2.419993129941e-03 
3.700000000000e-01 6.121357950094e-04 2.368401031123e-03 0.000000000000e+00 1.495539704839e+05 1.495539704839e+05 1.000075082134e+05 5.232788651240e-04 7.508213405074e+00 1.800000000000e+06 1.198990635401e+05 1.240350000000e+07 4.961400000000e+07 0.000000000000e+00 0.000000000000e+00 0.000000000000e+00 1.551811614727e-04 1.298536114973e-04 2.416793642131e-03 
3.750000000000e-01 6.117677945952e-04 2.367292752795e-03 0.000000000000e+00 1.493861679721e+05 1.493861679721e+05 1.000075082134e+05 5.232788651240e-04 7.508213405074e+00 1.800000000000e+06 1.197479390959e+05 1.240350000000e+07 4.961400000000e+07 0.000000000000e+00 0.000000000000e+00 0.000000000000e+00 1.549855663939e-04 1.297755468208e-04 2.413740930386e-03 
3.800000000000e-01 6.114068356103e-04 2.365813495055e-03 0.000000000000e+00 1.492213222252e+05 1.492213222252e+05 1.000075082134e+05 5.232788651240e-04 7.508213405074e+00 1.800000000000e+06 1.196027567324e+05 1.240350000000e+07 4.961400000000e+07 0.000000000000e+00 0.000000000000e+00 0.000000000000e+00 1.547976619422e-04 1.296989758570e-04 2.410809397959e-03 
3.850000000000e-01 6.110467096792e-04 2.363838086551e-03 0.000000000000e+00 1.490566057322e+05 1.490566057322e+05 1.000075082134e+05 5.232788651240e-04 7.508213405074e+00 1.800000000000e+06 1.194619696095e+05 1.240350000000e+07 4.961400000000e+07 0.000000000000e+00 0.000000000000e+00 0.000000000000e+00 1.546154460966e-04 1.296225816106e-04 2.407968150218e-03 
3.900000000000e-01 6.106798914959e-04 2.361201291361e-03 0.000000000000e+00 1.488885698472e+05 1.488885698472e+05 1.000075082134e+05 5.232788651240e-04 7.508213405074e+00 1.800000000000e+06 1.193237187083e+05 1.240350000000e+07 4.961400000000e+07 0.000000000000e+00 0.000000000000e+00 0.000000000000e+00 1.544365127939e-04 1.295447677232e-04 2.405180072391e-03 
3.950000000000e-01 6.102965620398e-04 2.357657902138e-03 0.000000000000e+00 1.487126910372e+05 1.487126910372e+05 1.000075082134e+05 5.232788651240e-04 7.508213405074e+00 1.800000000000e+06 1.191857149121e+05 1.240350000000e+07 4.961400000000e+07 0.000000000000e+00 0.000000000000e+00 0.000000000000e+00 1.542578993107e-04 1.294634512658e-04 2.402399549251e-03 
4.000000000000e-01 6.098819398365e-04 2.352746304093e-03 0.000000000000e+00 1.485221325219e+05 1.485221325219e+05 1.000075082134e+05 5.232788651240e-04 7.508213405074e+00 1.800000000000e+06 1.190449527392e+05 1.240350000000e+07 4.961400000000e+07 0.000000000000e+00 0.000000000000e+00 0.000000000000e+00 1.540757157570e-04 1.293754966144e-04 2.399566969700e-03 
4.050000000000e-01 6.094142682342e-04 2.345743455360e-03 0.000000000000e+00 1.483060469148e+05 1.483060469148e+05 1.000067649063e+05 5.232788651240e-04 6.764906306915e+00 1.800000000000e+06 1.188970575173e+05 1.240350000000e+07 4.961400000000e+07 0.000000000000e+00 0.000000000000e+00 0.000000000000e+00 1.538843001476e-04 1.292762884860e-04 2.396595853730e-03 
4.100000000000e-01 6.088580079853e-04 2.335639040561e-03 0.000000000000e+00 1.480493563369e+05 1.480493563369e+05 1.000067649063e+05 5.232788651240e-04 6.764906306915e+00 1.800000000000e+06 1.187357955886e+05 1.240350000000e+07 4.961400000000e+07 0.000000000000e+00 0.000000000000e+00 0.000000000000e+00 1.536755844775e-04 1.291582878678e-04 2.393362851281e-03 
4.150000000000e-01 6.081694448572e-04 2.321239940218e-03 0.000000000000e+00 1.477307726018e+05 1.477307726018e+05 1.000067649063e+05 5.232788651240e-04 6.764906306915e+00 1.800000000000e+06 1.185520499739e+05 1.240350000000e+07 4.961400000000e+07 0.000000000000e+00 0.000000000000e+00 0.000000000000e+00 1.534377689594e-04 1.290122215706e-04 2.389687335106e-03 
4.200000000000e-01 6.072940368572e-04 2.301206763533e-03 0.000000000000e+00 1.473243911450e+05 1.473243911450e+05 1.000067649063e+05 5.232788651240e-04 6.764906306915e+00 1.800000000000e+06 1.183335370853e+05 1.240350000000e+07 4.961400000000e+07 0.000000000000e+00 0.000000000000e+00 0.000000000000e+00 1.531549553758e-04 1.288265194907e-04 2.385325057816e-03 
4.250000000000e-01 6.061758449450e-04 2.274723497684e-03 0.000000000000e+00 1.468030981606e+05 1.468030981606e+05 1.000067649063e+05 5.232788651240e-04 6.764906306915e+00 1.800000000000e+06 1.180649054064e+05 1.240350000000e+07 4.961400000000e+07 0.000000000000e+00 0.000000000000e+00 0.000000000000e+00 1.528072747958e-04 1.285893151656e-04 2.379969136214e-03 
4.300000000000e-01 6.047727566227e-04 2.241933209926e-03 0.000000000000e+00 1.461454651188e+05 1.461454651188e+05 1.000067649063e+05 5.232788651240e-04 6.764906306915e+00 1.800000000000e+06 1.177294289788e+05 1.240350000000e+07 4.961400000000e+07 0.000000000000e+00 0.000000000000e+00 0.000000000000e+00 1.523730793973e-04 1.282916751854e-04 2.373282561899e-03 
4.350000000000e-01 6.030713867971e-04 2.204356684822e-03 0.000000000000e+00 1.453427246777e+05 1.453427246777e+05 1.000067649063e+05 5.232788651240e-04 6.764906306915e+00 1.800000000000e+06 1.173120357179e+05 1.240350000000e+07 4.961400000000e+07 0.000000000000e+00 0.000000000000e+00 0.000000000000e+00 1.518328619085e-04 1.279307601431e-04 2.364958245219e-03 
4.400000000000e-01 6.011083046297e-04 2.164901622001e-03 0.000000000000e+00 1.444092146971e+05 1.444092146971e+05 1.000067649063e+05 5.232788651240e-04 6.764906306915e+00 1.800000000000e+06 1.168031291930e+05 1.240350000000e+07 4.961400000000e+07 0.000000000000e+00 0.000000000000e+00 0.000000000000e+00 1.511742020050e-04 1.275143275293e-04 2.354794842628e-03 
4.450000000000e-01 5.989677587795e-04 2.127577749202e-03 0.000000000000e+00 1.433823191920e+05 1.433823191920e+05 1.000067649063e+05 5.232788651240e-04 6.764906306915e+00 1.800000000000e+06 1.162032081280e+05 1.240350000000e+07 4.961400000000e+07 0.000000000000e+00 0.000000000000e+00 0.000000000000e+00 1.503977451678e-04 1.270602491835e-04 2.342790779781e-03 
4.500000000000e-01 5.967651119609e-04 2.096081450583e-03 0.000000000000e+00 1.423157193839e+05 1.423157193839e+05 1.000067649063e+05 5.232788651240e-04 6.764906306915e+00 1.800000000000e+06 1.155247570278e+05 1.240350000000e+07 4.961400000000e+07 0.000000000000e+00 0.000000000000e+00 0.000000000000e+00 1.495196496545e-04 1.265929972329e-04 2.329185715932e-03 
4.550000000000e-01 5.946203452289e-04 2.073055860024e-03 0.000000000000e+00 1.412673687471e+05 1.412673687471e+05 1.000067649063e+05 5.232788651240e-04 6.764906306915e+00 1.800000000000e+06 1.147909802272e+05 1.240350000000e+07 4.961400000000e+07 0.000000000000e+00 0.000000000000e+00 0.000000000000e+00 1.485699480237e-04 1.261380235029e-04 2.314438111706e-03 
4.600000000000e-01 5.926297495700e-04 2.059238320772e-03 0.000000000000e+00 1.402856406121e+05 1.402856406121e+05 1.000067649063e+05 5.232788651240e-04 6.764906306915e+00 1.800000000000e+06 1.140315739462e+05 1.240350000000e+07 4.961400000000e+07 0.000000000000e+00 0.000000000000e+00 0.000000000000e+00 1.475870750535e-04 1.257157543961e-04 2.299142786165e-03 
4.650000000000e-01 5.908529714699e-04 2.053976774516e-03 0.000000000000e+00 1.394021813352e+05 1.394021813352e+05 1.000067649063e+05 5.232788651240e-04 6.764906306915e+00 1.800000000000e+06 1.132769027597e+05 1.240350000000e+07 4.961400000000e+07 0.000000000000e+00 0.000000000000e+00 0.000000000000e+00 1.466103305503e-04 1.253388428432e-04 2.283913589256e-03 
4.700000000000e-01 5.893170366571e-04 2.055719404535e-03 0.000000000000e+00 1.386329614018e+05 1.386329614018e+05 1.000067649063e+05 5.232788651240e-04 6.764906306915e+00 1.800000000000e+06 1.125534229634e+05 1.240350000000e+07 4.961400000000e+07 0.000000000000e+00 0.000000000000e+00 0.000000000000e+00 1.456739559717e-04 1.250130218667e-04 2.269289181251e-03 
4.750000000000e-01 5.880223161407e-04 2.062680894918e-03 0.000000000000e+00 1.379805390371e+05 1.379805390371e+05 1.000067649063e+05 5.232788651240e-04 6.764906306915e+00 1.800000000000e+06 1.118812871874e+05 1.240350000000e+07 4.961400000000e+07 0.000000000000e+00 0.000000000000e+00 0.000000000000e+00 1.448040341616e-04 1.247383701696e-04 2.255682690344e-03 
4.800000000000e-01 5.869511253347e-04 2.072856129854e-03 0.000000000000e+00 1.374379646235e+05 1.374379646235e+05 1.000067649063e+05 5.232788651240e-04 6.764906306915e+00 1.800000000000e+06 1.112734801792e+05 1.240350000000e+07 4.961400000000e+07 0.000000000000e+00 0.000000000000e+00 0.000000000000e+00 1.440173708242e-04 1.245111362848e-04 2.243363253692e-03 
4.850000000000e-01 5.860758306843e-04 2.084524418401e-03 0.000000000000e+00 1.369927268713e+05 1.369927268713e+05 1.000067649063e+05 5.232788651240e-04 6.764906306915e+00 1.800000000000e+06 1.107359534165e+05 1.240350000000e+07 4.961400000000e+07 0.000000000000e+00 0.000000000000e+00 0.000000000000e+00 1.433216687486e-04 1.243254582499e-04 2.232457267101e-03 
4.900000000000e-01 5.853655332736e-04 2.096442642221e-03 0.000000000000e+00 1.366301644321e+05 1.366301644321e+05 1.000067649063e+05 5.232788651240e-04 6.764906306915e+00 1.800000000000e+06 1.102691207870e+05 1.240350000000e+07 4.961400000000e+07 0.000000000000e+00 0.000000000000e+00 0.000000000000e+00 1.427174636153e-04 1.241747814152e-04 2.222977905142e-03 
4.950000000000e-01 5.847895680162e-04 2.107718863705e-03 0.000000000000e+00 1.363353418048e+05 1.363353418048e+05 1.000067649063e+05 5.232788651240e-04 6.764906306915e+00 1.800000000000e+06 1.098694001484e+05 1.240350000000e+07 4.961400000000e+07 0.000000000000e+00 0.000000000000e+00 0.000000000000e+00 1.422001191830e-04 1.240526007334e-04 2.214856301139e-03 
5.000000000000e-01 5.843199319554e-04 2.117818999352e-03 0.000000000000e+00 1.360943956205e+05 1.360943956205e+05 1.000067649063e+05 5.232788651240e-04 6.764906306915e+00 1.800000000000e+06 1.095306186089e+05 1.240350000000e+07 4.961400000000e+07 0.000000000000e+00 0.000000000000e+00 0.000000000000e+00 1.417616460939e-04 1.239529758804e-04 2.207970004478e-03 
5.050000000000e-01 5.839323331603e-04 2.126377534193e-03 0.000000000000e+00 1.358943712027e+05 1.358943712027e+05 1.000059713249e+05 5.232788651240e-04 5.971324860642e+00 1.800000000000e+06 1.092451063823e+05 1.240350000000e+07 4.961400000000e+07 0.000000000000e+00 0.000000000000e+00 0.000000000000e+00 1.413921176119e-04 1.238707537595e-04 2.202165502884e-03 
5.100000000000e-01 5.836048722849e-04 2.133385915177e-03 0.000000000000e+00 1.357257880453e+05 1.357257880453e+05 1.000059713249e+05 5.232788651240e-04 5.971324860642e+00 1.800000000000e+06 1.090049123427e+05 1.240350000000e+07 4.961400000000e+07 0.000000000000e+00 0.000000000000e+00 0.000000000000e+00 1.410812428732e-04 1.238012888178e-04 2.197282407792e-03 
5.150000000000e-01 5.833200506875e-04 2.138719319274e-03 0.000000000000e+00 1.355789594178e+05 1.355789594178e+05 1.000059713249e+05 5.232788651240e-04 5.971324860642e+00 1.800000000000e+06 1.088020991803e+05 1.240350000000e+07 4.961400000000e+07 0.000000000000e+00 0.000000000000e+00 0.000000000000e+00 1.408187488956e-04 1.237408690330e-04 2.193160658695e-03 
5.200000000000e-01 5.830623666646e-04 2.142457059155e-03 0.000000000000e+00 1.354459623322e+05 1.354459623322e+05 1.000059713249e+05 5.232788651240e-04 5.971324860642e+00 1.800000000000e+06 1.086290302268e+05 1.240350000000e+07 4.961400000000e+07 0.000000000000e+00 0.000000000000e+00 0.000000000000e+00 1.405947518065e-04 1.236862059970e-04 2.189645830195e-03 
5.250000000000e-01 5.828211104311e-04 2.144822380944e-03 0.000000000000e+00 1.353213076346e+05 1.353213076346e+05 1.000059713249e+05 5.232788651240e-04 5.971324860642e+00 1.800000000000e+06 1.084788298097e+05 1.240350000000e+07 4.961400000000e+07 0.000000000000e+00 0.000000000000e+00 0.000000000000e+00 1.404003526637e-04 1.236350278214e-04 2.186598361954e-03 
5.300000000000e-01 5.825883538910e-04 2.145983753633e-03 0.000000000000e+00 1.352009194501e+05 1.352009194501e+05 1.000059713249e+05 5.232788651240e-04 5.971324860642e+00 1.800000000000e+06 1.083456681442e+05 1.240350000000e+07 4.961400000000e+07 0.000000000000e+00 0.000000000000e+00 0.000000000000e+00 1.402280061807e-04 1.235856527030e-04 2.183899729544e-03 
5.350000000000e-01 5.823574445825e-04 2.146093432156e-03 0.000000000000e+00 1.350813650531e+05 1.350813650531e+05 1.000059713249e+05 5.232788651240e-04 5.971324860642e+00 1.800000000000e+06 1.082246340716e+05 1.240350000000e+07 4.961400000000e+07 0.000000000000e+00 0.000000000000e+00 0.000000000000e+00 1.400713560167e-04 1.235366694416e-04 2.181450086535e-03 
5.400000000000e-01 5.821230947577e-04 2.145292764046e-03 0.000000000000e+00 1.349599052584e+05 1.349599052584e+05 1.000059713249e+05 5.232788651240e-04 5.971324860642e+00 1.800000000000e+06 1.081116163149e+05 1.240350000000e+07 4.961400000000e+07 0.000000000000e+00 0.000000000000e+00 0.000000000000e+00 1.399250810898e-04 1.234869563365e-04 2.179165805979e-03 
5.450000000000e-01 5.818810710565e-04 2.143698769139e-03 0.000000000000e+00 1.348343368618e+05 1.348343368618e+05 1.000059713249e+05 5.232788651240e-04 5.971324860642e+00 1.800000000000e+06 1.080032062639e+05 1.240350000000e+07 4.961400000000e+07 0.000000000000e+00 0.000000000000e+00 0.000000000000e+00 1.397847697552e-04 1.234356153564e-04 2.176977531405e-03 
5.500000000000e-01 5.816288132175e-04 2.141480481524e-03 0.000000000000e+00 1.347033164677e+05 1.347033164677e+05 1.000059713249e+05 5.232788651240e-04 5.971324860642e+00 1.800000000000e+06 1.078966316877e+05 1.240350000000e+07 4.961400000000e+07 0.000000000000e+00 0.000000000000e+00 0.000000000000e+00 1.396468340113e-04 1.233821033879e-04 2.174828717052e-03 
5.550000000000e-01 5.813651186164e-04 2.138769084672e-03 0.000000000000e+00 1.345662004796e+05 1.345662004796e+05 1.000059713249e+05 5.232788651240e-04 5.971324860642e+00 1.800000000000e+06 1.077897892355e+05 1.240350000000e+07 4.961400000000e+07 0.000000000000e+00 0.000000000000e+00 0.000000000000e+00 1.395085515648e-04 1.233261653157e-04 2.172676336828e-03 
5.600000000000e-01 5.810885116049e-04 2.135608536900e-03 0.000000000000e+00 1.344221992824e+05 1.344221992824e+05 1.000059713249e+05 5.232788651240e-04 5.971324860642e+00 1.800000000000e+06 1.076810867365e+05 1.240350000000e+07 4.961400000000e+07 0.000000000000e+00 0.000000000000e+00 0.000000000000e+00 1.393678617250e-04 1.232674881076e-04 2.170487913836e-03 
5.650000000000e-01 5.807977401711e-04 2.132074528064e-03 0.000000000000e+00 1.342706350322e+05 1.342706350322e+05 1.000059713249e+05 5.232788651240e-04 5.971324860642e+00 1.800000000000e+06 1.075692344600e+05 1.240350000000e+07 4.961400000000e+07 0.000000000000e+00 0.000000000000e+00 0.000000000000e+00 1.392230952384e-04 1.232058061718e-04 2.168237158401e-03 
5.700000000000e-01 5.804923070211e-04 2.128233068845e-03 0.000000000000e+00 1.341112193321e+05 1.341112193321e+05 1.000059713249e+05 5.232788651240e-04 5.971324860642e+00 1.800000000000e+06 1.074532482656e+05 1.240350000000e+07 4.961400000000e+07 0.000000000000e+00 0.000000000000e+00 0.000000000000e+00 1.390729783664e-04 1.231410140164e-04 2.165903935353e-03 
5.750000000000e-01 5.801721645188e-04 2.124147871186e-03 0.000000000000e+00 1.339438960197e+05 1.339438960197e+05 1.000059713249e+05 5.232788651240e-04 5.971324860642e+00 1.800000000000e+06 1.073324198352e+05 1.240350000000e+07 4.961400000000e+07 0.000000000000e+00 0.000000000000e+00 0.000000000000e+00 1.389165943581e-04 1.230731015361e-04 2.163473705088e-03 
5.800000000000e-01 5.798375669059e-04 2.119868583753e-03 0.000000000000e+00 1.337687653093e+05 1.337687653093e+05 1.000059713249e+05 5.232788651240e-04 5.971324860642e+00 1.800000000000e+06 1.072062813919e+05 1.240350000000e+07 4.961400000000e+07 0.000000000000e+00 0.000000000000e+00 0.000000000000e+00 1.387533377856e-04 1.230021226638e-04 2.160936821298e-03 
5.850000000000e-01 5.794891745589e-04 2.115455758035e-03 0.000000000000e+00 1.335861396716e+05 1.335861396716e+05 1.000059713249e+05 5.232788651240e-04 5.971324860642e+00 1.800000000000e+06 1.070745671344e+05 1.240350000000e+07 4.961400000000e+07 0.000000000000e+00 0.000000000000e+00 0.000000000000e+00 1.385828646322e-04 1.229282174864e-04 2.158287722872e-03 
5.900000000000e-01 5.791277795696e-04 2.110941080841e-03 0.000000000000e+00 1.333964014197e+05 1.333964014197e+05 1.000059713249e+05 5.232788651240e-04 5.971324860642e+00 1.800000000000e+06 1.069371981759e+05 1.240350000000e+07 4.961400000000e+07 0.000000000000e+00 0.000000000000e+00 0.000000000000e+00 1.384050727971e-04 1.228515540321e-04 2.155524665636e-03 
5.950000000000e-01 5.787541543314e-04 2.106355371474e-03 0.000000000000e+00 1.331999237941e+05 1.331999237941e+05 1.000059713249e+05 5.232788651240e-04 5.971324860642e+00 1.800000000000e+06 1.067942139302e+05 1.240350000000e+07 4.961400000000e+07 0.000000000000e+00 0.000000000000e+00 0.000000000000e+00 1.382200132924e-04 1.227722961503e-04 2.152648341289e-03 
6.000000000000e-01 5.783692289607e-04 2.101727994459e-03 0.000000000000e+00 1.329971646435e+05 1.329971646435e+05 1.000059713249e+05 5.232788651240e-04 5.971324860642e+00 1.800000000000e+06 1.066457499535e+05 1.240350000000e+07 4.961400000000e+07 0.000000000000e+00 0.000000000000e+00 0.000000000000e+00 1.380278615635e-04 1.226906411483e-04 2.149661390544e-03 
6.050000000000e-01 5.779763142202e-04 2.097067645302e-03 0.000000000000e+00 1.327882240414e+05 1.327882240414e+05 1.000043540394e+05 5.232788651240e-04 4.354039417726e+00 1.800000000000e+06 1.064919146255e+05 1.240350000000e+07 4.961400000000e+07 0.000000000000e+00 0.000000000000e+00 0.000000000000e+00 1.378287578827e-04 1.226072913451e-04 2.146566010449e-03 
6.100000000000e-01 5.775721427630e-04 2.092436275772e-03 0.000000000000e+00 1.325745851952e+05 1.325745851952e+05 1.000043540394e+05 5.232788651240e-04 4.354039417726e+00 1.800000000000e+06 1.063331638265e+05 1.240350000000e+07 4.961400000000e+07 0.000000000000e+00 0.000000000000e+00 0.000000000000e+00 1.376232922799e-04 1.225215536316e-04 2.143371094865e-03 
6.150000000000e-01 5.771595910636e-04 2.087814106144e-03 0.000000000000e+00 1.323561226529e+05 1.323561226529e+05 1.000043540394e+05 5.232788651240e-04 4.354039417726e+00 1.800000000000e+06 1.061697967829e+05 1.240350000000e+07 4.961400000000e+07 0.000000000000e+00 0.000000000000e+00 0.000000000000e+00 1.374118520332e-04 1.224340382004e-04 2.140082837526e-03 
6.200000000000e-01 5.767397459446e-04 2.083216922617e-03 0.000000000000e+00 1.321333882935e+05 1.321333882935e+05 1.000043540394e+05 5.232788651240e-04 4.354039417726e+00 1.800000000000e+06 1.060021388480e+05 1.240350000000e+07 4.961400000000e+07 0.000000000000e+00 0.000000000000e+00 0.000000000000e+00 1.371948582361e-04 1.223449756012e-04 2.136707748814e-03 
6.250000000000e-01 5.763135503141e-04 2.078652327160e-03 0.000000000000e+00 1.319068611919e+05 1.319068611919e+05 1.000043540394e+05 5.232788651240e-04 4.354039417726e+00 1.800000000000e+06 1.058305418662e+05 1.240350000000e+07 4.961400000000e+07 0.000000000000e+00 0.000000000000e+00 0.000000000000e+00 1.369727662684e-04 1.222545658550e-04 2.133252907564e-03 
6.300000000000e-01 5.758818440612e-04 2.074124074372e-03 0.000000000000e+00 1.316769688787e+05 1.316769688787e+05 1.000043540394e+05 5.232788651240e-04 4.354039417726e+00 1.800000000000e+06 1.056553603428e+05 1.240350000000e+07 4.961400000000e+07 0.000000000000e+00 0.000000000000e+00 0.000000000000e+00 1.367460349541e-04 1.221629871294e-04 2.129725463799e-03 
6.350000000000e-01 5.754453087368e-04 2.069627790657e-03 0.000000000000e+00 1.314440574150e+05 1.314440574150e+05 1.000043540394e+05 5.232788651240e-04 4.354039417726e+00 1.800000000000e+06 1.054769347190e+05 1.240350000000e+07 4.961400000000e+07 0.000000000000e+00 0.000000000000e+00 0.000000000000e+00 1.365151049141e-04 1.220703840029e-04 2.126132304053e-03 
6.400000000000e-01 5.750044716407e-04 2.065157619530e-03 0.000000000000e+00 1.312083928719e+05 1.312083928719e+05 1.000043540394e+05 5.232788651240e-04 4.354039417726e+00 1.800000000000e+06 1.052955723941e+05 1.240350000000e+07 4.961400000000e+07 0.000000000000e+00 0.000000000000e+00 0.000000000000e+00 1.362803740046e-04 1.219768683329e-04 2.122479661537e-03 
6.450000000000e-01 5.745597335432e-04 2.060704834620e-03 0.000000000000e+00 1.309701754670e+05 1.309701754670e+05 1.000043540394e+05 5.232788651240e-04 4.354039417726e+00 1.800000000000e+06 1.051115413254e+05 1.240350000000e+07 4.961400000000e+07 0.000000000000e+00 0.000000000000e+00 0.000000000000e+00 1.360421890335e-04 1.218825251355e-04 2.118772979638e-03 
6.500000000000e-01 5.741113483584e-04 2.056257930073e-03 0.000000000000e+00 1.307295280316e+05 1.307295280316e+05 1.000043540394e+05 5.232788651240e-04 4.354039417726e+00 1.800000000000e+06 1.049250638321e+05 1.240350000000e+07 4.961400000000e+07 0.000000000000e+00 0.000000000000e+00 0.000000000000e+00 1.358008377407e-04 1.217874082741e-04 2.115016788319e-03 
6.550000000000e-01 5.736594180943e-04 2.051802985891e-03 0.000000000000e+00 1.304864925443e+05 1.304864925443e+05 1.000043540394e+05 5.232788651240e-04 4.354039417726e+00 1.800000000000e+06 1.047363107622e+05 1.240350000000e+07 4.961400000000e+07 0.000000000000e+00 0.000000000000e+00 0.000000000000e+00 1.355565412487e-04 1.216915393878e-04 2.111214585360e-03 
6.600000000000e-01 5.732038925777e-04 2.047324013226e-03 0.000000000000e+00 1.302410291812e+05 1.302410291812e+05 1.000043540394e+05 5.232788651240e-04 4.354039417726e+00 1.800000000000e+06 1.045453970583e+05 1.240350000000e+07 4.961400000000e+07 0.000000000000e+00 0.000000000000e+00 0.000000000000e+00 1.353094483237e-04 1.215949078333e-04 2.107368745518e-03 
6.650000000000e-01 5.727445744532e-04 2.042803508035e-03 0.000000000000e+00 1.299930181888e+05 1.299930181888e+05 1.000043540394e+05 5.232788651240e-04 4.354039417726e+00 1.800000000000e+06 1.043523788526e+05 1.240350000000e+07 4.961400000000e+07 0.000000000000e+00 0.000000000000e+00 0.000000000000e+00 1.350596316157e-04 1.214974717451e-04 2.103480460249e-03 
6.700000000000e-01 5.722811331568e-04 2.038223297716e-03 0.000000000000e+00 1.297422666245e+05 1.297422666245e+05 1.000043540394e+05 5.232788651240e-04 4.354039417726e+00 1.800000000000e+06 1.041572526342e+05 1.240350000000e+07 4.961400000000e+07 0.000000000000e+00 0.000000000000e+00 0.000000000000e+00 1.348070865806e-04 1.213991610001e-04 2.099549718472e-03 
6.750000000000e-01 5.718131162879e-04 2.033564583735e-03 0.000000000000e+00 1.294885137502e+05 1.294885137502e+05 1.000043540394e+05 5.232788651240e-04 4.354039417726e+00 1.800000000000e+06 1.039599565219e+05 1.240350000000e+07 4.961400000000e+07 0.000000000000e+00 0.000000000000e+00 0.000000000000e+00 1.345517331278e-04 1.212998796296e-04 2.095575330973e-03 
6.800000000000e-01 5.713399642229e-04 2.028808714952e-03 0.000000000000e+00 1.292314382367e+05 1.292314382367e+05 1.000043540394e+05 5.232788651240e-04 4.354039417726e+00 1.800000000000e+06 1.037603724235e+05 1.240350000000e+07 4.961400000000e+07 0.000000000000e+00 0.000000000000e+00 0.000000000000e+00 1.342934184147e-04 1.211995089195e-04 2.091554972538e-03 
6.850000000000e-01 5.708610273246e-04 2.023937392393e-03 0.000000000000e+00 1.289706668516e+05 1.289706668516e+05 1.000043540394e+05 5.232788651240e-04 4.354039417726e+00 1.800000000000e+06 1.035583298682e+05 1.240350000000e+07 4.961400000000e+07 0.000000000000e+00 0.000000000000e+00 0.000000000000e+00 1.340319218068e-04 1.210979110609e-04 2.087485257936e-03 
6.900000000000e-01 5.703755830412e-04 2.018933144947e-03 0.000000000000e+00 1.287057831727e+05 1.287057831727e+05 1.000043540394e+05 5.232788651240e-04 4.354039417726e+00 1.800000000000e+06 1.033536106685e+05 1.240350000000e+07 4.961400000000e+07 0.000000000000e+00 0.000000000000e+00 0.000000000000e+00 1.337669609119e-04 1.209949327775e-04 2.083361834981e-03 
6.950000000000e-01 5.698828583442e-04 2.013779900947e-03 0.000000000000e+00 1.284363393118e+05 1.284363393118e+05 1.000043540394e+05 5.232788651240e-04 4.354039417726e+00 1.800000000000e+06 1.031459547799e+05 1.240350000000e+07 4.961400000000e+07 0.000000000000e+00 0.000000000000e+00 0.000000000000e+00 1.334981991633e-04 1.208904100851e-04 2.079179501246e-03 
7.000000000000e-01 5.693820547009e-04 2.008462700378e-03 0.000000000000e+00 1.281618691555e+05 1.281618691555e+05 1.000043540394e+05 5.232788651240e-04 4.354039417726e+00 1.800000000000e+06 1.029350675661e+05 1.240350000000e+07 4.961400000000e+07 0.000000000000e+00 0.000000000000e+00 0.000000000000e+00 1.332252552234e-04 1.207841725096e-04 2.074932349096e-03 
7.050000000000e-01 5.688732175400e-04 2.002962574379e-03 0.000000000000e+00 1.278816697673e+05 1.278816697673e+05 1.000036576396e+05 5.232788651240e-04 3.657639625593e+00 1.800000000000e+06 1.027205658737e+05 1.240350000000e+07 4.961400000000e+07 0.000000000000e+00 0.000000000000e+00 0.000000000000e+00 1.329476331905e-04 1.206762319332e-04 2.070612727583e-03 
7.100000000000e-01 5.683539629824e-04 1.997288382291e-03 0.000000000000e+00 1.275957879456e+05 1.275957879456e+05 1.000036576396e+05 5.232788651240e-04 3.657639625593e+00 1.800000000000e+06 1.025022051024e+05 1.240350000000e+07 4.961400000000e+07 0.000000000000e+00 0.000000000000e+00 0.000000000000e+00 1.326650164868e-04 1.205660814889e-04 2.066215593227e-03 
7.150000000000e-01 5.678241566443e-04 1.991416493414e-03 0.000000000000e+00 1.273034110486e+05 1.273034110486e+05 1.000036576396e+05 5.232788651240e-04 3.657639625593e+00 1.800000000000e+06 1.022796166496e+05 1.240350000000e+07 4.961400000000e+07 0.000000000000e+00 0.000000000000e+00 0.000000000000e+00 1.323769280430e-04 1.204536926697e-04 2.061733629524e-03 
7.200000000000e-01 5.672831265443e-04 1.985342598329e-03 0.000000000000e+00 1.270041233060e+05 1.270041233060e+05 1.000036576396e+05 5.232788651240e-04 3.657639625593e+00 1.800000000000e+06 1.020524300032e+05 1.240350000000e+07 4.961400000000e+07 0.000000000000e+00 0.000000000000e+00 0.000000000000e+00 1.320828883180e-04 1.203389229268e-04 2.057159353423e-03 
7.250000000000e-01 5.667302212471e-04 1.979063686532e-03 0.000000000000e+00 1.266975155680e+05 1.266975155680e+05 1.000036576396e+05 5.232788651240e-04 3.657639625593e+00 1.800000000000e+06 1.018202872699e+05 1.240350000000e+07 4.961400000000e+07 0.000000000000e+00 0.000000000000e+00 0.000000000000e+00 1.317824341033e-04 1.202216340700e-04 2.052485539218e-03 
7.300000000000e-01 5.661648458583e-04 1.972578272638e-03 0.000000000000e+00 1.263832052474e+05 1.263832052474e+05 1.000036576396e+05 5.232788651240e-04 3.657639625593e+00 1.800000000000e+06 1.015828439017e+05 1.240350000000e+07 4.961400000000e+07 0.000000000000e+00 0.000000000000e+00 0.000000000000e+00 1.314751194625e-04 1.201016999034e-04 2.047705227098e-03 
7.350000000000e-01 5.655864813005e-04 1.965886745303e-03 0.000000000000e+00 1.260608472401e+05 1.260608472401e+05 1.000036576396e+05 5.232788651240e-04 3.657639625593e+00 1.800000000000e+06 1.013397730267e+05 1.240350000000e+07 4.961400000000e+07 0.000000000000e+00 0.000000000000e+00 0.000000000000e+00 1.311605213364e-04 1.199790103140e-04 2.042811808653e-03 
7.400000000000e-01 5.649946950844e-04 1.958991493655e-03 0.000000000000e+00 1.257301402753e+05 1.257301402753e+05 1.000036576396e+05 5.232788651240e-04 3.657639625593e+00 1.800000000000e+06 1.010907702792e+05 1.240350000000e+07 4.961400000000e+07 0.000000000000e+00 0.000000000000e+00 0.000000000000e+00 1.308382457954e-04 1.198534735570e-04 2.037799124149e-03 
7.450000000000e-01 5.643891503041e-04 1.951896826057e-03 0.000000000000e+00 1.253908324010e+05 1.253908324010e+05 1.000036576396e+05 5.232788651240e-04 3.657639625593e+00 1.800000000000e+06 1.008355587005e+05 1.240350000000e+07 4.961400000000e+07 0.000000000000e+00 0.000000000000e+00 0.000000000000e+00 1.305079343815e-04 1.197250181640e-04 2.032661561475e-03 
7.500000000000e-01 5.637696104470e-04 1.944608809464e-03 0.000000000000e+00 1.250427242419e+05 1.250427242419e+05 1.000036576396e+05 5.232788651240e-04 3.657639625593e+00 1.800000000000e+06 1.005738931262e+05 1.240350000000e+07 4.961400000000e+07 0.000000000000e+00 0.000000000000e+00 0.000000000000e+00 1.301692697870e-04 1.195935939631e-04 2.027394145289e-03 
7.550000000000e-01 5.631359422764e-04 1.937135131864e-03 0.000000000000e+00 1.246856712671e+05 1.246856712671e+05 1.000036576396e+05 5.232788651240e-04 3.657639625593e+00 1.800000000000e+06 1.003055638351e+05 1.240350000000e+07 4.961400000000e+07 0.000000000000e+00 0.000000000000e+00 0.000000000000e+00 1.298219805770e-04 1.194591726907e-04 2.021992611283e-03 
7.600000000000e-01 5.624881169941e-04 1.929484928697e-03 0.000000000000e+00 1.243195851718e+05 1.243195851718e+05 1.000036576396e+05 5.232788651240e-04 3.657639625593e+00 1.800000000000e+06 1.000303994859e+05 1.240350000000e+07 4.961400000000e+07 0.000000000000e+00 0.000000000000e+00 0.000000000000e+00 1.294658449906e-04 1.193217482378e-04 2.016453466107e-03 
7.650000000000e-01 5.618262049027e-04 1.921668200363e-03 0.000000000000e+00 1.239444316436e+05 1.239444316436e+05 1.000036576396e+05 5.232788651240e-04 3.657639625593e+00 1.800000000000e+06 9.974826909019e+04 1.240350000000e+07 4.961400000000e+07 0.000000000000e+00 0.000000000000e+00 0.000000000000e+00 1.291006934940e-04 1.191813355179e-04 2.010774028590e-03 
7.700000000000e-01 5.611503733546e-04 1.913696085128e-03 0.000000000000e+00 1.235602300089e+05 1.235602300089e+05 1.000036576396e+05 5.232788651240e-04 3.657639625593e+00 1.800000000000e+06 9.945908264524e+04 1.240350000000e+07 4.961400000000e+07 0.000000000000e+00 0.000000000000e+00 0.000000000000e+00 1.287264095998e-04 1.190379700320e-04 2.004952442920e-03 
7.750000000000e-01 5.604608866507e-04 1.905580624153e-03 0.000000000000e+00 1.231670540340e+05 1.231670540340e+05 1.000036576396e+05 5.232788651240e-04 3.657639625593e+00 1.800000000000e+06 9.916279201118e+04 1.240350000000e+07 4.961400000000e+07 0.000000000000e+00 0.000000000000e+00 0.000000000000e+00 1.283429310023e-04 1.188917078468e-04 1.998987696382e-03 
7.800000000000e-01 5.597581024668e-04 1.897334697634e-03 0.000000000000e+00 1.227650307960e+05 1.227650307960e+05 1.000036576396e+05 5.232788651240e-04 3.657639625593e+00 1.800000000000e+06 9.885939125287e+04 1.240350000000e+07 4.961400000000e+07 0.000000000000e+00 0.000000000000e+00 0.000000000000e+00 1.279502500199e-04 1.187426248371e-04 1.992879626754e-03 
7.850000000000e-01 5.590424677982e-04 1.888971847168e-03 0.000000000000e+00 1.223543392995e+05 1.223543392995e+05 1.000036576396e+05 5.232788651240e-04 3.657639625593e+00 1.800000000000e+06 9.854891661832e+04 1.240350000000e+07 4.961400000000e+07 0.000000000000e+00 0.000000000000e+00 0.000000000000e+00 1.275484135670e-04 1.185908158249e-04 1.986628922294e-03 
7.900000000000e-01 5.583145120678e-04 1.880506019010e-03 0.000000000000e+00 1.219352074651e+05 1.219352074651e+05 1.000036576396e+05 5.232788651240e-04 3.657639625593e+00 1.800000000000e+06 9.823144593461e+04 1.240350000000e+07 4.961400000000e+07 0.000000000000e+00 0.000000000000e+00 0.000000000000e+00 1.271375223726e-04 1.184363931180e-04 1.980237110279e-03 
7.950000000000e-01 5.575748403643e-04 1.871951478540e-03 0.000000000000e+00 1.215079091675e+05 1.215079091675e+05 1.000036576396e+05 5.232788651240e-04 3.657639625593e+00 1.800000000000e+06 9.790709736178e+04 1.240350000000e+07 4.961400000000e+07 0.000000000000e+00 0.000000000000e+00 0.000000000000e+00 1.267177293669e-04 1.182794850753e-04 1.973706532340e-03 
8.000000000000e-01 5.568241281635e-04 1.863322774620e-03 0.000000000000e+00 1.210727620988e+05 1.210727620988e+05 1.000036576396e+05 5.232788651240e-04 3.657639625593e+00 1.800000000000e+06 9.757602791858e+04 1.240350000000e+07 4.961400000000e+07 0.000000000000e+00 0.000000000000e+00 0.000000000000e+00 1.262892377740e-04 1.181202349870e-04 1.967040314844e-03 
8.050000000000e-01 5.560642796378e-04 1.854623713802e-03 0.000000000000e+00 1.206298201111e+05 1.206298201111e+05 1.000026741819e+05 5.232788651240e-04 2.674181942136e+00 1.800000000000e+06 9.723834686472e+04 1.240350000000e+07 4.961400000000e+07 0.000000000000e+00 0.000000000000e+00 0.000000000000e+00 1.258521890049e-04 1.179590467892e-04 1.960240687010e-03 
8.100000000000e-01 5.552939348853e-04 1.845897098106e-03 0.000000000000e+00 1.201801929484e+05 1.201801929484e+05 1.000026741819e+05 5.232788651240e-04 2.674181942136e+00 1.800000000000e+06 9.689441964152e+04 1.240350000000e+07 4.961400000000e+07 0.000000000000e+00 0.000000000000e+00 0.000000000000e+00 1.254070560373e-04 1.177956320034e-04 1.953314805418e-03 
8.150000000000e-01 5.545148006397e-04 1.837135091053e-03 0.000000000000e+00 1.197238268749e+05 1.197238268749e+05 1.000026741819e+05 5.232788651240e-04 2.674181942136e+00 1.800000000000e+06 9.654448402689e+04 1.240350000000e+07 4.961400000000e+07 0.000000000000e+00 0.000000000000e+00 0.000000000000e+00 1.249541466191e-04 1.176303526827e-04 1.946267575756e-03 
8.200000000000e-01 5.537278386131e-04 1.828355089883e-03 0.000000000000e+00 1.192612258034e+05 1.192612258034e+05 1.000026741819e+05 5.232788651240e-04 2.674181942136e+00 1.800000000000e+06 9.618881262692e+04 1.240350000000e+07 4.961400000000e+07 0.000000000000e+00 0.000000000000e+00 0.000000000000e+00 1.244938135746e-04 1.174634128372e-04 1.939104440700e-03 
8.250000000000e-01 5.529339886592e-04 1.819571992334e-03 0.000000000000e+00 1.187928877925e+05 1.187928877925e+05 1.000026741819e+05 5.232788651240e-04 2.674181942136e+00 1.800000000000e+06 9.582771884506e+04 1.240350000000e+07 4.961400000000e+07 0.000000000000e+00 0.000000000000e+00 0.000000000000e+00 1.240264625310e-04 1.172950118402e-04 1.931831683320e-03 
8.300000000000e-01 5.521341980215e-04 1.810799580565e-03 0.000000000000e+00 1.183193224298e+05 1.183193224298e+05 1.000026741819e+05 5.232788651240e-04 2.674181942136e+00 1.800000000000e+06 9.546154501433e+04 1.240350000000e+07 4.961400000000e+07 0.000000000000e+00 0.000000000000e+00 0.000000000000e+00 1.235525365580e-04 1.171253506324e-04 1.924456177681e-03 
8.350000000000e-01 5.513294248582e-04 1.802050824670e-03 0.000000000000e+00 1.178410532576e+05 1.178410532576e+05 1.000026741819e+05 5.232788651240e-04 2.674181942136e+00 1.800000000000e+06 9.509065654750e+04 1.240350000000e+07 4.961400000000e+07 0.000000000000e+00 0.000000000000e+00 0.000000000000e+00 1.230725085965e-04 1.169546324702e-04 1.916985267779e-03 
8.400000000000e-01 5.505206354172e-04 1.793338119081e-03 0.000000000000e+00 1.173586164340e+05 1.173586164340e+05 1.000026741819e+05 5.232788651240e-04 2.674181942136e+00 1.800000000000e+06 9.471543787215e+04 1.240350000000e+07 4.961400000000e+07 0.000000000000e+00 0.000000000000e+00 0.000000000000e+00 1.225868761976e-04 1.167830623258e-04 1.909426684420e-03 
8.450000000000e-01 5.497087996999e-04 1.784673275748e-03 0.000000000000e+00 1.168725584340e+05 1.168725584340e+05 1.000026741819e+05 5.232788651240e-04 2.674181942136e+00 1.800000000000e+06 9.433628925966e+04 1.240350000000e+07 4.961400000000e+07 0.000000000000e+00 0.000000000000e+00 0.000000000000e+00 1.220961574187e-04 1.166108459677e-04 1.901788480766e-03 
8.500000000000e-01 5.488948851616e-04 1.776067455694e-03 0.000000000000e+00 1.163834324907e+05 1.163834324907e+05 1.000026741819e+05 5.232788651240e-04 2.674181942136e+00 1.800000000000e+06 9.395362387625e+04 1.240350000000e+07 4.961400000000e+07 0.000000000000e+00 0.000000000000e+00 0.000000000000e+00 1.216008870062e-04 1.164381886243e-04 1.894078972848e-03 
8.550000000000e-01 5.480798491251e-04 1.767531016941e-03 0.000000000000e+00 1.158917941519e+05 1.158917941519e+05 1.000026741819e+05 5.232788651240e-04 2.674181942136e+00 1.800000000000e+06 9.356786475631e+04 1.240350000000e+07 4.961400000000e+07 0.000000000000e+00 0.000000000000e+00 0.000000000000e+00 1.211016124788e-04 1.162652933746e-04 1.886306678767e-03 
8.600000000000e-01 5.472646326882e-04 1.759073563841e-03 0.000000000000e+00 1.153981976168e+05 1.153981976168e+05 1.000026741819e+05 5.232788651240e-04 2.674181942136e+00 1.800000000000e+06 9.317944163965e+04 1.240350000000e+07 4.961400000000e+07 0.000000000000e+00 0.000000000000e+00 0.000000000000e+00 1.205988900337e-04 1.160923598556e-04 1.878480254866e-03 
8.650000000000e-01 5.464501575954e-04 1.750704067015e-03 0.000000000000e+00 1.149031937680e+05 1.149031937680e+05 1.000026741819e+05 5.232788651240e-04 2.674181942136e+00 1.800000000000e+06 9.278878814461e+04 1.240350000000e+07 4.961400000000e+07 0.000000000000e+00 0.000000000000e+00 0.000000000000e+00 1.200932808880e-04 1.159195835990e-04 1.870608438260e-03 
8.700000000000e-01 5.456373212041e-04 1.742430691767e-03 0.000000000000e+00 1.144073269707e+05 1.144073269707e+05 1.000026741819e+05 5.232788651240e-04 2.674181942136e+00 1.800000000000e+06 9.239633927283e+04 1.240350000000e+07 4.961400000000e+07 0.000000000000e+00 0.000000000000e+00 0.000000000000e+00 1.195853480489e-04 1.157471549632e-04 1.862699996548e-03 
8.750000000000e-01 5.448269866678e-04 1.734260428839e-03 0.000000000000e+00 1.139111288435e+05 1.139111288435e+05 1.000026741819e+05 5.232788651240e-04 2.674181942136e+00 1.800000000000e+06 9.200252846516e+04 1.240350000000e+07 4.961400000000e+07 0.000000000000e+00 0.000000000000e+00 0.000000000000e+00 1.190756525040e-04 1.155752570505e-04 1.854763669267e-03 
8.800000000000e-01 5.440199865947e-04 1.726200106409e-03 0.000000000000e+00 1.134151201669e+05 1.134151201669e+05 1.000026741819e+05 5.232788651240e-04 2.674181942136e+00 1.800000000000e+06 9.160778469876e+04 1.240350000000e+07 4.961400000000e+07 0.000000000000e+00 0.000000000000e+00 0.000000000000e+00 1.185647494631e-04 1.154040664842e-04 1.846808107722e-03 
8.850000000000e-01 5.432171178396e-04 1.718255375456e-03 0.000000000000e+00 1.129198073391e+05 1.129198073391e+05 1.000026741819e+05 5.232788651240e-04 2.674181942136e+00 1.800000000000e+06 9.121253113589e+04 1.240350000000e+07 4.961400000000e+07 0.000000000000e+00 0.000000000000e+00 0.000000000000e+00 1.180531866106e-04 1.152337523025e-04 1.838841848195e-03 
8.900000000000e-01 5.424191313700e-04 1.710430866530e-03 0.000000000000e+00 1.124256756834e+05 1.124256756834e+05 1.000026741819e+05 5.232788651240e-04 2.674181942136e+00 1.800000000000e+06 9.081718207388e+04 1.240350000000e+07 4.961400000000e+07 0.000000000000e+00 0.000000000000e+00 0.000000000000e+00 1.175415001569e-04 1.150644738098e-04 1.830873251468e-03 
8.950000000000e-01 5.416267328839e-04 1.702730471580e-03 0.000000000000e+00 1.119331892928e+05 1.119331892928e+05 1.000026741819e+05 5.232788651240e-04 2.674181942136e+00 1.800000000000e+06 9.042214029280e+04 1.240350000000e+07 4.961400000000e+07 0.000000000000e+00 0.000000000000e+00 0.000000000000e+00 1.170302114061e-04 1.148963807073e-04 1.822910448365e-03 
9.000000000000e-01 5.408405840606e-04 1.695157470455e-03 0.000000000000e+00 1.114427912627e+05 1.114427912627e+05 1.000026741819e+05 5.232788651240e-04 2.674181942136e+00 1.800000000000e+06 9.002779533891e+04 1.240350000000e+07 4.961400000000e+07 0.000000000000e+00 0.000000000000e+00 0.000000000000e+00 1.165198245343e-04 1.147296133584e-04 1.814961304391e-03 
9.050000000000e-01 5.400616410645e-04 1.687703611997e-03 0.000000000000e+00 1.109546543534e+05 1.109546543534e+05 1.000022130777e+05 5.232788651240e-04 2.213077690535e+00 1.800000000000e+06 8.963445056607e+04 1.240350000000e+07 4.961400000000e+07 0.000000000000e+00 0.000000000000e+00 0.000000000000e+00 1.160107321619e-04 1.145643745962e-04 1.807031998784e-03 
9.100000000000e-01 5.392899398873e-04 1.680400654107e-03 0.000000000000e+00 1.104697640844e+05 1.104697640844e+05 1.000022130777e+05 5.232788651240e-04 2.213077690535e+00 1.800000000000e+06 8.924258232028e+04 1.240350000000e+07 4.961400000000e+07 0.000000000000e+00 0.000000000000e+00 0.000000000000e+00 1.155035508068e-04 1.144006720557e-04 1.799132010812e-03 
9.150000000000e-01 5.385260947429e-04 1.673223809422e-03 0.000000000000e+00 1.099880882199e+05 1.099880882199e+05 1.000022130777e+05 5.232788651240e-04 2.213077690535e+00 1.800000000000e+06 8.885250989872e+04 1.240350000000e+07 4.961400000000e+07 0.000000000000e+00 0.000000000000e+00 0.000000000000e+00 1.149986937241e-04 1.142386360314e-04 1.791267910558e-03 
9.200000000000e-01 5.377706367108e-04 1.666179050771e-03 0.000000000000e+00 1.095100083693e+05 1.095100083693e+05 1.000022130777e+05 5.232788651240e-04 2.213077690535e+00 1.800000000000e+06 8.846453888081e+04 1.240350000000e+07 4.961400000000e+07 0.000000000000e+00 0.000000000000e+00 0.000000000000e+00 1.144965564146e-04 1.140783791822e-04 1.783445858551e-03 
9.250000000000e-01 5.370240132522e-04 1.659267368230e-03 0.000000000000e+00 1.090358575619e+05 1.090358575619e+05 1.000022130777e+05 5.232788651240e-04 2.213077690535e+00 1.800000000000e+06 8.807896786850e+04 1.240350000000e+07 4.961400000000e+07 0.000000000000e+00 0.000000000000e+00 0.000000000000e+00 1.139975253483e-04 1.139199964291e-04 1.775671885950e-03 
9.300000000000e-01 5.362866051944e-04 1.652488308518e-03 0.000000000000e+00 1.085659300780e+05 1.085659300780e+05 1.000022130777e+05 5.232788651240e-04 2.213077690535e+00 1.800000000000e+06 8.769607934323e+04 1.240350000000e+07 4.961400000000e+07 0.000000000000e+00 0.000000000000e+00 0.000000000000e+00 1.135019661312e-04 1.137635685577e-04 1.767951704965e-03 
9.350000000000e-01 5.355587393974e-04 1.645840707943e-03 0.000000000000e+00 1.081004887492e+05 1.081004887492e+05 1.000022130777e+05 5.232788651240e-04 2.213077690535e+00 1.800000000000e+06 8.731613596199e+04 1.240350000000e+07 4.961400000000e+07 0.000000000000e+00 0.000000000000e+00 0.000000000000e+00 1.130102187108e-04 1.136091649054e-04 1.760290630387e-03 
9.400000000000e-01 5.348406964390e-04 1.639323022740e-03 0.000000000000e+00 1.076397692327e+05 1.076397692327e+05 1.000022130777e+05 5.232788651240e-04 2.213077690535e+00 1.800000000000e+06 8.693937951163e+04 1.240350000000e+07 4.961400000000e+07 0.000000000000e+00 0.000000000000e+00 0.000000000000e+00 1.125225960236e-04 1.134568449919e-04 1.752693556714e-03 
9.450000000000e-01 5.341327097247e-04 1.632933081623e-03 0.000000000000e+00 1.071839788649e+05 1.071839788649e+05 1.000022130777e+05 5.232788651240e-04 2.213077690535e+00 1.800000000000e+06 8.656603049938e+04 1.240350000000e+07 4.961400000000e+07 0.000000000000e+00 0.000000000000e+00 0.000000000000e+00 1.120393834643e-04 1.133066583300e-04 1.745164950057e-03 
9.500000000000e-01 5.334349717313e-04 1.626668586687e-03 0.000000000000e+00 1.067333001296e+05 1.067333001296e+05 1.000022130777e+05 5.232788651240e-04 2.213077690535e+00 1.800000000000e+06 8.619628819523e+04 1.240350000000e+07 4.961400000000e+07 0.000000000000e+00 0.000000000000e+00 0.000000000000e+00 1.115608389410e-04 1.131586457500e-04 1.737708847978e-03 
9.550000000000e-01 5.327476307418e-04 1.620526590153e-03 0.000000000000e+00 1.062878880437e+05 1.062878880437e+05 1.000022130777e+05 5.232788651240e-04 2.213077690535e+00 1.800000000000e+06 8.583033079491e+04 1.240350000000e+07 4.961400000000e+07 0.000000000000e+00 0.000000000000e+00 0.000000000000e+00 1.110871930863e-04 1.130128387076e-04 1.730328863578e-03 
9.600000000000e-01 5.320707943390e-04 1.614503986378e-03 0.000000000000e+00 1.058478719150e+05 1.058478719150e+05 1.000022130777e+05 5.232788651240e-04 2.213077690535e+00 1.800000000000e+06 8.546831520439e+04 1.240350000000e+07 4.961400000000e+07 0.000000000000e+00 0.000000000000e+00 0.000000000000e+00 1.106186489780e-04 1.128692600245e-04 1.723028180596e-03 
9.650000000000e-01 5.314045346543e-04 1.608597561476e-03 0.000000000000e+00 1.054133583036e+05 1.054133583036e+05 1.000022130777e+05 5.232788651240e-04 2.213077690535e+00 1.800000000000e+06 8.511037777118e+04 1.240350000000e+07 4.961400000000e+07 0.000000000000e+00 0.000000000000e+00 0.000000000000e+00 1.101553830860e-04 1.127279250022e-04 1.715809567464e-03 
9.700000000000e-01 5.307488885149e-04 1.602803801279e-03 0.000000000000e+00 1.049844307165e+05 1.049844307165e+05 1.000022130777e+05 5.232788651240e-04 2.213077690535e+00 1.800000000000e+06 8.475663507468e+04 1.240350000000e+07 4.961400000000e+07 0.000000000000e+00 0.000000000000e+00 0.000000000000e+00 1.096975462949e-04 1.125888414528e-04 1.708675393630e-03 
9.750000000000e-01 5.301038584435e-04 1.597118963764e-03 0.000000000000e+00 1.045611498777e+05 1.045611498777e+05 1.000022130777e+05 5.232788651240e-04 2.213077690535e+00 1.800000000000e+06 8.440718434505e+04 1.240350000000e+07 4.961400000000e+07 0.000000000000e+00 0.000000000000e+00 0.000000000000e+00 1.092452644463e-04 1.124520099116e-04 1.701627638104e-03 
9.800000000000e-01 5.294694158501e-04 1.591539246839e-03 0.000000000000e+00 1.041435554673e+05 1.041435554673e+05 1.000022130777e+05 5.232788651240e-04 2.213077690535e+00 1.800000000000e+06 8.406210402942e+04 1.240350000000e+07 4.961400000000e+07 0.000000000000e+00 0.000000000000e+00 0.000000000000e+00 1.087986390716e-04 1.123174243135e-04 1.694667900544e-03 
9.850000000000e-01 5.288455035428e-04 1.586060699059e-03 0.000000000000e+00 1.037316674605e+05 1.037316674605e+05 1.000022130777e+05 5.232788651240e-04 2.213077690535e+00 1.800000000000e+06 8.372145468809e+04 1.240350000000e+07 4.961400000000e+07 0.000000000000e+00 0.000000000000e+00 0.000000000000e+00 1.083577485519e-04 1.121850725265e-04 1.687797419236e-03 
9.900000000000e-01 5.282320454802e-04 1.580680013722e-03 0.000000000000e+00 1.033254923092e+05 1.033254923092e+05 1.000022130777e+05 5.232788651240e-04 2.213077690535e+00 1.800000000000e+06 8.338528029292e+04 1.240350000000e+07 4.961400000000e+07 0.000000000000e+00 0.000000000000e+00 0.000000000000e+00 1.079226497983e-04 1.120549384197e-04 1.681017095890e-03 
9.950000000000e-01 5.276289320944e-04 1.575391882077e-03 0.000000000000e+00 1.029250130022e+05 1.029250130022e+05 1.000022130777e+05 5.232788651240e-04 2.213077690535e+00 1.800000000000e+06 8.305360945925e+04 1.240350000000e+07 4.961400000000e+07 0.000000000000e+00 0.000000000000e+00 0.000000000000e+00 1.074933798468e-04 1.119269977402e-04 1.674327523863e-03 
1.000000000000e+00 5.270360108214e-04 1.570192187639e-03 0.000000000000e+00 1.025301824384e+05 1.025301824384e+05 1.000022130777e+05 5.232788651240e-04 2.213077690535e+00 1.800000000000e+06 8.272645280013e+04 1.240350000000e+07 4.961400000000e+07 0.000000000000e+00 0.000000000000e+00 0.000000000000e+00 1.070699524334e-04 1.118012205905e-04 1.667728936224e-03 
