0.000000000000e+00 5.232788651240e-04 0.000000000000e+00 0.000000000000e+00 1.000000000000e+05 1.000000000000e+05 1.000000000000e+05 5.232788651240e-04 0.000000000000e+00 1.800000000000e+06 1.000000000000e+05 6.201750000000e+06 2.480700000000e+07 0.000000000000e+00 0.000000000000e+00 0.000000000000e+00 2.588530000000e-04 7.849182976860e-05 0.000000000000e+00 
5.000000000000e-03 5.385600593971e-04 2.956591919067e-03 0.000000000000e+00 1.100073295398e+05 1.100073295398e+05 1.000000000000e+05 5.232788651240e-04 0.000000000000e+00 1.800000000000e+06 1.000000000000e+05 6.201750000000e+06 2.480700000000e+07 0.000000000000e+00 0.000000000000e+00 0.000000000000e+00 2.588530000000e-04 8.078400890941e-05 0.000000000000e+00 
1.000000000000e-02 5.417755659987e-04 3.050943951200e-03 0.000000000000e+00 1.120231552583e+05 1.120231552583e+05 1.000000000000e+05 5.232788651240e-04 0.000000000000e+00 1.800000000000e+06 1.000000000000e+05 6.201750000000e+06 2.480700000000e+07 0.000000000000e+00 0.000000000000e+00 0.000000000000e+00 2.588530000000e-04 8.126633489908e-05 0.000000000000e+00 
1.500000000000e-02 5.416303519694e-04 3.065635786992e-03 0.000000000000e+00 1.119327685461e+05 1.119327685461e+05 1.000000000000e+05 5.232788651240e-04 0.000000000000e+00 1.800000000000e+06 1.000000000000e+05 6.201750000000e+06 2.480700000000e+07 0.000000000000e+00 0.000000000000e+00 0.000000000000e+00 2.588530000000e-04 8.124455279474e-05 0.000000000000e+00 
2.000000000000e-02 5.405414096489e-04 3.062116520645e-03 0.000000000000e+00 1.112530209986e+05 1.112530209986e+05 1.000000000000e+05 5.232788651240e-04 0.000000000000e+00 1.800000000000e+06 1.000000000000e+05 6.201750000000e+06 2.480700000000e+07 0.000000000000e+00 0.000000000000e+00 0.000000000000e+00 2.588530000000e-04 8.108121144691e-05 0.000000000000e+00 
2.500000000000e-02 5.392143349628e-04 3.054655262782e-03 0.000000000000e+00 1.104199515436e+05 1.104199515436e+05 1.000000000000e+05 5.232788651240e-04 0.000000000000e+00 1.800000000000e+06 1.000000000000e+05 6.201750000000e+06 2.480700000000e+07 0.000000000000e+00 0.000000000000e+00 0.000000000000e+00 2.588530000000e-04 8.088215024419e-05 0.000000000000e+00 
3.000000000000e-02 5.378582214847e-04 3.045587878923e-03 0.000000000000e+00 1.095633084799e+05 1.095633084799e+05 1.000000000000e+05 5.232788651240e-04 0.000000000000e+00 1.800000000000e+06 1.000000000000e+05 6.201750000000e+06 2.480700000000e+07 0.000000000000e+00 0.000000000000e+00 0.000000000000e+00 2.588530000000e-04 8.067873322259e-05 0.000000000000e+00 
3.500000000000e-02 5.365344495696e-04 3.036144898904e-03 0.000000000000e+00 1.087218416775e+05 1.087218416775e+05 1.000000000000e+05 5.232788651240e-04 0.000000000000e+00 1.800000000000e+06 1.000000000000e+05 6.201750000000e+06 2.480700000000e+07 0.000000000000e+00 0.000000000000e+00 0.000000000000e+00 2.588530000000e-04 8.048016743539e-05 0.000000000000e+00 
4.000000000000e-02 5.352590617356e-04 3.026687732911e-03 0.000000000000e+00 1.079061815422e+05 1.079061815422e+05 1.000000000000e+05 5.232788651240e-04 0.000000000000e+00 1.800000000000e+06 1.000000000000e+05 6.201750000000e+06 2.480700000000e+07 0.000000000000e+00 0.000000000000e+00 0.000000000000e+00 2.588530000000e-04 8.028885926031e-05 0.000000000000e+00 
4.500000000000e-02 5.340347406678e-04 3.017355377046e-03 0.000000000000e+00 1.071185753923e+05 1.071185753923e+05 1.000000000000e+05 5.232788651240e-04 0.000000000000e+00 1.800000000000e+06 1.000000000000e+05 6.201750000000e+06 2.480700000000e+07 0.000000000000e+00 0.000000000000e+00 0.000000000000e+00 2.588530000000e-04 8.010521110016e-05 0.000000000000e+00 
5.000000000000e-02 5.328638306131e-04 3.009094979575e-03 0.000000000000e+00 1.063610763105e+05 1.063610763105e+05 1.000000000000e+05 5.232788651240e-04 0.000000000000e+00 1.800000000000e+06 1.000000000000e+05 6.201750000000e+06 2.480700000000e+07 0.000000000000e+00 0.000000000000e+00 0.000000000000e+00 2.588530000000e-04 7.992957459197e-05 0.000000000000e+00 
5.500000000000e-02 5.317730366894e-04 3.008268678281e-03 0.000000000000e+00 1.056516394160e+05 1.056516394160e+05 1.000000000000e+05 5.232788651240e-04 0.000000000000e+00 1.800000000000e+06 1.000000000000e+05 6.201750000000e+06 2.480700000000e+07 0.000000000000e+00 0.000000000000e+00 0.000000000000e+00 2.588530000000e-04 7.976595550341e-05 0.000000000000e+00 
6.000000000000e-02 5.308359577563e-04 3.026577187415e-03 0.000000000000e+00 1.050392553475e+05 1.050392553475e+05 1.000000000000e+05 5.232788651240e-04 0.000000000000e+00 1.800000000000e+06 1.000000000000e+05 6.201750000000e+06 2.480700000000e+07 0.000000000000e+00 0.000000000000e+00 0.000000000000e+00 2.588530000000e-04 7.962539366345e-05 0.000000000000e+00 
6.500000000000e-02 5.301612894862e-04 3.075012649578e-03 0.000000000000e+00 1.045966764869e+05 1.045966764869e+05 1.000000000000e+05 5.232788651240e-04 0.000000000000e+00 1.800000000000e+06 1.000000000000e+05 6.201750000000e+06 2.480700000000e+07 0.000000000000e+00 0.000000000000e+00 0.000000000000e+00 2.588530000000e-04 7.952419342293e-05 0.000000000000e+00 
7.000000000000e-02 5.298600990417e-04 3.158100381807e-03 0.000000000000e+00 1.043986409541e+05 1.043986409541e+05 1.000000000000e+05 5.232788651240e-04 0.000000000000e+00 1.800000000000e+06 1.000000000000e+05 6.201750000000e+06 2.480700000000e+07 0.000000000000e+00 0.000000000000e+00 0.000000000000e+00 2.588530000000e-04 7.947901485625e-05 0.000000000000e+00 
7.500000000000e-02 5.300227156917e-04 3.274864025517e-03 0.000000000000e+00 1.045055979550e+05 1.045055979550e+05 1.000000000000e+05 5.232788651240e-04 0.000000000000e+00 1.800000000000e+06 1.000000000000e+05 6.201750000000e+06 2.480700000000e+07 0.000000000000e+00 0.000000000000e+00 0.000000000000e+00 2.588530000000e-04 7.950340735376e-05 0.000000000000e+00 
8.000000000000e-02 5.307174976954e-04 3.423887239343e-03 0.000000000000e+00 1.049616482460e+05 1.049616482460e+05 1.000000000000e+05 5.232788651240e-04 0.000000000000e+00 1.800000000000e+06 1.000000000000e+05 6.201750000000e+06 2.480700000000e+07 0.000000000000e+00 0.000000000000e+00 0.000000000000e+00 2.588530000000e-04 7.960762465431e-05 0.000000000000e+00 
8.500000000000e-02 5.319797718638e-04 3.599972450022e-03 0.000000000000e+00 1.057863773347e+05 1.057863773347e+05 1.000000000000e+05 5.232788651240e-04 0.000000000000e+00 1.800000000000e+06 1.000000000000e+05 6.201750000000e+06 2.480700000000e+07 0.000000000000e+00 0.000000000000e+00 0.000000000000e+00 2.588530000000e-04 7.979696577957e-05 0.000000000000e+00 
9.000000000000e-02 5.338091132384e-04 3.794366349184e-03 0.000000000000e+00 1.069729341469e+05 1.069729341469e+05 1.000000000000e+05 5.232788651240e-04 0.000000000000e+00 1.800000000000e+06 1.000000000000e+05 6.201750000000e+06 2.480700000000e+07 0.000000000000e+00 0.000000000000e+00 0.000000000000e+00 2.588530000000e-04 8.007136698575e-05 0.000000000000e+00 
9.500000000000e-02 5.361755175117e-04 3.998067521070e-03 0.000000000000e+00 1.084927834655e+05 1.084927834655e+05 1.000000000000e+05 5.232788651240e-04 0.000000000000e+00 1.800000000000e+06 1.000000000000e+05 6.201750000000e+06 2.480700000000e+07 0.000000000000e+00 0.000000000000e+00 0.000000000000e+00 2.588530000000e-04 8.042632762671e-05 0.000000000000e+00 
1.000000000000e-01 5.390259361154e-04 4.201973771303e-03 0.000000000000e+00 1.103012660442e+05 1.103012660442e+05 1.000000000000e+05 5.232788651240e-04 0.000000000000e+00 1.800000000000e+06 1.000000000000e+05 6.201750000000e+06 2.480700000000e+07 0.000000000000e+00 0.000000000000e+00 0.000000000000e+00 2.588530000000e-04 8.085389041710e-05 0.000000000000e+00 
1.050000000000e-01 5.422969882731e-04 4.399759803360e-03 0.000000000000e+00 1.123472060366e+05 1.123472060366e+05 1.000000000000e+05 5.232788651240e-04 0.000000000000e+00 1.800000000000e+06 1.000000000000e+05 6.201750000000e+06 2.480700000000e+07 0.000000000000e+00 0.000000000000e+00 0.000000000000e+00 2.588530000000e-04 8.134454824007e-05 0.000000000000e+00 
1.100000000000e-01 5.459217195875e-04 4.586208170884e-03 0.000000000000e+00 1.145783603839e+05 1.145783603839e+05 1.000000000000e+05 5.232788651240e-04 0.000000000000e+00 1.800000000000e+06 1.000000000000e+05 6.201750000000e+06 2.480700000000e+07 0.000000000000e+00 0.000000000000e+00 0.000000000000e+00 2.588530000000e-04 8.188825793468e-05 0.000000000000e+00 
1.150000000000e-01 5.498314120997e-04 4.757637297306e-03 0.000000000000e+00 1.169434103288e+05 1.169434103288e+05 1.000000000000e+05 5.232788651240e-04 0.000000000000e+00 1.800000000000e+06 1.000000000000e+05 6.201750000000e+06 2.480700000000e+07 0.000000000000e+00 0.000000000000e+00 0.000000000000e+00 2.588530000000e-04 8.247471180322e-05 0.000000000000e+00 
1.200000000000e-01 5.539604904442e-04 4.912166367486e-03 0.000000000000e+00 1.193954848075e+05 1.193954848075e+05 1.000000000000e+05 5.232788651240e-04 0.000000000000e+00 1.800000000000e+06 1.000000000000e+05 6.201750000000e+06 2.480700000000e+07 0.000000000000e+00 0.000000000000e+00 0.000000000000e+00 2.588530000000e-04 8.309407353118e-05 0.000000000000e+00 
1.250000000000e-01 5.582461530426e-04 5.048375956569e-03 0.000000000000e+00 1.218921199020e+05 1.218921199020e+05 1.000000000000e+05 5.232788651240e-04 0.000000000000e+00 1.800000000000e+06 1.000000000000e+05 6.201750000000e+06 2.480700000000e+07 0.000000000000e+00 0.000000000000e+00 0.000000000000e+00 2.588530000000e-04 8.373692286067e-05 0.000000000000e+00 
1.300000000000e-01 5.626292668528e-04 5.166020368289e-03 0.000000000000e+00 1.243957824989e+05 1.243957824989e+05 1.000000000000e+05 5.232788651240e-04 0.000000000000e+00 1.800000000000e+06 1.000000000000e+05 6.201750000000e+06 2.480700000000e+07 0.000000000000e+00 0.000000000000e+00 0.000000000000e+00 2.588530000000e-04 8.439438979453e-05 0.000000000000e+00 
1.350000000000e-01 5.670559926601e-04 5.265465134361e-03 0.000000000000e+00 1.268746029868e+05 1.268746029868e+05 1.000000000000e+05 5.232788651240e-04 0.000000000000e+00 1.800000000000e+06 1.000000000000e+05 6.201750000000e+06 2.480700000000e+07 0.000000000000e+00 0.000000000000e+00 0.000000000000e+00 2.588530000000e-04 8.505839838004e-05 0.000000000000e+00 
1.400000000000e-01 5.714774165285e-04 5.347459106567e-03 0.000000000000e+00 1.293018213948e+05 1.293018213948e+05 1.000000000000e+05 5.232788651240e-04 0.000000000000e+00 1.800000000000e+06 1.000000000000e+05 6.201750000000e+06 2.480700000000e+07 0.000000000000e+00 0.000000000000e+00 0.000000000000e+00 2.588530000000e-04 8.572161247928e-05 0.000000000000e+00 
1.450000000000e-01 5.758500249812e-04 5.413171960862e-03 0.000000000000e+00 1.316556531324e+05 1.316556531324e+05 1.000000000000e+05 5.232788651240e-04 0.000000000000e+00 1.800000000000e+06 1.000000000000e+05 6.201750000000e+06 2.480700000000e+07 0.000000000000e+00 0.000000000000e+00 0.000000000000e+00 2.588530000000e-04 8.637750374718e-05 0.000000000000e+00 
1.500000000000e-01 5.801360689634e-04 5.464004276899e-03 0.000000000000e+00 1.339190444528e+05 1.339190444528e+05 1.000000000000e+05 5.232788651240e-04 0.000000000000e+00 1.800000000000e+06 1.000000000000e+05 6.201750000000e+06 2.480700000000e+07 0.000000000000e+00 0.000000000000e+00 0.000000000000e+00 2.588530000000e-04 8.702041034451e-05 0.000000000000e+00 
1.550000000000e-01 5.843034160997e-04 5.501468290473e-03 0.000000000000e+00 1.360791482496e+05 1.360791482496e+05 1.000000000000e+05 5.232788651240e-04 0.000000000000e+00 1.800000000000e+06 1.000000000000e+05 6.201750000000e+06 2.480700000000e+07 0.000000000000e+00 0.000000000000e+00 0.000000000000e+00 2.588530000000e-04 8.764551241495e-05 0.000000000000e+00 
1.600000000000e-01 5.883251818441e-04 5.527083357435e-03 0.000000000000e+00 1.381267210756e+05 1.381267210756e+05 1.000000000000e+05 5.232788651240e-04 0.000000000000e+00 1.800000000000e+06 1.000000000000e+05 6.201750000000e+06 2.480700000000e+07 0.000000000000e+00 0.000000000000e+00 0.000000000000e+00 2.588530000000e-04 8.824877727661e-05 0.000000000000e+00 
1.650000000000e-01 5.921794040695e-04 5.542346012262e-03 0.000000000000e+00 1.400555963518e+05 1.400555963518e+05 1.000000000000e+05 5.232788651240e-04 0.000000000000e+00 1.800000000000e+06 1.000000000000e+05 6.201750000000e+06 2.480700000000e+07 0.000000000000e+00 0.000000000000e+00 0.000000000000e+00 2.588530000000e-04 8.882691061042e-05 0.000000000000e+00 
1.700000000000e-01 5.958487225537e-04 5.548681987888e-03 0.000000000000e+00 1.418622155594e+05 1.418622155594e+05 1.000000000000e+05 5.232788651240e-04 0.000000000000e+00 1.800000000000e+06 1.000000000000e+05 6.201750000000e+06 2.480700000000e+07 0.000000000000e+00 0.000000000000e+00 0.000000000000e+00 2.588530000000e-04 8.937730838305e-05 0.000000000000e+00 
1.750000000000e-01 5.993201920126e-04 5.547468839383e-03 0.000000000000e+00 1.435452788370e+05 1.435452788370e+05 1.000000000000e+05 5.232788651240e-04 0.000000000000e+00 1.800000000000e+06 1.000000000000e+05 6.201750000000e+06 2.480700000000e+07 0.000000000000e+00 0.000000000000e+00 0.000000000000e+00 2.588530000000e-04 8.989802880188e-05 0.000000000000e+00 
1.800000000000e-01 6.025848992791e-04 5.539961476027e-03 0.000000000000e+00 1.451053497437e+05 1.451053497437e+05 1.000000000000e+05 5.232788651240e-04 0.000000000000e+00 1.800000000000e+06 1.000000000000e+05 6.201750000000e+06 2.480700000000e+07 0.000000000000e+00 0.000000000000e+00 0.000000000000e+00 2.588530000000e-04 9.038773489184e-05 0.000000000000e+00 
1.850000000000e-01 6.056368221560e-04 5.527146323188e-03 0.000000000000e+00 1.465441564411e+05 1.465441564411e+05 1.000000000000e+05 5.232788651240e-04 0.000000000000e+00 1.800000000000e+06 1.000000000000e+05 6.201750000000e+06 2.480700000000e+07 0.000000000000e+00 0.000000000000e+00 0.000000000000e+00 2.588530000000e-04 9.084552332337e-05 0.000000000000e+00 
1.900000000000e-01 6.084713756251e-04 5.509695730832e-03 0.000000000000e+00 1.478638194690e+05 1.478638194690e+05 1.000000000000e+05 5.232788651240e-04 0.000000000000e+00 1.800000000000e+06 1.000000000000e+05 6.201750000000e+06 2.480700000000e+07 0.000000000000e+00 0.000000000000e+00 0.000000000000e+00 2.588530000000e-04 9.127070634370e-05 0.000000000000e+00 
1.950000000000e-01 6.110842829856e-04 5.488000008067e-03 0.000000000000e+00 1.490662947540e+05 1.490662947540e+05 1.000000000000e+05 5.232788651240e-04 0.000000000000e+00 1.800000000000e+06 1.000000000000e+05 6.201750000000e+06 2.480700000000e+07 0.000000000000e+00 0.000000000000e+00 0.000000000000e+00 2.588530000000e-04 9.166264244775e-05 0.000000000000e+00 
2.000000000000e-01 6.134720116615e-04 5.462486298031e-03 0.000000000000e+00 1.501535662963e+05 1.501535662963e+05 1.000000000000e+05 5.232788651240e-04 0.000000000000e+00 1.800000000000e+06 1.000000000000e+05 6.201750000000e+06 2.480700000000e+07 0.000000000000e+00 0.000000000000e+00 0.000000000000e+00 2.588530000000e-04 9.202080174908e-05 0.000000000000e+00 
2.050000000000e-01 6.156296061843e-04 5.433609485592e-03 0.000000000000e+00 1.511303909492e+05 1.511303909492e+05 1.000037307174e+05 5.232788651240e-04 3.730717427169e+00 1.800000000000e+06 1.000000000000e+05 6.201750000000e+06 2.480700000000e+07 0.000000000000e+00 0.000000000000e+00 0.000000000000e+00 2.588530000000e-04 9.234444092745e-05 0.000000000000e+00 
2.100000000000e-01 6.175607669405e-04 5.401717374433e-03 0.000000000000e+00 1.519938938835e+05 1.519938938835e+05 1.000037307174e+05 5.232788651240e-04 3.730717427169e+00 1.800000000000e+06 1.000000000000e+05 6.201750000000e+06 2.480700000000e+07 0.000000000000e+00 0.000000000000e+00 0.000000000000e+00 2.588530000000e-04 9.263411504083e-05 0.000000000000e+00 
2.150000000000e-01 6.192666620475e-04 5.367321557381e-03 0.000000000000e+00 1.527508646350e+05 1.527508646350e+05 1.000037307174e+05 5.232788651240e-04 3.730717427169e+00 1.800000000000e+06 1.000000000000e+05 6.201750000000e+06 2.480700000000e+07 0.000000000000e+00 0.000000000000e+00 0.000000000000e+00 2.588530000000e-04 9.288999930680e-05 0.000000000000e+00 
2.200000000000e-01 6.207492071370e-04 5.330703313368e-03 0.000000000000e+00 1.534043433087e+05 1.534043433087e+05 1.000037307174e+05 5.232788651240e-04 3.730717427169e+00 1.800000000000e+06 1.000000000000e+05 6.201750000000e+06 2.480700000000e+07 0.000000000000e+00 0.000000000000e+00 0.000000000000e+00 2.588530000000e-04 9.311238107016e-05 0.000000000000e+00 
2.250000000000e-01 6.220113969951e-04 5.292123787800e-03 0.000000000000e+00 1.539575066869e+05 1.539575066869e+05 1.000037307174e+05 5.232788651240e-04 3.730717427169e+00 1.800000000000e+06 1.000000000000e+05 6.201750000000e+06 2.480700000000e+07 0.000000000000e+00 0.000000000000e+00 0.000000000000e+00 2.588530000000e-04 9.330170954879e-05 0.000000000000e+00 
2.300000000000e-01 6.230567585418e-04 5.251729773693e-03 0.000000000000e+00 1.544134396975e+05 1.544134396975e+05 1.000037307174e+05 5.232788651240e-04 3.730717427169e+00 1.800000000000e+06 1.000000000000e+05 6.201750000000e+06 2.480700000000e+07 0.000000000000e+00 0.000000000000e+00 0.000000000000e+00 2.588530000000e-04 9.345851378073e-05 0.000000000000e+00 
2.350000000000e-01 6.238891802568e-04 5.209668841073e-03 0.000000000000e+00 1.547750792109e+05 1.547750792109e+05 1.000037307174e+05 5.232788651240e-04 3.730717427169e+00 1.800000000000e+06 1.000000000000e+05 6.201750000000e+06 2.480700000000e+07 0.000000000000e+00 0.000000000000e+00 0.000000000000e+00 2.588530000000e-04 9.358337703791e-05 0.000000000000e+00 
2.400000000000e-01 6.245142763795e-04 5.166361491986e-03 0.000000000000e+00 1.550458236173e+05 1.550458236173e+05 1.000037307174e+05 5.232788651240e-04 3.730717427169e+00 1.800000000000e+06 1.000000000000e+05 6.201750000000e+06 2.480700000000e+07 0.000000000000e+00 0.000000000000e+00 0.000000000000e+00 2.588530000000e-04 9.367714145626e-05 0.000000000000e+00 
2.450000000000e-01 6.249406880372e-04 5.122422099772e-03 0.000000000000e+00 1.552301087629e+05 1.552301087629e+05 1.000037307174e+05 5.232788651240e-04 3.730717427169e+00 1.800000000000e+06 1.000000000000e+05 6.201750000000e+06 2.480700000000e+07 0.000000000000e+00 0.000000000000e+00 0.000000000000e+00 2.588530000000e-04 9.374110320488e-05 0.000000000000e+00 
2.500000000000e-01 6.251793094169e-04 5.078334433941e-03 0.000000000000e+00 1.553330926280e+05 1.553330926280e+05 1.000037307174e+05 5.232788651240e-04 3.730717427169e+00 1.800000000000e+06 1.000000000000e+05 6.201750000000e+06 2.480700000000e+07 0.000000000000e+00 0.000000000000e+00 0.000000000000e+00 2.588530000000e-04 9.377689641180e-05 0.000000000000e+00 
2.550000000000e-01 6.252427195759e-04 5.034632501923e-03 0.000000000000e+00 1.553604418901e+05 1.553604418901e+05 1.000037307174e+05 5.232788651240e-04 3.730717427169e+00 1.800000000000e+06 1.000000000000e+05 6.201750000000e+06 2.480700000000e+07 0.000000000000e+00 0.000000000000e+00 0.000000000000e+00 2.588530000000e-04 9.378640793565e-05 0.000000000000e+00 
2.600000000000e-01 6.251437241934e-04 4.990993901658e-03 0.000000000000e+00 1.553177412998e+05 1.553177412998e+05 1.000037307174e+05 5.232788651240e-04 3.730717427169e+00 1.800000000000e+06 1.000000000000e+05 6.201750000000e+06 2.480700000000e+07 0.000000000000e+00 0.000000000000e+00 0.000000000000e+00 2.588530000000e-04 9.377155862829e-05 0.000000000000e+00 
2.650000000000e-01 6.248989125041e-04 4.948796978801e-03 0.000000000000e+00 1.552120688123e+05 1.552120688123e+05 1.000037307174e+05 5.232788651240e-04 3.730717427169e+00 1.800000000000e+06 1.000000000000e+05 6.201750000000e+06 2.480700000000e+07 0.000000000000e+00 0.000000000000e+00 0.000000000000e+00 2.588530000000e-04 9.373483687492e-05 0.000000000000e+00 
2.700000000000e-01 6.245259204898e-04 4.908787520273e-03 0.000000000000e+00 1.550508602779e+05 1.550508602779e+05 1.000037307174e+05 5.232788651240e-04 3.730717427169e+00 1.800000000000e+06 1.000000000000e+05 6.201750000000e+06 2.480700000000e+07 0.000000000000e+00 0.000000000000e+00 0.000000000000e+00 2.588530000000e-04 9.367888807280e-05 0.000000000000e+00 
2.750000000000e-01 6.240446567231e-04 4.871664166995e-03 0.000000000000e+00 1.548424857886e+05 1.548424857886e+05 1.000037307174e+05 5.232788651240e-04 3.730717427169e+00 1.800000000000e+06 1.000000000000e+05 6.201750000000e+06 2.480700000000e+07 0.000000000000e+00 0.000000000000e+00 0.000000000000e+00 2.588530000000e-04 9.360669850784e-05 0.000000000000e+00 
2.800000000000e-01 6.234764917680e-04 4.838048921089e-03 0.000000000000e+00 1.545959466782e+05 1.545959466782e+05 1.000037307174e+05 5.232788651240e-04 3.730717427169e+00 1.800000000000e+06 1.000000000000e+05 6.201750000000e+06 2.480700000000e+07 0.000000000000e+00 0.000000000000e+00 0.000000000000e+00 2.588530000000e-04 9.352147376462e-05 0.000000000000e+00 
2.850000000000e-01 6.228425985437e-04 4.808256975083e-03 0.000000000000e+00 1.543201961318e+05 1.543201961318e+05 1.000037307174e+05 5.232788651240e-04 3.730717427169e+00 1.800000000000e+06 1.000000000000e+05 6.201750000000e+06 2.480700000000e+07 0.000000000000e+00 0.000000000000e+00 0.000000000000e+00 2.588530000000e-04 9.342638978103e-05 0.000000000000e+00 
2.900000000000e-01 6.221627598867e-04 4.782434840653e-03 0.000000000000e+00 1.540236467222e+05 1.540236467222e+05 1.000037307174e+05 5.232788651240e-04 3.730717427169e+00 1.800000000000e+06 1.000000000000e+05 6.201750000000e+06 2.480700000000e+07 0.000000000000e+00 0.000000000000e+00 0.000000000000e+00 2.588530000000e-04 9.332441398253e-05 0.000000000000e+00 
2.950000000000e-01 6.214545485925e-04 4.760483570632e-03 0.000000000000e+00 1.537138239231e+05 1.537138239231e+05 1.000037307174e+05 5.232788651240e-04 3.730717427169e+00 1.800000000000e+06 1.000000000000e+05 6.201750000000e+06 2.480700000000e+07 0.000000000000e+00 0.000000000000e+00 0.000000000000e+00 2.588530000000e-04 9.321818228844e-05 0.000000000000e+00 
3.000000000000e-01 6.207332331363e-04 4.742259813966e-03 0.000000000000e+00 1.533973238614e+05 1.533973238614e+05 1.000037307174e+05 5.232788651240e-04 3.730717427169e+00 1.800000000000e+06 1.000000000000e+05 6.201750000000e+06 2.480700000000e+07 0.000000000000e+00 0.000000000000e+00 0.000000000000e+00 2.588530000000e-04 9.310998497006e-05 0.000000000000e+00 
3.050000000000e-01 6.200116336785e-04 4.727508964094e-03 0.000000000000e+00 1.530800099091e+05 1.530800099091e+05 1.000039989090e+05 5.232788651240e-04 3.998909004726e+00 1.800000000000e+06 1.000000000000e+05 6.201750000000e+06 2.480700000000e+07 0.000000000000e+00 0.000000000000e+00 0.000000000000e+00 2.588530000000e-04 9.300174505142e-05 0.000000000000e+00 
3.100000000000e-01 6.193010816719e-04 4.715995677002e-03 0.000000000000e+00 1.527663504389e+05 1.527663504389e+05 1.000039989090e+05 5.232788651240e-04 3.998909004726e+00 1.800000000000e+06 1.000000000000e+05 6.201750000000e+06 2.480700000000e+07 0.000000000000e+00 0.000000000000e+00 0.000000000000e+00 2.588530000000e-04 9.289516225047e-05 0.000000000000e+00 
3.150000000000e-01 6.186102611836e-04 4.707303901973e-03 0.000000000000e+00 1.524605039567e+05 1.524605039567e+05 1.000039989090e+05 5.232788651240e-04 3.998909004726e+00 1.800000000000e+06 1.000000000000e+05 6.201750000000e+06 2.480700000000e+07 0.000000000000e+00 0.000000000000e+00 0.000000000000e+00 2.588530000000e-04 9.279153917725e-05 0.000000000000e+00 
3.200000000000e-01 6.179453752665e-04 4.701022934511e-03 0.000000000000e+00 1.521653010606e+05 1.521653010606e+05 1.000039989090e+05 5.232788651240e-04 3.998909004726e+00 1.800000000000e+06 1.000000000000e+05 6.201750000000e+06 2.480700000000e+07 0.000000000000e+00 0.000000000000e+00 0.000000000000e+00 2.588530000000e-04 9.269180628971e-05 0.000000000000e+00 
3.250000000000e-01 6.173107297268e-04 4.696759369939e-03 0.000000000000e+00 1.518827547252e+05 1.518827547252e+05 1.000039989090e+05 5.232788651240e-04 3.998909004726e+00 1.800000000000e+06 1.000000000000e+05 6.201750000000e+06 2.480700000000e+07 0.000000000000e+00 0.000000000000e+00 0.000000000000e+00 2.588530000000e-04 9.259660945878e-05 0.000000000000e+00 
3.300000000000e-01 6.167089922021e-04 4.694129702421e-03 0.000000000000e+00 1.516141622795e+05 1.516141622795e+05 1.000039989090e+05 5.232788651240e-04 3.998909004726e+00 1.800000000000e+06 1.000000000000e+05 6.201750000000e+06 2.480700000000e+07 0.000000000000e+00 0.000000000000e+00 0.000000000000e+00 2.588530000000e-04 9.250634883010e-05 0.000000000000e+00 
3.350000000000e-01 6.161414245896e-04 4.692777714635e-03 0.000000000000e+00 1.513601983002e+05 1.513601983002e+05 1.000039989090e+05 5.232788651240e-04 3.998909004726e+00 1.800000000000e+06 1.000000000000e+05 6.201750000000e+06 2.480700000000e+07 0.000000000000e+00 0.000000000000e+00 0.000000000000e+00 2.588530000000e-04 9.242121368824e-05 0.000000000000e+00 
3.400000000000e-01 6.156079762520e-04 4.692341624934e-03 0.000000000000e+00 1.511209477000e+05 1.511209477000e+05 1.000039989090e+05 5.232788651240e-04 3.998909004726e+00 1.800000000000e+06 1.000000000000e+05 6.201750000000e+06 2.480700000000e+07 0.000000000000e+00 0.000000000000e+00 0.000000000000e+00 2.588530000000e-04 9.234119643761e-05 0.000000000000e+00 
3.450000000000e-01 6.151074190462e-04 4.692485462429e-03 0.000000000000e+00 1.508959594086e+05 1.508959594086e+05 1.000039989090e+05 5.232788651240e-04 3.998909004726e+00 1.800000000000e+06 1.000000000000e+05 6.201750000000e+06 2.480700000000e+07 0.000000000000e+00 0.000000000000e+00 0.000000000000e+00 2.588530000000e-04 9.226611285676e-05 0.000000000000e+00 
3.500000000000e-01 6.146375812745e-04 4.692904159371e-03 0.000000000000e+00 1.506843465599e+05 1.506843465599e+05 1.000039989090e+05 5.232788651240e-04 3.998909004726e+00 1.800000000000e+06 1.000000000000e+05 6.201750000000e+06 2.480700000000e+07 0.000000000000e+00 0.000000000000e+00 0.000000000000e+00 2.588530000000e-04 9.219563719101e-05 0.000000000000e+00 
3.550000000000e-01 6.141955283079e-04 4.693320006791e-03 0.000000000000e+00 1.504848647637e+05 1.504848647637e+05 1.000039989090e+05 5.232788651240e-04 3.998909004726e+00 1.800000000000e+06 1.000000000000e+05 6.201750000000e+06 2.480700000000e+07 0.000000000000e+00 0.000000000000e+00 0.000000000000e+00 2.588530000000e-04 9.212932924603e-05 0.000000000000e+00 
3.600000000000e-01 6.137777135710e-04 4.693484108537e-03 0.000000000000e+00 1.502959785030e+05 1.502959785030e+05 1.000039989090e+05 5.232788651240e-04 3.998909004726e+00 1.800000000000e+06 1.000000000000e+05 6.201750000000e+06 2.480700000000e+07 0.000000000000e+00 0.000000000000e+00 0.000000000000e+00 2.588530000000e-04 9.206665703551e-05 0.000000000000e+00 
3.650000000000e-01 6.133803537285e-04 4.693232182521e-03 0.000000000000e+00 1.501160302275e+05 1.501160302275e+05 1.000039989090e+05 5.232788651240e-04 3.998909004726e+00 1.800000000000e+06 1.000000000000e+05 6.201750000000e+06 2.480700000000e+07 0.000000000000e+00 0.000000000000e+00 0.000000000000e+00 2.588530000000e-04 9.200705305914e-05 0.000000000000e+00 
3.700000000000e-01 6.129995776589e-04 4.692415129508e-03 0.000000000000e+00 1.499433085436e+05 1.499433085436e+05 1.000039989090e+05 5.232788651240e-04 3.998909004726e+00 1.800000000000e+06 1.000000000000e+05 6.201750000000e+06 2.480700000000e+07 0.000000000000e+00 0.000000000000e+00 0.000000000000e+00 2.588530000000e-04 9.194993664871e-05 0.000000000000e+00 
3.750000000000e-01 6.126309470867e-04 4.690796635189e-03 0.000000000000e+00 1.497758312055e+05 1.497758312055e+05 1.000039989090e+05 5.232788651240e-04 3.998909004726e+00 1.800000000000e+06 1.000000000000e+05 6.201750000000e+06 2.480700000000e+07 0.000000000000e+00 0.000000000000e+00 0.000000000000e+00 2.588530000000e-04 9.189464206289e-05 0.000000000000e+00 
3.800000000000e-01 6.122691275222e-04 4.688104350775e-03 0.000000000000e+00 1.496111943190e+05 1.496111943190e+05 1.000039989090e+05 5.232788651240e-04 3.998909004726e+00 1.800000000000e+06 1.000000000000e+05 6.201750000000e+06 2.480700000000e+07 0.000000000000e+00 0.000000000000e+00 0.000000000000e+00 2.588530000000e-04 9.184036912822e-05 0.000000000000e+00 
3.850000000000e-01 6.119078455066e-04 4.684033219236e-03 0.000000000000e+00 1.494465505144e+05 1.494465505144e+05 1.000039989090e+05 5.232788651240e-04 3.998909004726e+00 1.800000000000e+06 1.000000000000e+05 6.201750000000e+06 2.480700000000e+07 0.000000000000e+00 0.000000000000e+00 0.000000000000e+00 2.588530000000e-04 9.178617682589e-05 0.000000000000e+00 
3.900000000000e-01 6.115394781285e-04 4.678158601547e-03 0.000000000000e+00 1.492784184757e+05 1.492784184757e+05 1.000039989090e+05 5.232788651240e-04 3.998909004726e+00 1.800000000000e+06 1.000000000000e+05 6.201750000000e+06 2.480700000000e+07 0.000000000000e+00 0.000000000000e+00 0.000000000000e+00 2.588530000000e-04 9.173092171918e-05 0.000000000000e+00 
3.950000000000e-01 6.111540511292e-04 4.669823750926e-03 0.000000000000e+00 1.491022191611e+05 1.491022191611e+05 1.000039989090e+05 5.232788651240e-04 3.998909004726e+00 1.800000000000e+06 1.000000000000e+05 6.201750000000e+06 2.480700000000e+07 0.000000000000e+00 0.000000000000e+00 0.000000000000e+00 2.588530000000e-04 9.167310766929e-05 0.000000000000e+00 
4.000000000000e-01 6.107364537775e-04 4.657711519023e-03 0.000000000000e+00 1.489109882101e+05 1.489109882101e+05 1.000039989090e+05 5.232788651240e-04 3.998909004726e+00 1.800000000000e+06 1.000000000000e+05 6.201750000000e+06 2.480700000000e+07 0.000000000000e+00 0.000000000000e+00 0.000000000000e+00 2.588530000000e-04 9.161046806654e-05 0.000000000000e+00 
4.050000000000e-01 6.102637170709e-04 4.639857524838e-03 0.000000000000e+00 1.486937042945e+05 1.486937042945e+05 1.000036046586e+05 5.232788651240e-04 3.604658602441e+00 1.800000000000e+06 1.000000000000e+05 6.201750000000e+06 2.480700000000e+07 0.000000000000e+00 0.000000000000e+00 0.000000000000e+00 2.588530000000e-04 9.153955756055e-05 0.000000000000e+00 
4.100000000000e-01 6.097011811823e-04 4.613496124473e-03 0.000000000000e+00 1.484350481665e+05 1.484350481665e+05 1.000036046586e+05 5.232788651240e-04 3.604658602441e+00 1.800000000000e+06 1.000000000000e+05 6.201750000000e+06 2.480700000000e+07 0.000000000000e+00 0.000000000000e+00 0.000000000000e+00 2.588530000000e-04 9.145517717726e-05 0.000000000000e+00 
4.150000000000e-01 6.090037809729e-04 4.575701078048e-03 0.000000000000e+00 1.481135227774e+05 1.481135227774e+05 1.000036046586e+05 5.232788651240e-04 3.604658602441e+00 1.800000000000e+06 1.000000000000e+05 6.201750000000e+06 2.480700000000e+07 0.000000000000e+00 0.000000000000e+00 0.000000000000e+00 2.588530000000e-04 9.135056714586e-05 0.000000000000e+00 
4.200000000000e-01 6.081162927322e-04 4.523196361598e-03 0.000000000000e+00 1.477029812072e+05 1.477029812072e+05 1.000036046586e+05 5.232788651240e-04 3.604658602441e+00 1.800000000000e+06 1.000000000000e+05 6.201750000000e+06 2.480700000000e+07 0.000000000000e+00 0.000000000000e+00 0.000000000000e+00 2.588530000000e-04 9.121744390977e-05 0.000000000000e+00 
4.250000000000e-01 6.069827371015e-04 4.454731106968e-03 0.000000000000e+00 1.471763543679e+05 1.471763543679e+05 1.000036046586e+05 5.232788651240e-04 3.604658602441e+00 1.800000000000e+06 1.000000000000e+05 6.201750000000e+06 2.480700000000e+07 0.000000000000e+00 0.000000000000e+00 0.000000000000e+00 2.588530000000e-04 9.104741056518e-05 0.000000000000e+00 
4.300000000000e-01 6.055621827769e-04 4.371966995957e-03 0.000000000000e+00 1.465127960659e+05 1.465127960659e+05 1.000036046586e+05 5.232788651240e-04 3.604658602441e+00 1.800000000000e+06 1.000000000000e+05 6.201750000000e+06 2.480700000000e+07 0.000000000000e+00 0.000000000000e+00 0.000000000000e+00 2.588530000000e-04 9.083432741650e-05 0.000000000000e+00 
4.350000000000e-01 6.038470595358e-04 4.281066393098e-03 0.000000000000e+00 1.457062662298e+05 1.457062662298e+05 1.000036046586e+05 5.232788651240e-04 3.604658602441e+00 1.800000000000e+06 1.000000000000e+05 6.201750000000e+06 2.480700000000e+07 0.000000000000e+00 0.000000000000e+00 0.000000000000e+00 2.588530000000e-04 9.057705893034e-05 0.000000000000e+00 
4.400000000000e-01 6.018702888411e-04 4.189938651583e-03 0.000000000000e+00 1.447693351940e+05 1.447693351940e+05 1.000036046586e+05 5.232788651240e-04 3.604658602441e+00 1.800000000000e+06 1.000000000000e+05 6.201750000000e+06 2.480700000000e+07 0.000000000000e+00 0.000000000000e+00 0.000000000000e+00 2.588530000000e-04 9.028054332614e-05 0.000000000000e+00 
4.450000000000e-01 5.997165496805e-04 4.108816637033e-03 0.000000000000e+00 1.437394542979e+05 1.437394542979e+05 1.000036046586e+05 5.232788651240e-04 3.604658602441e+00 1.800000000000e+06 1.000000000000e+05 6.201750000000e+06 2.480700000000e+07 0.000000000000e+00 0.000000000000e+00 0.000000000000e+00 2.588530000000e-04 8.995748245206e-05 0.000000000000e+00 
4.500000000000e-01 5.975033407692e-04 4.046034209269e-03 0.000000000000e+00 1.426711634025e+05 1.426711634025e+05 1.000036046586e+05 5.232788651240e-04 3.604658602441e+00 1.800000000000e+06 1.000000000000e+05 6.201750000000e+06 2.480700000000e+07 0.000000000000e+00 0.000000000000e+00 0.000000000000e+00 2.588530000000e-04 8.962550111537e-05 0.000000000000e+00 
4.550000000000e-01 5.953513125910e-04 4.006395638941e-03 0.000000000000e+00 1.416225925840e+05 1.416225925840e+05 1.000036046586e+05 5.232788651240e-04 3.604658602441e+00 1.800000000000e+06 1.000000000000e+05 6.201750000000e+06 2.480700000000e+07 0.000000000000e+00 0.000000000000e+00 0.000000000000e+00 2.588530000000e-04 8.930269688865e-05 0.000000000000e+00 
4.600000000000e-01 5.933563506541e-04 3.989376494124e-03 0.000000000000e+00 1.406418085737e+05 1.406418085737e+05 1.000036046586e+05 5.232788651240e-04 3.604658602441e+00 1.800000000000e+06 1.000000000000e+05 6.201750000000e+06 2.480700000000e+07 0.000000000000e+00 0.000000000000e+00 0.000000000000e+00 2.588530000000e-04 8.900345259811e-05 0.000000000000e+00 
4.650000000000e-01 5.915771071148e-04 3.991734794736e-03 0.000000000000e+00 1.397599023185e+05 1.397599023185e+05 1.000036046586e+05 5.232788651240e-04 3.604658602441e+00 1.800000000000e+06 1.000000000000e+05 6.201750000000e+06 2.480700000000e+07 0.000000000000e+00 0.000000000000e+00 0.000000000000e+00 2.588530000000e-04 8.873656606722e-05 0.000000000000e+00 
4.700000000000e-01 5.900417009733e-04 4.009050836957e-03 0.000000000000e+00 1.389933644814e+05 1.389933644814e+05 1.000036046586e+05 5.232788651240e-04 3.604658602441e+00 1.800000000000e+06 1.000000000000e+05 6.201750000000e+06 2.480700000000e+07 0.000000000000e+00 0.000000000000e+00 0.000000000000e+00 2.588530000000e-04 8.850625514600e-05 0.000000000000e+00 
4.750000000000e-01 5.887523374310e-04 4.036799759876e-03 0.000000000000e+00 1.383456961035e+05 1.383456961035e+05 1.000036046586e+05 5.232788651240e-04 3.604658602441e+00 1.800000000000e+06 1.000000000000e+05 6.201750000000e+06 2.480700000000e+07 0.000000000000e+00 0.000000000000e+00 0.000000000000e+00 2.588530000000e-04 8.831285061465e-05 0.000000000000e+00 
4.800000000000e-01 5.876872139361e-04 4.069569241430e-03 0.000000000000e+00 1.378079169008e+05 1.378079169008e+05 1.000036046586e+05 5.232788651240e-04 3.604658602441e+00 1.800000000000e+06 1.000000000000e+05 6.201750000000e+06 2.480700000000e+07 0.000000000000e+00 0.000000000000e+00 0.000000000000e+00 2.588530000000e-04 8.815308209042e-05 0.000000000000e+00 
4.850000000000e-01 5.868178597612e-04 4.103485771093e-03 0.000000000000e+00 1.373671257438e+05 1.373671257438e+05 1.000036046586e+05 5.232788651240e-04 3.604658602441e+00 1.800000000000e+06 1.000000000000e+05 6.201750000000e+06 2.480700000000e+07 0.000000000000e+00 0.000000000000e+00 0.000000000000e+00 2.588530000000e-04 8.802267896418e-05 0.000000000000e+00 
4.900000000000e-01 5.861130275195e-04 4.136032394811e-03 0.000000000000e+00 1.370085222724e+05 1.370085222724e+05 1.000036046586e+05 5.232788651240e-04 3.604658602441e+00 1.800000000000e+06 1.000000000000e+05 6.201750000000e+06 2.480700000000e+07 0.000000000000e+00 0.000000000000e+00 0.000000000000e+00 2.588530000000e-04 8.791695412792e-05 0.000000000000e+00 
4.950000000000e-01 5.855418271116e-04 4.165513442297e-03 0.000000000000e+00 1.367170962838e+05 1.367170962838e+05 1.000036046586e+05 5.232788651240e-04 3.604658602441e+00 1.800000000000e+06 1.000000000000e+05 6.201750000000e+06 2.480700000000e+07 0.000000000000e+00 0.000000000000e+00 0.000000000000e+00 2.588530000000e-04 8.783127406673e-05 0.000000000000e+00 
5.000000000000e-01 5.850761919597e-04 4.191102653639e-03 0.000000000000e+00 1.364789902974e+05 1.364789902974e+05 1.000036046586e+05 5.232788651240e-04 3.604658602441e+00 1.800000000000e+06 1.000000000000e+05 6.201750000000e+06 2.480700000000e+07 0.000000000000e+00 0.000000000000e+00 0.000000000000e+00 2.588530000000e-04 8.776142879396e-05 0.000000000000e+00 
5.050000000000e-01 5.846936858336e-04 4.212219145177e-03 0.000000000000e+00 1.362812290186e+05 1.362812290186e+05 1.000018040975e+05 5.232788651240e-04 1.804097503846e+00 1.800000000000e+06 1.000000000000e+05 6.201750000000e+06 2.480700000000e+07 0.000000000000e+00 0.000000000000e+00 0.000000000000e+00 2.588530000000e-04 8.770405287504e-05 0.000000000000e+00 
5.100000000000e-01 5.843687066771e-04 4.229197111409e-03 0.000000000000e+00 1.361144816931e+05 1.361144816931e+05 1.000018040975e+05 5.232788651240e-04 1.804097503846e+00 1.800000000000e+06 1.000000000000e+05 6.201750000000e+06 2.480700000000e+07 0.000000000000e+00 0.000000000000e+00 0.000000000000e+00 2.588530000000e-04 8.765530600157e-05 0.000000000000e+00 
5.150000000000e-01 5.840855377797e-04 4.241777277437e-03 0.000000000000e+00 1.359689935980e+05 1.359689935980e+05 1.000018040975e+05 5.232788651240e-04 1.804097503846e+00 1.800000000000e+06 1.000000000000e+05 6.201750000000e+06 2.480700000000e+07 0.000000000000e+00 0.000000000000e+00 0.000000000000e+00 2.588530000000e-04 8.761283066695e-05 0.000000000000e+00 
5.200000000000e-01 5.838288455983e-04 4.250402354502e-03 0.000000000000e+00 1.358369527446e+05 1.358369527446e+05 1.000018040975e+05 5.232788651240e-04 1.804097503846e+00 1.800000000000e+06 1.000000000000e+05 6.201750000000e+06 2.480700000000e+07 0.000000000000e+00 0.000000000000e+00 0.000000000000e+00 2.588530000000e-04 8.757432683974e-05 0.000000000000e+00 
5.250000000000e-01 5.835880786385e-04 4.255803816870e-03 0.000000000000e+00 1.357129685986e+05 1.357129685986e+05 1.000018040975e+05 5.232788651240e-04 1.804097503846e+00 1.800000000000e+06 1.000000000000e+05 6.201750000000e+06 2.480700000000e+07 0.000000000000e+00 0.000000000000e+00 0.000000000000e+00 2.588530000000e-04 8.753821179577e-05 0.000000000000e+00 
5.300000000000e-01 5.833553477504e-04 4.258380345029e-03 0.000000000000e+00 1.355929981695e+05 1.355929981695e+05 1.000018040975e+05 5.232788651240e-04 1.804097503846e+00 1.800000000000e+06 1.000000000000e+05 6.201750000000e+06 2.480700000000e+07 0.000000000000e+00 0.000000000000e+00 0.000000000000e+00 2.588530000000e-04 8.750330216255e-05 0.000000000000e+00 
5.350000000000e-01 5.831240648733e-04 4.258517408644e-03 0.000000000000e+00 1.354736527676e+05 1.354736527676e+05 1.000018040975e+05 5.232788651240e-04 1.804097503846e+00 1.800000000000e+06 1.000000000000e+05 6.201750000000e+06 2.480700000000e+07 0.000000000000e+00 0.000000000000e+00 0.000000000000e+00 2.588530000000e-04 8.746860973099e-05 0.000000000000e+00 
5.400000000000e-01 5.828890011828e-04 4.256572899696e-03 0.000000000000e+00 1.353522322318e+05 1.353522322318e+05 1.000018040975e+05 5.232788651240e-04 1.804097503846e+00 1.800000000000e+06 1.000000000000e+05 6.201750000000e+06 2.480700000000e+07 0.000000000000e+00 0.000000000000e+00 0.000000000000e+00 2.588530000000e-04 8.743335017743e-05 0.000000000000e+00 
5.450000000000e-01 5.826459643005e-04 4.252828074951e-03 0.000000000000e+00 1.352265613946e+05 1.352265613946e+05 1.000018040975e+05 5.232788651240e-04 1.804097503846e+00 1.800000000000e+06 1.000000000000e+05 6.201750000000e+06 2.480700000000e+07 0.000000000000e+00 0.000000000000e+00 0.000000000000e+00 2.588530000000e-04 8.739689464507e-05 0.000000000000e+00 
5.500000000000e-01 5.823924966434e-04 4.247757964313e-03 0.000000000000e+00 1.350953540046e+05 1.350953540046e+05 1.000018040975e+05 5.232788651240e-04 1.804097503846e+00 1.800000000000e+06 1.000000000000e+05 6.201750000000e+06 2.480700000000e+07 0.000000000000e+00 0.000000000000e+00 0.000000000000e+00 2.588530000000e-04 8.735887449651e-05 0.000000000000e+00 
5.550000000000e-01 5.821274310067e-04 4.241654720956e-03 0.000000000000e+00 1.349579865759e+05 1.349579865759e+05 1.000018040975e+05 5.232788651240e-04 1.804097503846e+00 1.800000000000e+06 1.000000000000e+05 6.201750000000e+06 2.480700000000e+07 0.000000000000e+00 0.000000000000e+00 0.000000000000e+00 2.588530000000e-04 8.731911465100e-05 0.000000000000e+00 
5.600000000000e-01 5.818492707586e-04 4.234548602567e-03 0.000000000000e+00 1.348136608556e+05 1.348136608556e+05 1.000018040975e+05 5.232788651240e-04 1.804097503846e+00 1.800000000000e+06 1.000000000000e+05 6.201750000000e+06 2.480700000000e+07 0.000000000000e+00 0.000000000000e+00 0.000000000000e+00 2.588530000000e-04 8.727739061379e-05 0.000000000000e+00 
5.650000000000e-01 5.815568195280e-04 4.226659108976e-03 0.000000000000e+00 1.346617297208e+05 1.346617297208e+05 1.000018040975e+05 5.232788651240e-04 1.804097503846e+00 1.800000000000e+06 1.000000000000e+05 6.201750000000e+06 2.480700000000e+07 0.000000000000e+00 0.000000000000e+00 0.000000000000e+00 2.588530000000e-04 8.723352292919e-05 0.000000000000e+00 
5.700000000000e-01 5.812496021263e-04 4.218141628647e-03 0.000000000000e+00 1.345019168484e+05 1.345019168484e+05 1.000018040975e+05 5.232788651240e-04 1.804097503846e+00 1.800000000000e+06 1.000000000000e+05 6.201750000000e+06 2.480700000000e+07 0.000000000000e+00 0.000000000000e+00 0.000000000000e+00 2.588530000000e-04 8.718744031895e-05 0.000000000000e+00 
5.750000000000e-01 5.809275987153e-04 4.209150842965e-03 0.000000000000e+00 1.343341803786e+05 1.343341803786e+05 1.000018040975e+05 5.232788651240e-04 1.804097503846e+00 1.800000000000e+06 1.000000000000e+05 6.201750000000e+06 2.480700000000e+07 0.000000000000e+00 0.000000000000e+00 0.000000000000e+00 2.588530000000e-04 8.713913980729e-05 0.000000000000e+00 
5.800000000000e-01 5.805910786400e-04 4.199794370763e-03 0.000000000000e+00 1.341586277466e+05 1.341586277466e+05 1.000018040975e+05 5.232788651240e-04 1.804097503846e+00 1.800000000000e+06 1.000000000000e+05 6.201750000000e+06 2.480700000000e+07 0.000000000000e+00 0.000000000000e+00 0.000000000000e+00 2.588530000000e-04 8.708866179599e-05 0.000000000000e+00 
5.850000000000e-01 5.802407353364e-04 4.190228422425e-03 0.000000000000e+00 1.339755873677e+05 1.339755873677e+05 1.000018040975e+05 5.232788651240e-04 1.804097503846e+00 1.800000000000e+06 1.000000000000e+05 6.201750000000e+06 2.480700000000e+07 0.000000000000e+00 0.000000000000e+00 0.000000000000e+00 2.588530000000e-04 8.703611030046e-05 0.000000000000e+00 
5.900000000000e-01 5.798773596742e-04 4.180500472066e-03 0.000000000000e+00 1.337854394241e+05 1.337854394241e+05 1.000018040975e+05 5.232788651240e-04 1.804097503846e+00 1.800000000000e+06 1.000000000000e+05 6.201750000000e+06 2.480700000000e+07 0.000000000000e+00 0.000000000000e+00 0.000000000000e+00 2.588530000000e-04 8.698160395112e-05 0.000000000000e+00 
5.950000000000e-01 5.795017393092e-04 4.170681764821e-03 0.000000000000e+00 1.335885637045e+05 1.335885637045e+05 1.000018040975e+05 5.232788651240e-04 1.804097503846e+00 1.800000000000e+06 1.000000000000e+05 6.201750000000e+06 2.480700000000e+07 0.000000000000e+00 0.000000000000e+00 0.000000000000e+00 2.588530000000e-04 8.692526089638e-05 0.000000000000e+00 
6.000000000000e-01 5.791148163520e-04 4.160839163895e-03 0.000000000000e+00 1.333854226713e+05 1.333854226713e+05 1.000018040975e+05 5.232788651240e-04 1.804097503846e+00 1.800000000000e+06 1.000000000000e+05 6.201750000000e+06 2.480700000000e+07 0.000000000000e+00 0.000000000000e+00 0.000000000000e+00 2.588530000000e-04 8.686722245280e-05 0.000000000000e+00 
6.050000000000e-01 5.787158875719e-04 4.151019739110e-03 0.000000000000e+00 1.331761329828e+05 1.331761329828e+05 1.000023220802e+05 5.232788651240e-04 2.322080157156e+00 1.800000000000e+06 1.000000000000e+05 6.201750000000e+06 2.480700000000e+07 0.000000000000e+00 0.000000000000e+00 0.000000000000e+00 2.588530000000e-04 8.680738313579e-05 0.000000000000e+00 
6.100000000000e-01 5.783097184548e-04 4.141274220198e-03 0.000000000000e+00 1.329621375158e+05 1.329621375158e+05 1.000023220802e+05 5.232788651240e-04 2.322080157156e+00 1.800000000000e+06 1.000000000000e+05 6.201750000000e+06 2.480700000000e+07 0.000000000000e+00 0.000000000000e+00 0.000000000000e+00 2.588530000000e-04 8.674645776822e-05 0.000000000000e+00 
6.150000000000e-01 5.778952108785e-04 4.131619145966e-03 0.000000000000e+00 1.327433526951e+05 1.327433526951e+05 1.000023220802e+05 5.232788651240e-04 2.322080157156e+00 1.800000000000e+06 1.000000000000e+05 6.201750000000e+06 2.480700000000e+07 0.000000000000e+00 0.000000000000e+00 0.000000000000e+00 2.588530000000e-04 8.668428163177e-05 0.000000000000e+00 
6.200000000000e-01 5.774734291357e-04 4.122073072125e-03 0.000000000000e+00 1.325203167061e+05 1.325203167061e+05 1.000023220802e+05 5.232788651240e-04 2.322080157156e+00 1.800000000000e+06 1.000000000000e+05 6.201750000000e+06 2.480700000000e+07 0.000000000000e+00 0.000000000000e+00 0.000000000000e+00 2.588530000000e-04 8.662101437036e-05 0.000000000000e+00 
6.250000000000e-01 5.770453169586e-04 4.112644134998e-03 0.000000000000e+00 1.322935074789e+05 1.322935074789e+05 1.000023220802e+05 5.232788651240e-04 2.322080157156e+00 1.800000000000e+06 1.000000000000e+05 6.201750000000e+06 2.480700000000e+07 0.000000000000e+00 0.000000000000e+00 0.000000000000e+00 2.588530000000e-04 8.655679754379e-05 0.000000000000e+00 
6.300000000000e-01 5.766117143156e-04 4.103334270794e-03 0.000000000000e+00 1.320633511885e+05 1.320633511885e+05 1.000023220802e+05 5.232788651240e-04 2.322080157156e+00 1.800000000000e+06 1.000000000000e+05 6.201750000000e+06 2.480700000000e+07 0.000000000000e+00 0.000000000000e+00 0.000000000000e+00 2.588530000000e-04 8.649175714734e-05 0.000000000000e+00 
6.350000000000e-01 5.761732970409e-04 4.094122189457e-03 0.000000000000e+00 1.318301897306e+05 1.318301897306e+05 1.000023220802e+05 5.232788651240e-04 2.322080157156e+00 1.800000000000e+06 1.000000000000e+05 6.201750000000e+06 2.480700000000e+07 0.000000000000e+00 0.000000000000e+00 0.000000000000e+00 2.588530000000e-04 8.642599455614e-05 0.000000000000e+00 
6.400000000000e-01 5.757305896619e-04 4.084989873103e-03 0.000000000000e+00 1.315942868252e+05 1.315942868252e+05 1.000023220802e+05 5.232788651240e-04 2.322080157156e+00 1.800000000000e+06 1.000000000000e+05 6.201750000000e+06 2.480700000000e+07 0.000000000000e+00 0.000000000000e+00 0.000000000000e+00 2.588530000000e-04 8.635958844929e-05 0.000000000000e+00 
6.450000000000e-01 5.752839878019e-04 4.075911591720e-03 0.000000000000e+00 1.313558392775e+05 1.313558392775e+05 1.000023220802e+05 5.232788651240e-04 2.322080157156e+00 1.800000000000e+06 1.000000000000e+05 6.201750000000e+06 2.480700000000e+07 0.000000000000e+00 0.000000000000e+00 0.000000000000e+00 2.588530000000e-04 8.629259817029e-05 0.000000000000e+00 
6.500000000000e-01 5.748337392192e-04 4.066855549008e-03 0.000000000000e+00 1.311149661975e+05 1.311149661975e+05 1.000023220802e+05 5.232788651240e-04 2.322080157156e+00 1.800000000000e+06 1.000000000000e+05 6.201750000000e+06 2.480700000000e+07 0.000000000000e+00 0.000000000000e+00 0.000000000000e+00 2.588530000000e-04 8.622506088288e-05 0.000000000000e+00 
6.550000000000e-01 5.743799389345e-04 4.057785050543e-03 0.000000000000e+00 1.308717056316e+05 1.308717056316e+05 1.000023220802e+05 5.232788651240e-04 2.322080157156e+00 1.800000000000e+06 1.000000000000e+05 6.201750000000e+06 2.480700000000e+07 0.000000000000e+00 0.000000000000e+00 0.000000000000e+00 2.588530000000e-04 8.615699084018e-05 0.000000000000e+00 
6.600000000000e-01 5.739225290854e-04 4.048659348962e-03 0.000000000000e+00 1.306260136779e+05 1.306260136779e+05 1.000023220802e+05 5.232788651240e-04 2.322080157156e+00 1.800000000000e+06 1.000000000000e+05 6.201750000000e+06 2.480700000000e+07 0.000000000000e+00 0.000000000000e+00 0.000000000000e+00 2.588530000000e-04 8.608837936281e-05 0.000000000000e+00 
6.650000000000e-01 5.734613042691e-04 4.039435181032e-03 0.000000000000e+00 1.303777665311e+05 1.303777665311e+05 1.000023220802e+05 5.232788651240e-04 2.322080157156e+00 1.800000000000e+06 1.000000000000e+05 6.201750000000e+06 2.480700000000e+07 0.000000000000e+00 0.000000000000e+00 0.000000000000e+00 2.588530000000e-04 8.601919564037e-05 0.000000000000e+00 
6.700000000000e-01 5.729959260079e-04 4.030069060899e-03 0.000000000000e+00 1.301267674610e+05 1.301267674610e+05 1.000023220802e+05 5.232788651240e-04 2.322080157156e+00 1.800000000000e+06 1.000000000000e+05 6.201750000000e+06 2.480700000000e+07 0.000000000000e+00 0.000000000000e+00 0.000000000000e+00 2.588530000000e-04 8.594938890119e-05 0.000000000000e+00 
6.750000000000e-01 5.725259337304e-04 4.020516586089e-03 0.000000000000e+00 1.298727519753e+05 1.298727519753e+05 1.000023220802e+05 5.232788651240e-04 2.322080157156e+00 1.800000000000e+06 1.000000000000e+05 6.201750000000e+06 2.480700000000e+07 0.000000000000e+00 0.000000000000e+00 0.000000000000e+00 2.588530000000e-04 8.587889005956e-05 0.000000000000e+00 
6.800000000000e-01 5.720507601267e-04 4.010734947619e-03 0.000000000000e+00 1.296153953980e+05 1.296153953980e+05 1.000023220802e+05 5.232788651240e-04 2.322080157156e+00 1.800000000000e+06 1.000000000000e+05 6.201750000000e+06 2.480700000000e+07 0.000000000000e+00 0.000000000000e+00 0.000000000000e+00 2.588530000000e-04 8.580761401900e-05 0.000000000000e+00 
6.850000000000e-01 5.715697481154e-04 4.000682827937e-03 0.000000000000e+00 1.293543213970e+05 1.293543213970e+05 1.000023220802e+05 5.232788651240e-04 2.322080157156e+00 1.800000000000e+06 1.000000000000e+05 6.201750000000e+06 2.480700000000e+07 0.000000000000e+00 0.000000000000e+00 0.000000000000e+00 2.588530000000e-04 8.573546221731e-05 0.000000000000e+00 
6.900000000000e-01 5.710821683167e-04 3.990321742609e-03 0.000000000000e+00 1.290891108716e+05 1.290891108716e+05 1.000023220802e+05 5.232788651240e-04 2.322080157156e+00 1.800000000000e+06 1.000000000000e+05 6.201750000000e+06 2.480700000000e+07 0.000000000000e+00 0.000000000000e+00 0.000000000000e+00 2.588530000000e-04 8.566232524750e-05 0.000000000000e+00 
6.950000000000e-01 5.705872417546e-04 3.979617429573e-03 0.000000000000e+00 1.288193137831e+05 1.288193137831e+05 1.000023220802e+05 5.232788651240e-04 2.322080157156e+00 1.800000000000e+06 1.000000000000e+05 6.201750000000e+06 2.480700000000e+07 0.000000000000e+00 0.000000000000e+00 0.000000000000e+00 2.588530000000e-04 8.558808626320e-05 0.000000000000e+00 
7.000000000000e-01 5.700841648125e-04 3.968539630279e-03 0.000000000000e+00 1.285444623470e+05 1.285444623470e+05 1.000023220802e+05 5.232788651240e-04 2.322080157156e+00 1.800000000000e+06 1.000000000000e+05 6.201750000000e+06 2.480700000000e+07 0.000000000000e+00 0.000000000000e+00 0.000000000000e+00 2.588530000000e-04 8.551262472187e-05 0.000000000000e+00 
7.050000000000e-01 5.695723842474e-04 3.957062241179e-03 0.000000000000e+00 1.282638517810e+05 1.282638517810e+05 1.000019523986e+05 5.232788651240e-04 1.952398552421e+00 1.800000000000e+06 1.000000000000e+05 6.201750000000e+06 2.480700000000e+07 0.000000000000e+00 0.000000000000e+00 0.000000000000e+00 2.588530000000e-04 8.543585763711e-05 0.000000000000e+00 
7.100000000000e-01 5.690507039853e-04 3.945170157290e-03 0.000000000000e+00 1.279775296237e+05 1.279775296237e+05 1.000019523986e+05 5.232788651240e-04 1.952398552421e+00 1.800000000000e+06 1.000000000000e+05 6.201750000000e+06 2.480700000000e+07 0.000000000000e+00 0.000000000000e+00 0.000000000000e+00 2.588530000000e-04 8.535760487417e-05 0.000000000000e+00 
7.150000000000e-01 5.685183872734e-04 3.932846143272e-03 0.000000000000e+00 1.276846803468e+05 1.276846803468e+05 1.000019523986e+05 5.232788651240e-04 1.952398552421e+00 1.800000000000e+06 1.000000000000e+05 6.201750000000e+06 2.480700000000e+07 0.000000000000e+00 0.000000000000e+00 0.000000000000e+00 2.588530000000e-04 8.527775742779e-05 0.000000000000e+00 
7.200000000000e-01 5.679747674115e-04 3.920080535842e-03 0.000000000000e+00 1.273848918675e+05 1.273848918675e+05 1.000019523986e+05 5.232788651240e-04 1.952398552421e+00 1.800000000000e+06 1.000000000000e+05 6.201750000000e+06 2.480700000000e+07 0.000000000000e+00 0.000000000000e+00 0.000000000000e+00 2.588530000000e-04 8.519621450569e-05 0.000000000000e+00 
7.250000000000e-01 5.674191895254e-04 3.906869683456e-03 0.000000000000e+00 1.270777538750e+05 1.270777538750e+05 1.000019523986e+05 5.232788651240e-04 1.952398552421e+00 1.800000000000e+06 1.000000000000e+05 6.201750000000e+06 2.480700000000e+07 0.000000000000e+00 0.000000000000e+00 0.000000000000e+00 2.588530000000e-04 8.511287787680e-05 0.000000000000e+00 
7.300000000000e-01 5.668510595388e-04 3.893214837987e-03 0.000000000000e+00 1.267628848508e+05 1.267628848508e+05 1.000019523986e+05 5.232788651240e-04 1.952398552421e+00 1.800000000000e+06 1.000000000000e+05 6.201750000000e+06 2.480700000000e+07 0.000000000000e+00 0.000000000000e+00 0.000000000000e+00 2.588530000000e-04 8.502765842972e-05 0.000000000000e+00 
7.350000000000e-01 5.662698597173e-04 3.879121484356e-03 0.000000000000e+00 1.264399409094e+05 1.264399409094e+05 1.000019523986e+05 5.232788651240e-04 1.952398552421e+00 1.800000000000e+06 1.000000000000e+05 6.201750000000e+06 2.480700000000e+07 0.000000000000e+00 0.000000000000e+00 0.000000000000e+00 2.588530000000e-04 8.494047850437e-05 0.000000000000e+00 
7.400000000000e-01 5.656751598436e-04 3.864599803376e-03 0.000000000000e+00 1.261086223592e+05 1.261086223592e+05 1.000019523986e+05 5.232788651240e-04 1.952398552421e+00 1.800000000000e+06 1.000000000000e+05 6.201750000000e+06 2.480700000000e+07 0.000000000000e+00 0.000000000000e+00 0.000000000000e+00 2.588530000000e-04 8.485127356818e-05 0.000000000000e+00 
7.450000000000e-01 5.650666260299e-04 3.849664170716e-03 0.000000000000e+00 1.257686790777e+05 1.257686790777e+05 1.000019523986e+05 5.232788651240e-04 1.952398552421e+00 1.800000000000e+06 1.000000000000e+05 6.201750000000e+06 2.480700000000e+07 0.000000000000e+00 0.000000000000e+00 0.000000000000e+00 2.588530000000e-04 8.475999353802e-05 0.000000000000e+00 
7.500000000000e-01 5.644440254355e-04 3.834332660957e-03 0.000000000000e+00 1.254199137164e+05 1.254199137164e+05 1.000019523986e+05 5.232788651240e-04 1.952398552421e+00 1.800000000000e+06 1.000000000000e+05 6.201750000000e+06 2.480700000000e+07 0.000000000000e+00 0.000000000000e+00 0.000000000000e+00 2.588530000000e-04 8.466660348788e-05 0.000000000000e+00 
7.550000000000e-01 5.638072291009e-04 3.818626710351e-03 0.000000000000e+00 1.250621839429e+05 1.250621839429e+05 1.000019523986e+05 5.232788651240e-04 1.952398552421e+00 1.800000000000e+06 1.000000000000e+05 6.201750000000e+06 2.480700000000e+07 0.000000000000e+00 0.000000000000e+00 0.000000000000e+00 2.588530000000e-04 8.457108407384e-05 0.000000000000e+00 
7.600000000000e-01 5.631562133990e-04 3.802570432001e-03 0.000000000000e+00 1.246954039904e+05 1.246954039904e+05 1.000019523986e+05 5.232788651240e-04 1.952398552421e+00 1.800000000000e+06 1.000000000000e+05 6.201750000000e+06 2.480700000000e+07 0.000000000000e+00 0.000000000000e+00 0.000000000000e+00 2.588530000000e-04 8.447343175192e-05 0.000000000000e+00 
7.650000000000e-01 5.624910527091e-04 3.786189690777e-03 0.000000000000e+00 1.243195413176e+05 1.243195413176e+05 1.000019523986e+05 5.232788651240e-04 1.952398552421e+00 1.800000000000e+06 1.000000000000e+05 6.201750000000e+06 2.480700000000e+07 0.000000000000e+00 0.000000000000e+00 0.000000000000e+00 2.588530000000e-04 8.437365767907e-05 0.000000000000e+00 
7.700000000000e-01 5.618119202376e-04 3.769512280756e-03 0.000000000000e+00 1.239346178822e+05 1.239346178822e+05 1.000019523986e+05 5.232788651240e-04 1.952398552421e+00 1.800000000000e+06 1.000000000000e+05 6.201750000000e+06 2.480700000000e+07 0.000000000000e+00 0.000000000000e+00 0.000000000000e+00 2.588530000000e-04 8.427178783636e-05 0.000000000000e+00 
7.750000000000e-01 5.611190859497e-04 3.752567718640e-03 0.000000000000e+00 1.235407098394e+05 1.235407098394e+05 1.000019523986e+05 5.232788651240e-04 1.952398552421e+00 1.800000000000e+06 1.000000000000e+05 6.201750000000e+06 2.480700000000e+07 0.000000000000e+00 0.000000000000e+00 0.000000000000e+00 2.588530000000e-04 8.416786271864e-05 0.000000000000e+00 
7.800000000000e-01 5.604129134783e-04 3.735387049895e-03 0.000000000000e+00 1.231379466975e+05 1.231379466975e+05 1.000019523986e+05 5.232788651240e-04 1.952398552421e+00 1.800000000000e+06 1.000000000000e+05 6.201750000000e+06 2.480700000000e+07 0.000000000000e+00 0.000000000000e+00 0.000000000000e+00 2.588530000000e-04 8.406193687094e-05 0.000000000000e+00 
7.850000000000e-01 5.596938559230e-04 3.718002317920e-03 0.000000000000e+00 1.227265098614e+05 1.227265098614e+05 1.000019523986e+05 5.232788651240e-04 1.952398552421e+00 1.800000000000e+06 1.000000000000e+05 6.201750000000e+06 2.480700000000e+07 0.000000000000e+00 0.000000000000e+00 0.000000000000e+00 2.588530000000e-04 8.395407825835e-05 0.000000000000e+00 
7.900000000000e-01 5.589624488209e-04 3.700445892377e-03 0.000000000000e+00 1.223066295603e+05 1.223066295603e+05 1.000019523986e+05 5.232788651240e-04 1.952398552421e+00 1.800000000000e+06 1.000000000000e+05 6.201750000000e+06 2.480700000000e+07 0.000000000000e+00 0.000000000000e+00 0.000000000000e+00 2.588530000000e-04 8.384436721154e-05 0.000000000000e+00 
7.950000000000e-01 5.582193034313e-04 3.682750443055e-03 0.000000000000e+00 1.218785819260e+05 1.218785819260e+05 1.000019523986e+05 5.232788651240e-04 1.952398552421e+00 1.800000000000e+06 1.000000000000e+05 6.201750000000e+06 2.480700000000e+07 0.000000000000e+00 0.000000000000e+00 0.000000000000e+00 2.588530000000e-04 8.373289541953e-05 0.000000000000e+00 
8.000000000000e-01 5.574651014505e-04 3.664948915330e-03 0.000000000000e+00 1.214426868649e+05 1.214426868649e+05 1.000019523986e+05 5.232788651240e-04 1.952398552421e+00 1.800000000000e+06 1.000000000000e+05 6.201750000000e+06 2.480700000000e+07 0.000000000000e+00 0.000000000000e+00 0.000000000000e+00 2.588530000000e-04 8.361976513692e-05 0.000000000000e+00 
8.050000000000e-01 5.567009605359e-04 3.647070285827e-03 0.000000000000e+00 1.209989991473e+05 1.209989991473e+05 1.000014302161e+05 5.232788651240e-04 1.430216133978e+00 1.800000000000e+06 1.000000000000e+05 6.201750000000e+06 2.480700000000e+07 0.000000000000e+00 0.000000000000e+00 0.000000000000e+00 2.588530000000e-04 8.350514401243e-05 0.000000000000e+00 
8.100000000000e-01 5.559271152071e-04 3.629154672372e-03 0.000000000000e+00 1.205486327833e+05 1.205486327833e+05 1.000014302161e+05 5.232788651240e-04 1.430216133978e+00 1.800000000000e+06 1.000000000000e+05 6.201750000000e+06 2.480700000000e+07 0.000000000000e+00 0.000000000000e+00 0.000000000000e+00 2.588530000000e-04 8.338906722418e-05 0.000000000000e+00 
8.150000000000e-01 5.551444813382e-04 3.611227428237e-03 0.000000000000e+00 1.200915344679e+05 1.200915344679e+05 1.000014302161e+05 5.232788651240e-04 1.430216133978e+00 1.800000000000e+06 1.000000000000e+05 6.201750000000e+06 2.480700000000e+07 0.000000000000e+00 0.000000000000e+00 0.000000000000e+00 2.588530000000e-04 8.327167215343e-05 0.000000000000e+00 
8.200000000000e-01 5.543540272624e-04 3.593319672618e-03 0.000000000000e+00 1.196282102867e+05 1.196282102867e+05 1.000014302161e+05 5.232788651240e-04 1.430216133978e+00 1.800000000000e+06 1.000000000000e+05 6.201750000000e+06 2.480700000000e+07 0.000000000000e+00 0.000000000000e+00 0.000000000000e+00 2.588530000000e-04 8.315310405030e-05 0.000000000000e+00 
8.250000000000e-01 5.535566981463e-04 3.575460998397e-03 0.000000000000e+00 1.191591597981e+05 1.191591597981e+05 1.000014302161e+05 5.232788651240e-04 1.430216133978e+00 1.800000000000e+06 1.000000000000e+05 6.201750000000e+06 2.480700000000e+07 0.000000000000e+00 0.000000000000e+00 0.000000000000e+00 2.588530000000e-04 8.303350468991e-05 0.000000000000e+00 
8.300000000000e-01 5.527534463699e-04 3.557679550716e-03 0.000000000000e+00 1.186848940251e+05 1.186848940251e+05 1.000014302161e+05 5.232788651240e-04 1.430216133978e+00 1.800000000000e+06 1.000000000000e+05 6.201750000000e+06 2.480700000000e+07 0.000000000000e+00 0.000000000000e+00 0.000000000000e+00 2.588530000000e-04 8.291301692939e-05 0.000000000000e+00 
8.350000000000e-01 5.519452348850e-04 3.540001677764e-03 0.000000000000e+00 1.182059377742e+05 1.182059377742e+05 1.000014302161e+05 5.232788651240e-04 1.430216133978e+00 1.800000000000e+06 1.000000000000e+05 6.201750000000e+06 2.480700000000e+07 0.000000000000e+00 0.000000000000e+00 0.000000000000e+00 2.588530000000e-04 8.279178521164e-05 0.000000000000e+00 
8.400000000000e-01 5.511330345382e-04 3.522452449216e-03 0.000000000000e+00 1.177228283875e+05 1.177228283875e+05 1.000014302161e+05 5.232788651240e-04 1.430216133978e+00 1.800000000000e+06 1.000000000000e+05 6.201750000000e+06 2.480700000000e+07 0.000000000000e+00 0.000000000000e+00 0.000000000000e+00 2.588530000000e-04 8.266995516379e-05 0.000000000000e+00 
8.450000000000e-01 5.503178196306e-04 3.505055435462e-03 0.000000000000e+00 1.172361133858e+05 1.172361133858e+05 1.000014302161e+05 5.232788651240e-04 1.430216133978e+00 1.800000000000e+06 1.000000000000e+05 6.201750000000e+06 2.480700000000e+07 0.000000000000e+00 0.000000000000e+00 0.000000000000e+00 2.588530000000e-04 8.254767293110e-05 0.000000000000e+00 
8.500000000000e-01 5.495005615854e-04 3.487832521609e-03 0.000000000000e+00 1.167463468985e+05 1.167463468985e+05 1.000014302161e+05 5.232788651240e-04 1.430216133978e+00 1.800000000000e+06 1.000000000000e+05 6.201750000000e+06 2.480700000000e+07 0.000000000000e+00 0.000000000000e+00 0.000000000000e+00 2.588530000000e-04 8.242508422714e-05 0.000000000000e+00 
8.550000000000e-01 5.486822212713e-04 3.470803504958e-03 0.000000000000e+00 1.162540851745e+05 1.162540851745e+05 1.000014302161e+05 5.232788651240e-04 1.430216133978e+00 1.800000000000e+06 1.000000000000e+05 6.201750000000e+06 2.480700000000e+07 0.000000000000e+00 0.000000000000e+00 0.000000000000e+00 2.588530000000e-04 8.230233318234e-05 0.000000000000e+00 
8.600000000000e-01 5.478637430304e-04 3.453986430493e-03 0.000000000000e+00 1.157598829966e+05 1.157598829966e+05 1.000014302161e+05 5.232788651240e-04 1.430216133978e+00 1.800000000000e+06 1.000000000000e+05 6.201750000000e+06 2.480700000000e+07 0.000000000000e+00 0.000000000000e+00 0.000000000000e+00 2.588530000000e-04 8.217956144806e-05 0.000000000000e+00 
8.650000000000e-01 5.470460516185e-04 3.437397959038e-03 0.000000000000e+00 1.152642917573e+05 1.152642917573e+05 1.000014302161e+05 5.232788651240e-04 1.430216133978e+00 1.800000000000e+06 1.000000000000e+05 6.201750000000e+06 2.480700000000e+07 0.000000000000e+00 0.000000000000e+00 0.000000000000e+00 2.588530000000e-04 8.205690773777e-05 0.000000000000e+00 
8.700000000000e-01 5.462300469751e-04 3.421052719502e-03 0.000000000000e+00 1.147678561430e+05 1.147678561430e+05 1.000014302161e+05 5.232788651240e-04 1.430216133978e+00 1.800000000000e+06 1.000000000000e+05 6.201750000000e+06 2.480700000000e+07 0.000000000000e+00 0.000000000000e+00 0.000000000000e+00 2.588530000000e-04 8.193450704244e-05 0.000000000000e+00 
8.750000000000e-01 5.454165941996e-04 3.404962302688e-03 0.000000000000e+00 1.142711077895e+05 1.142711077895e+05 1.000014302161e+05 5.232788651240e-04 1.430216133978e+00 1.800000000000e+06 1.000000000000e+05 6.201750000000e+06 2.480700000000e+07 0.000000000000e+00 0.000000000000e+00 0.000000000000e+00 2.588530000000e-04 8.181248912705e-05 0.000000000000e+00 
8.800000000000e-01 5.446065282327e-04 3.389138923192e-03 0.000000000000e+00 1.137745678042e+05 1.137745678042e+05 1.000014302161e+05 5.232788651240e-04 1.430216133978e+00 1.800000000000e+06 1.000000000000e+05 6.201750000000e+06 2.480700000000e+07 0.000000000000e+00 0.000000000000e+00 0.000000000000e+00 2.588530000000e-04 8.169097923274e-05 0.000000000000e+00 
8.850000000000e-01 5.438006472688e-04 3.373591166849e-03 0.000000000000e+00 1.132787423841e+05 1.132787423841e+05 1.000014302161e+05 5.232788651240e-04 1.430216133978e+00 1.800000000000e+06 1.000000000000e+05 6.201750000000e+06 2.480700000000e+07 0.000000000000e+00 0.000000000000e+00 0.000000000000e+00 2.588530000000e-04 8.157009708871e-05 0.000000000000e+00 
8.900000000000e-01 5.429997033472e-04 3.358325518348e-03 0.000000000000e+00 1.127841165769e+05 1.127841165769e+05 1.000014302161e+05 5.232788651240e-04 1.430216133978e+00 1.800000000000e+06 1.000000000000e+05 6.201750000000e+06 2.480700000000e+07 0.000000000000e+00 0.000000000000e+00 0.000000000000e+00 2.588530000000e-04 8.144995550090e-05 0.000000000000e+00 
8.950000000000e-01 5.422044030487e-04 3.343347119901e-03 0.000000000000e+00 1.122911541691e+05 1.122911541691e+05 1.000014302161e+05 5.232788651240e-04 1.430216133978e+00 1.800000000000e+06 1.000000000000e+05 6.201750000000e+06 2.480700000000e+07 0.000000000000e+00 0.000000000000e+00 0.000000000000e+00 2.588530000000e-04 8.133066045645e-05 0.000000000000e+00 
9.000000000000e-01 5.414154087289e-04 3.328659936160e-03 0.000000000000e+00 1.118002979033e+05 1.118002979033e+05 1.000014302161e+05 5.232788651240e-04 1.430216133978e+00 1.800000000000e+06 1.000000000000e+05 6.201750000000e+06 2.480700000000e+07 0.000000000000e+00 0.000000000000e+00 0.000000000000e+00 2.588530000000e-04 8.121231130871e-05 0.000000000000e+00 
9.050000000000e-01 5.406356128706e-04 3.314259282271e-03 0.000000000000e+00 1.113117102165e+05 1.113117102165e+05 9.999974880760e+04 5.232788651240e-04 -2.511923967819e-01 1.800000000000e+06 1.000000000000e+05 6.201750000000e+06 2.480700000000e+07 0.000000000000e+00 0.000000000000e+00 0.000000000000e+00 2.588530000000e-04 8.109534193015e-05 0.000000000000e+00 
9.100000000000e-01 5.398611857442e-04 3.300167305274e-03 0.000000000000e+00 1.108264037456e+05 1.108264037456e+05 9.999974880760e+04 5.232788651240e-04 -2.511923967819e-01 1.800000000000e+06 1.000000000000e+05 6.201750000000e+06 2.480700000000e+07 0.000000000000e+00 0.000000000000e+00 0.000000000000e+00 2.588530000000e-04 8.097917786132e-05 0.000000000000e+00 
9.150000000000e-01 5.390946576175e-04 3.286361093511e-03 0.000000000000e+00 1.103443193786e+05 1.103443193786e+05 9.999974880760e+04 5.232788651240e-04 -2.511923967819e-01 1.800000000000e+06 1.000000000000e+05 6.201750000000e+06 2.480700000000e+07 0.000000000000e+00 0.000000000000e+00 0.000000000000e+00 2.588530000000e-04 8.086419864242e-05 0.000000000000e+00 
9.200000000000e-01 5.383365731278e-04 3.272846594355e-03 0.000000000000e+00 1.098658466496e+05 1.098658466496e+05 9.999974880760e+04 5.232788651240e-04 -2.511923967819e-01 1.800000000000e+06 1.000000000000e+05 6.201750000000e+06 2.480700000000e+07 0.000000000000e+00 0.000000000000e+00 0.000000000000e+00 2.588530000000e-04 8.075048596903e-05 0.000000000000e+00 
9.250000000000e-01 5.375873789656e-04 3.259621257825e-03 0.000000000000e+00 1.093913176807e+05 1.093913176807e+05 9.999974880760e+04 5.232788651240e-04 -2.511923967819e-01 1.800000000000e+06 1.000000000000e+05 6.201750000000e+06 2.480700000000e+07 0.000000000000e+00 0.000000000000e+00 0.000000000000e+00 2.588530000000e-04 8.063810684474e-05 0.000000000000e+00 
9.300000000000e-01 5.368474550264e-04 3.246680665271e-03 0.000000000000e+00 1.089210258455e+05 1.089210258455e+05 9.999974880760e+04 5.232788651240e-04 -2.511923967819e-01 1.800000000000e+06 1.000000000000e+05 6.201750000000e+06 2.480700000000e+07 0.000000000000e+00 0.000000000000e+00 0.000000000000e+00 2.588530000000e-04 8.052711825390e-05 0.000000000000e+00 
9.350000000000e-01 5.361171271822e-04 3.234019578459e-03 0.000000000000e+00 1.084552331125e+05 1.084552331125e+05 9.999974880760e+04 5.232788651240e-04 -2.511923967819e-01 1.800000000000e+06 1.000000000000e+05 6.201750000000e+06 2.480700000000e+07 0.000000000000e+00 0.000000000000e+00 0.000000000000e+00 2.588530000000e-04 8.041756907728e-05 0.000000000000e+00 
9.400000000000e-01 5.353966720268e-04 3.221632611785e-03 0.000000000000e+00 1.079941724222e+05 1.079941724222e+05 9.999974880760e+04 5.232788651240e-04 -2.511923967819e-01 1.800000000000e+06 1.000000000000e+05 6.201750000000e+06 2.480700000000e+07 0.000000000000e+00 0.000000000000e+00 0.000000000000e+00 2.588530000000e-04 8.030950080399e-05 0.000000000000e+00 
9.450000000000e-01 5.346863274699e-04 3.209512146164e-03 0.000000000000e+00 1.075380538958e+05 1.075380538958e+05 9.999974880760e+04 5.232788651240e-04 -2.511923967819e-01 1.800000000000e+06 1.000000000000e+05 6.201750000000e+06 2.480700000000e+07 0.000000000000e+00 0.000000000000e+00 0.000000000000e+00 2.588530000000e-04 8.020294912047e-05 0.000000000000e+00 
9.500000000000e-01 5.339862818867e-04 3.197651523565e-03 0.000000000000e+00 1.070870573530e+05 1.070870573530e+05 9.999974880760e+04 5.232788651240e-04 -2.511923967819e-01 1.800000000000e+06 1.000000000000e+05 6.201750000000e+06 2.480700000000e+07 0.000000000000e+00 0.000000000000e+00 0.000000000000e+00 2.588530000000e-04 8.009794228299e-05 0.000000000000e+00 
9.550000000000e-01 5.332966818731e-04 3.186042202362e-03 0.000000000000e+00 1.066413367462e+05 1.066413367462e+05 9.999974880760e+04 5.232788651240e-04 -2.511923967819e-01 1.800000000000e+06 1.000000000000e+05 6.201750000000e+06 2.480700000000e+07 0.000000000000e+00 0.000000000000e+00 0.000000000000e+00 2.588530000000e-04 7.999450228095e-05 0.000000000000e+00 
9.600000000000e-01 5.326176335272e-04 3.174675830396e-03 0.000000000000e+00 1.062010205024e+05 1.062010205024e+05 9.999974880760e+04 5.232788651240e-04 -2.511923967819e-01 1.800000000000e+06 1.000000000000e+05 6.201750000000e+06 2.480700000000e+07 0.000000000000e+00 0.000000000000e+00 0.000000000000e+00 2.588530000000e-04 7.989264502908e-05 0.000000000000e+00 
9.650000000000e-01 5.319492074662e-04 3.163544007359e-03 0.000000000000e+00 1.057662143257e+05 1.057662143257e+05 9.999974880760e+04 5.232788651240e-04 -2.511923967819e-01 1.800000000000e+06 1.000000000000e+05 6.201750000000e+06 2.480700000000e+07 0.000000000000e+00 0.000000000000e+00 0.000000000000e+00 2.588530000000e-04 7.979238111993e-05 0.000000000000e+00 
9.700000000000e-01 5.312914392619e-04 3.152637628238e-03 0.000000000000e+00 1.053370010813e+05 1.053370010813e+05 9.999974880760e+04 5.232788651240e-04 -2.511923967819e-01 1.800000000000e+06 1.000000000000e+05 6.201750000000e+06 2.480700000000e+07 0.000000000000e+00 0.000000000000e+00 0.000000000000e+00 2.588530000000e-04 7.969371588929e-05 0.000000000000e+00 
9.750000000000e-01 5.306443288599e-04 3.141947274001e-03 0.000000000000e+00 1.049134400299e+05 1.049134400299e+05 9.999974880760e+04 5.232788651240e-04 -2.511923967819e-01 1.800000000000e+06 1.000000000000e+05 6.201750000000e+06 2.480700000000e+07 0.000000000000e+00 0.000000000000e+00 0.000000000000e+00 2.588530000000e-04 7.959664932898e-05 0.000000000000e+00 
9.800000000000e-01 5.300078464047e-04 3.131463691196e-03 0.000000000000e+00 1.044955702806e+05 1.044955702806e+05 9.999974880760e+04 5.232788651240e-04 -2.511923967819e-01 1.800000000000e+06 1.000000000000e+05 6.201750000000e+06 2.480700000000e+07 0.000000000000e+00 0.000000000000e+00 0.000000000000e+00 2.588530000000e-04 7.950117696070e-05 0.000000000000e+00 
9.850000000000e-01 5.293819329755e-04 3.121177332957e-03 0.000000000000e+00 1.040834109680e+05 1.040834109680e+05 9.999974880760e+04 5.232788651240e-04 -2.511923967819e-01 1.800000000000e+06 1.000000000000e+05 6.201750000000e+06 2.480700000000e+07 0.000000000000e+00 0.000000000000e+00 0.000000000000e+00 2.588530000000e-04 7.940728994633e-05 0.000000000000e+00 
9.900000000000e-01 5.287665113723e-04 3.111080971840e-03 0.000000000000e+00 1.036769680977e+05 1.036769680977e+05 9.999974880760e+04 5.232788651240e-04 -2.511923967819e-01 1.800000000000e+06 1.000000000000e+05 6.201750000000e+06 2.480700000000e+07 0.000000000000e+00 0.000000000000e+00 0.000000000000e+00 2.588530000000e-04 7.931497670585e-05 0.000000000000e+00 
9.950000000000e-01 5.281614697224e-04 3.101161122519e-03 0.000000000000e+00 1.032762234972e+05 1.032762234972e+05 9.999974880760e+04 5.232788651240e-04 -2.511923967819e-01 1.800000000000e+06 1.000000000000e+05 6.201750000000e+06 2.480700000000e+07 0.000000000000e+00 0.000000000000e+00 0.000000000000e+00 2.588530000000e-04 7.922422045837e-05 0.000000000000e+00 
1.000000000000e+00 5.275665367256e-04 3.091338968184e-03 0.000000000000e+00 1.028810515118e+05 1.028810515118e+05 9.999974880760e+04 5.232788651240e-04 -2.511923967819e-01 1.800000000000e+06 1.000000000000e+05 6.201750000000e+06 2.480700000000e+07 0.000000000000e+00 0.000000000000e+00 0.000000000000e+00 2.588530000000e-04 7.913497983452e-05 0.000000000000e+00 
