   u norm: 0.605105, lambda norm: 176.868
   lambda: -8.924e+01 2.295e-01 -3.798e-01 -8.524e+01 -9.358e+01 -1.845e-01 4.542e-01 -8.541e+01 
   u norm: 0.957, lambda norm: 149
   lambda: -7.630e+01 1.778e-01 -2.179e-01 -7.400e+01 -7.274e+01 -5.798e-01 -1.844e-01 -7.472e+01 
   u norm: 1.65, lambda norm: 135
   lambda: -6.882e+01 3.135e-01 -4.949e-03 -6.700e+01 -6.788e+01 -3.753e-01 -4.716e-02 -6.700e+01 
   u norm: 2.91, lambda norm: 128
   lambda: -6.467e+01 2.290e-01 -5.206e-02 -6.307e+01 -6.467e+01 -3.066e-01 -1.909e-02 -6.308e+01 
   u norm: 5.21, lambda norm: 125
   lambda: -6.314e+01 2.340e-01 -3.331e-02 -6.162e+01 -6.323e+01 -2.732e-01 1.397e-03 -6.162e+01 
cells dofs    u_L2_norm     u_Linfty_norm    u_H1_norm    
  256   578 6.769e-02    - 1.380e-01     - 6.305e-01    - 
  673  1468 5.986e-02 0.26 1.202e-01  0.30 5.698e-01 0.22 
 1696  3604 5.498e-02 0.19 1.139e-01  0.12 5.393e-01 0.12 
 4306  8996 5.209e-02 0.12 1.099e-01  0.08 5.222e-01 0.07 
10849 22436 5.095e-02 0.05 1.115e-01 -0.03 5.155e-01 0.03 
