   u norm: 0.807564, lambda norm: 39.0417
   lambda: -2.050e+01 1.776e-01 -4.131e-02 -1.743e+01 7.044e-03 -5.053e-04 -1.493e-03 -5.636e-03 -2.202e+01 -2.517e-01 -2.004e-02 -1.776e+01 -3.367e-03 -6.282e-04 -2.320e-03 5.656e-03 
   u norm: 1.4, lambda norm: 35.9
   lambda: -1.899e+01 2.170e-01 5.834e-02 -1.665e+01 5.951e-04 -3.066e-04 -8.379e-05 -7.581e-04 -1.939e+01 -2.527e-01 -7.098e-02 -1.667e+01 -1.405e-04 -2.899e-04 -1.458e-04 5.999e-04 
   u norm: 2.51, lambda norm: 34.1
   lambda: -1.803e+01 1.839e-01 3.327e-02 -1.598e+01 1.736e-04 -9.321e-06 5.486e-05 -3.851e-04 -1.814e+01 -2.323e-01 -6.742e-02 -1.599e+01 -1.658e-04 6.271e-06 2.322e-05 4.396e-04 
   u norm: 4.36, lambda norm: 33.3
   lambda: -1.757e+01 1.778e-01 3.406e-02 -1.564e+01 2.927e-05 6.560e-05 4.727e-05 -3.163e-04 -1.765e+01 -2.264e-01 -6.969e-02 -1.566e+01 2.532e-05 6.683e-05 2.613e-05 3.397e-04 
   u norm: 7.31, lambda norm: 32.8
   lambda: -1.726e+01 1.731e-01 3.308e-02 -1.540e+01 -4.537e-05 9.667e-05 4.870e-05 -2.562e-04 -1.736e+01 -2.177e-01 -6.469e-02 -1.542e+01 2.686e-05 1.128e-04 2.805e-05 2.707e-04 
cells dofs    u_L2_norm    u_Linfty_norm    u_H1_norm    
  256   578 9.624e-02    - 1.456e-01    - 5.902e-01    - 
  679  1480 9.106e-02 0.12 1.368e-01 0.13 5.640e-01 0.10 
 1717  3658 8.739e-02 0.09 1.307e-01 0.10 5.477e-01 0.07 
 4339  9160 8.554e-02 0.05 1.283e-01 0.04 5.403e-01 0.03 
10960 22920 8.423e-02 0.03 1.280e-01 0.01 5.364e-01 0.02 