   u norm: 0.639568, lambda norm: 1155.16
   lambda: -5.776e+02 -1.168e-01 -1.036e-01 -5.777e+02 -5.767e+02 1.712e-01 1.536e-01 -5.783e+02 
   u norm: 0.691, lambda norm: 710
   lambda: -3.549e+02 1.947e-02 2.571e-02 -3.549e+02 -3.550e+02 2.361e-02 1.704e-02 -3.549e+02 
   u norm: 1.03, lambda norm: 563
   lambda: -2.813e+02 2.389e-03 6.972e-03 -2.813e+02 -2.811e+02 -3.432e-03 -7.491e-03 -2.814e+02 
   u norm: 1.83, lambda norm: 526
   lambda: -2.631e+02 -7.185e-03 -2.902e-03 -2.631e+02 -2.630e+02 2.081e-03 -2.339e-03 -2.631e+02 
   u norm: 3.31, lambda norm: 503
   lambda: -2.515e+02 -3.178e-03 9.122e-04 -2.515e+02 -2.515e+02 3.330e-03 -7.982e-04 -2.515e+02 
cells dofs    u_L2_norm    u_Linfty_norm    u_H1_norm    
  256   578 6.470e-02    - 2.076e-01    - 8.349e-01    - 
  676  1470 4.075e-02 0.99 1.489e-01 0.71 6.328e-01 0.59 
 1699  3608 3.325e-02 0.45 1.195e-01 0.49 5.498e-01 0.31 
 4306  8998 3.132e-02 0.13 1.121e-01 0.14 5.291e-01 0.08 
10807 22284 3.003e-02 0.09 1.085e-01 0.07 5.157e-01 0.06 
