   u norm: 0.807497, lambda norm: 39.0355
   lambda: -2.056e+01 1.762e-01 5.613e-03 -1.756e+01 -2.195e+01 -2.753e-01 -4.760e-02 -1.762e+01 
   u norm: 1.4, lambda norm: 35.9
   lambda: -1.899e+01 2.170e-01 5.847e-02 -1.665e+01 -1.939e+01 -2.527e-01 -7.110e-02 -1.667e+01 
   u norm: 2.51, lambda norm: 34.1
   lambda: -1.803e+01 1.838e-01 3.333e-02 -1.598e+01 -1.815e+01 -2.323e-01 -6.749e-02 -1.599e+01 
   u norm: 4.36, lambda norm: 33.3
   lambda: -1.757e+01 1.778e-01 3.409e-02 -1.564e+01 -1.766e+01 -2.264e-01 -6.973e-02 -1.566e+01 
   u norm: 7.31, lambda norm: 32.8
   lambda: -1.726e+01 1.732e-01 3.310e-02 -1.540e+01 -1.736e+01 -2.177e-01 -6.471e-02 -1.542e+01 
cells dofs    u_L2_norm    u_Linfty_norm    u_H1_norm    
  256   578 9.623e-02    - 1.458e-01    - 5.902e-01    - 
  676  1476 9.106e-02 0.12 1.368e-01 0.14 5.641e-01 0.10 
 1717  3658 8.739e-02 0.09 1.307e-01 0.10 5.477e-01 0.06 
 4339  9160 8.554e-02 0.05 1.283e-01 0.04 5.403e-01 0.03 
10960 22920 8.424e-02 0.03 1.280e-01 0.01 5.364e-01 0.02 
