   u norm: 0.711112, lambda norm: 183.403
   lambda: -5.726e+01 -8.827e+00 7.314e+00 -1.035e+02 6.269e+00 -5.571e+00 -1.791e+00 -1.923e+00 -1.102e+02 -3.562e+00 1.325e+01 -8.307e+01 -1.182e+01 -5.856e+00 -2.550e+00 3.709e+00 
   u norm: 0.958, lambda norm: 149
   lambda: -7.631e+01 1.784e-01 -2.181e-01 -7.400e+01 -2.928e-04 8.591e-05 -1.029e-03 -8.189e-04 -7.274e+01 -5.800e-01 -1.840e-01 -7.472e+01 8.409e-04 1.258e-04 -5.606e-04 -1.017e-03 
   u norm: 1.64, lambda norm: 135
   lambda: -6.882e+01 3.137e-01 -4.844e-03 -6.700e+01 -4.502e-04 1.996e-04 2.636e-04 4.361e-04 -6.788e+01 -3.753e-01 -4.720e-02 -6.700e+01 1.111e-03 2.110e-04 1.695e-04 -6.370e-04 
   u norm: 2.9, lambda norm: 128
   lambda: -6.467e+01 2.291e-01 -5.196e-02 -6.307e+01 2.663e-04 -4.990e-04 -4.975e-05 1.329e-04 -6.467e+01 -3.065e-01 -1.898e-02 -6.308e+01 5.696e-04 -4.836e-04 1.925e-06 -1.924e-04 
   u norm: 5.2, lambda norm: 125
   lambda: -6.314e+01 2.340e-01 -3.339e-02 -6.162e+01 -3.031e-04 5.922e-05 3.437e-05 2.137e-04 -6.323e+01 -2.732e-01 1.498e-03 -6.162e+01 3.319e-04 4.003e-05 2.740e-05 -1.912e-04 
cells dofs    u_L2_norm     u_Linfty_norm    u_H1_norm    
  256   578 8.059e-02    - 1.545e-01     - 7.032e-01    - 
  661  1442 5.986e-02 0.65 1.201e-01  0.55 5.698e-01 0.46 
 1675  3562 5.498e-02 0.19 1.139e-01  0.12 5.393e-01 0.12 
 4252  8892 5.209e-02 0.12 1.099e-01  0.08 5.222e-01 0.07 
10690 22110 5.095e-02 0.05 1.115e-01 -0.03 5.155e-01 0.03 