ri modes cells dofs lambdanorm lambda1  lambda2 lambda3 lambda4 lambda5 lambda6 lambda7 lambda8 lambda9 lambda10 lambda11 lambda12 lambda13 lambda14 lambda15 lambda16 lambda17 lambda18 lambda19 lambda20 lambda21 lambda22 lambda23 lambda24 lambda25 lambda26 lambda27 lambda28 lambda29 lambda30 lambda31 lambda32
0.1 2 10849 22436  125 -6.314e+01 2.340e-01 -3.331e-02 -6.162e+01 nan nan nan nan nan nan nan nan nan nan nan nan -6.323e+01 -2.732e-01 1.397e-03 -6.162e+01 
0.1 4 10690 22110  125 -6.314e+01 2.340e-01 -3.339e-02 -6.162e+01 -3.031e-04 5.922e-05 3.437e-05 2.137e-04  nan nan nan nan nan nan nan nan -6.323e+01 -2.732e-01 1.498e-03 -6.162e+01 3.319e-04 4.003e-05 2.740e-05 -1.912e-04 
0.1 6 10690 22110  125 -6.314e+01 2.340e-01 -3.339e-02 -6.162e+01 -3.031e-04 5.922e-05 3.437e-05 2.137e-04 3.909e-05 -1.973e-06 2.161e-06 -4.525e-05  nan nan nan nan -6.323e+01 -2.732e-01 1.498e-03 -6.162e+01 3.319e-04 4.003e-05 2.740e-05 -1.912e-04 4.682e-05 1.310e-06 -2.592e-06 -4.543e-05 
0.1 8 10690 22110  125 -6.314e+01 2.340e-01 -3.339e-02 -6.162e+01 -3.031e-04 5.922e-05 3.437e-05 2.137e-04 3.909e-05 -1.973e-06 2.161e-06 -4.525e-05 -1.864e-06 -1.731e-06 7.360e-08 -5.954e-09 -6.323e+01 -2.732e-01 1.498e-03 -6.162e+01 3.319e-04 4.003e-05 2.740e-05 -1.912e-04 4.682e-05 1.310e-06 -2.592e-06 -4.543e-05 2.451e-06 -1.592e-06 -1.763e-07 -1.885e-08 
0.2 2 10960 22920 32.8 -1.726e+01 1.732e-01 3.310e-02 -1.540e+01  nan nan nan nan nan nan nan nan nan nan nan nan -1.736e+01 -2.177e-01 -6.471e-02 -1.542e+01 
0.2 4 10960 22920 32.8 -1.726e+01 1.731e-01 3.308e-02 -1.540e+01 -4.537e-05 9.667e-05 4.870e-05 -2.562e-04  nan nan nan nan nan nan nan nan -1.736e+01 -2.177e-01 -6.469e-02 -1.542e+01 2.686e-05 1.128e-04 2.805e-05 2.707e-04 
0.2 6 10960 22920 32.8 -1.726e+01 1.731e-01 3.308e-02 -1.540e+01 -4.541e-05 9.667e-05 4.870e-05 -2.562e-04 2.335e-04 2.780e-06 -8.221e-06 -2.103e-04  nan nan nan nan -1.736e+01 -2.177e-01 -6.469e-02 -1.542e+01 2.690e-05 1.128e-04 2.806e-05 2.707e-04 2.469e-04 -2.173e-06 -3.013e-06 -1.845e-04 
0.2 8 10960 22920 32.8 -1.726e+01 1.731e-01 3.308e-02 -1.540e+01 -4.541e-05 9.667e-05 4.870e-05 -2.562e-04 2.335e-04 2.780e-06 -8.221e-06 -2.103e-04 -6.069e-06 3.320e-06 4.373e-06 5.315e-06 -1.736e+01 -2.177e-01 -6.469e-02 -1.542e+01 2.690e-05 1.128e-04 2.806e-05 2.707e-04 2.469e-04 -2.173e-06 -3.013e-06 -1.845e-04 5.206e-06 3.698e-06 3.967e-06 -6.709e-06 
0.05 2 10807 22284 503 -2.515e+02 -3.178e-03 9.122e-04 -2.515e+02  nan nan nan nan nan nan nan nan nan nan nan nan -2.515e+02 3.330e-03 -7.982e-04 -2.515e+02 
0.05 4 10807 22284 503 -2.515e+02 -3.178e-03 9.122e-04 -2.515e+02 5.704e-04 -6.119e-04 6.093e-05 9.409e-05  nan nan nan nan nan nan nan nan -2.515e+02 3.330e-03 -7.982e-04 -2.515e+02 -6.346e-04 -6.112e-04 -8.813e-06 -3.539e-05 
0.05 6 10807 22284 503 -2.515e+02 -3.178e-03 9.122e-04 -2.515e+02 5.704e-04 -6.119e-04 6.093e-05 9.409e-05 2.732e-05 -1.258e-06 1.254e-06 -2.731e-05  nan nan nan nan -2.515e+02 3.330e-03 -7.982e-04 -2.515e+02 -6.346e-04 -6.112e-04 -8.813e-06 -3.539e-05 3.323e-05 1.894e-06 -2.436e-06 -2.985e-05 
0.05 8 10807 22284 503 -2.515e+02 -3.178e-03 9.122e-04 -2.515e+02 5.704e-04 -6.119e-04 6.093e-05 9.409e-05 2.732e-05 -1.258e-06 1.254e-06 -2.731e-05 1.272e-06 1.273e-06 7.883e-08 -7.834e-08 -2.515e+02 3.330e-03 -7.982e-04 -2.515e+02 -6.346e-04 -6.112e-04 -8.813e-06 -3.539e-05 3.323e-05 1.894e-06 -2.436e-06 -2.985e-05 -1.437e-06 1.389e-06 3.535e-08 -8.580e-08 