-0.6947079361864377 0.6601241001807421 0.05 
0.5011717760555667 -0.46536885109509873 0.05 
-0.00867333452531216 -0.09596697690139755 0.05 
0.28802664817324963 0.548574367157475 0.05 
-0.7716667851289537 -0.8961397946081879 0.05 
0.6379536974477524 -0.12774257098039854 0.05 
0.4983321566700898 -0.9459984986328897 0.05 
-0.10376433129587725 0.4209260614474868 0.05 
-0.51535177958614 0.8460143215524523 0.05 
0.7627121694618189 -0.8918790322362482 0.05 
-0.9016528641124244 0.07868369830764355 0.05 
0.83438340927917 -0.2257119483923964 0.05 
-0.5384611454518345 -0.14797850639283705 0.05 
-0.8948225036077508 -0.5287858340812334 0.05 
-0.11801357206391305 -0.007956741374483767 0.05 
-0.5071395445106119 -0.5113535710721298 0.05 
-0.5343160290583916 -0.07675341509830613 0.05 
-0.39941493227807745 -0.9091695599947731 0.05 
0.6413981537588884 0.1072632130396236 0.05 
0.2703592895716467 -0.5967780948000363 0.05 
0.9358324831345237 0.6838984047110508 0.05 
-0.7203090763689678 -0.31787914781575466 0.05 
0.42082037440820996 0.40126436242103125 0.05 
0.8292371149189732 -0.14799670007331112 0.05 
0.6270678172212214 0.32358057618673497 0.05 
-0.3735998292274565 0.16640315167276287 0.05 
0.7267101015805295 0.6577750950137942 0.05 
0.010039259101240816 0.16910429016684825 0.05 
-0.884400922712451 -0.48879405026817146 0.05 
0.5650680703531754 -0.16280340132852889 0.05 
-0.6212859369998032 0.0927176466374906 0.05 
0.3857774479246998 0.3315230779544218 0.05 
-0.2380642610468835 -0.11597290291533002 0.05 
0.016010327674965463 0.529040968500277 0.05 
0.039782993464975824 -0.2028153195679705 0.05 
-0.019582311121709384 -0.8938075684628766 0.05 
-0.8673741483225978 0.3864259683472884 0.05 
0.9180566628883804 0.17704908772210937 0.05 
-0.20216059588196345 -0.6263365259742055 0.05 
0.004253261023617894 0.915945611323215 0.05 
0.5139939656785211 0.07527315205457974 0.05 
0.6845505799490441 -0.5088653566802723 0.05 
0.02616616005651029 0.859688037709712 0.05 
0.14781013482228578 -0.07764970936973015 0.05 
-0.4383689928612997 0.09119298798587283 0.05 
0.8685209347744309 -0.9391526540442534 0.05 
0.5389449419692407 0.6089232326584155 0.05 
0.7337412035694155 0.45695648248307297 0.05 
0.5873658116577112 0.035488738693703836 0.05 
0.11657994307892006 -0.14042770859251463 0.05 
