-0.7312715117751976 0.6948674738744653  0.05
0.5275492379532281 -0.4898619485211566  0.05
-0.009129825816118098 -0.10101787042252375  0.05
0.3031859454455259 0.5774467022710263  0.05
-0.8122808264515302 -0.9433050469559874  0.05
0.6715302078397394 -0.13446586418989326  0.05
0.524560164915884 -0.9957878932977786  0.05
-0.10922561189039715 0.44308006468156513  0.05
-0.5424755574590947 0.8905413911078446  0.05
0.8028549152229671 -0.9388200339328929  0.05
-0.9491082780130784 0.08282494558699316  0.05
0.8782983255570211 -0.23759152462357513  0.05
-0.5668012057387732 -0.15576684883456537  0.05
-0.9419184248502641 -0.5566166674539299  0.05
-0.12422481269885588 -0.008375517236298702  0.05
-0.5338310994848547 -0.5382669169180314  0.05
-0.5624379253246228 -0.08079306852453283  0.05
-0.42043677081902886 -0.9570205894681822  0.05
0.6751559513251457 0.11290864530486688  0.05
0.28458872586489115 -0.6281874682105646  0.05
0.9850868243521302 0.7198930575905798  0.05
-0.7582200803883872 -0.3346096292797418  0.05
0.44296881516653674 0.4223835393905593  0.05
0.8728811735989193 -0.15578600007716958  0.05
0.660071386548654 0.34061113282814204  0.05
-0.3932629781341648 0.1751612122871189  0.05
0.7649580016637154 0.6923948368566255  0.05
 0.050567641159200836 0.17800451596510336  0.05
-0.9309483396973168 -0.5145200529138647  0.05
0.5948084951086057 -0.17137200139845143  0.05
-0.6539851968418982 0.09759752277630596  0.05
0.40608152413126297 0.3489716610046545  0.05
-0.25059395899671943 -0.12207673991087375  0.05
 0.056852976499963646 0.5568852300002916  0.05
0.041876835226290376 -0.21348981007154788  0.05
-0.02061295907548355 -0.9408500720661859  0.05
-0.9130254192869451 0.406764177207672  0.05
0.9663754346193478 0.18636746076011512  0.05
-0.21280062724417204 -0.6593016062886374  0.05
0.004477116866966169 0.9641532750770685  0.05
0.5410462796616011 0.07923489689955754  0.05
0.7205795578410992 -0.5356477438739708  0.05
0.027543326375274013 0.904934776536539  0.05
0.15558961560240614 -0.08173653617866328  0.05
-0.46144104511715756 0.09599261893249778  0.05
0.9142325629204537 -0.9885817410992142  0.05
0.5673104652307797 0.6409718238509639  0.05
0.7723591616520165 0.4810068236663927  0.05
0.6182798017449591 0.0373565670460041  0.05
0.12271572955675802 -0.14781864062369965  0.05
