1.0 1.0 0.305 0.0 0.0 0.01 0.012906 0.0
1.0 1.0 0.315 0.0 0.0 0.01 0.012906 0.0
1.0 1.0 0.325 0.0 0.0 0.01 0.012906 0.0
1.0 1.0 0.335 0.0 0.0 0.01 0.012906 0.0
1.0 1.0 0.34500000000000003 0.0 0.0 0.01 0.012906 0.0
1.0 1.0 0.35500000000000004 0.0 0.0 0.01 0.012906 0.0
1.0 1.0 0.36500000000000005 0.0 0.0 0.01 0.012906 0.0
1.0 1.0 0.37500000000000006 0.0 0.0 0.01 0.012906 0.0
1.0 1.0 0.38500000000000006 0.0 0.0 0.01 0.012906 0.0
1.0 1.0 0.3950000000000001 0.0 0.0 0.01 0.012906 0.0
1.0 1.0 0.4050000000000001 0.0 0.0 0.01 0.012906 0.0
1.0 1.0 0.4150000000000001 0.0 0.0 0.01 0.012906 0.0
1.0 1.0 0.4250000000000001 0.0 0.0 0.01 0.012906 0.0
1.0 1.0 0.4350000000000001 0.0 0.0 0.01 0.012906 0.0
1.0 1.0 0.4450000000000001 0.0 0.0 0.01 0.012906 0.0
1.0 1.0 0.4550000000000001 0.0 0.0 0.01 0.012906 0.0
1.0 1.0 0.46500000000000014 0.0 0.0 0.01 0.012906 0.0
1.0 1.0 0.47500000000000014 0.0 0.0 0.01 0.012906 0.0
1.0 1.0 0.48500000000000015 0.0 0.0 0.01 0.012906 0.0
1.0 1.0 0.4950000000000001 0.0 0.0 0.01 0.012906 0.0
1.0 1.0 0.5050000000000001 0.0 0.0 0.01 0.012906 0.0
1.0 1.0 0.5150000000000001 0.0 0.0 0.01 0.012906 0.0
1.0 1.0 0.5250000000000001 0.0 0.0 0.01 0.012906 0.0
1.0 1.0 0.5350000000000001 0.0 0.0 0.01 0.012906 0.0
1.0 1.0 0.5450000000000002 0.0 0.0 0.01 0.012906 0.0
1.0 1.0 0.5550000000000002 0.0 0.0 0.01 0.012906 0.0
1.0 1.0 0.5650000000000002 0.0 0.0 0.01 0.012906 0.0
1.0 1.0 0.5750000000000002 0.0 0.0 0.01 0.012906 0.0
1.0 1.0 0.5850000000000002 0.0 0.0 0.01 0.012906 0.0
1.0 1.0 0.5950000000000002 0.0 0.0 0.01 0.012906 0.0
1.0 1.0 0.6050000000000002 0.0 0.0 0.01 0.012906 0.0
1.0 1.0 0.6150000000000002 0.0 0.0 0.01 0.012906 0.0
1.0 1.0 0.6250000000000002 0.0 0.0 0.01 0.012906 0.0
1.0 1.0 0.6350000000000002 0.0 0.0 0.01 0.012906 0.0
1.0 1.0 0.6450000000000002 0.0 0.0 0.01 0.012906 0.0
1.0 1.0 0.6550000000000002 0.0 0.0 0.01 0.012906 0.0
1.0 1.0 0.6650000000000003 0.0 0.0 0.01 0.012906 0.0
1.0 1.0 0.6750000000000003 0.0 0.0 0.01 0.012906 0.0
1.0 1.0 0.6850000000000003 0.0 0.0 0.01 0.012906 0.0
1.0 1.0 0.6950000000000003 0.0 0.0 0.01 0.012906 0.0
1.0 1.0 0.7050000000000003 0.0 0.0 0.01 0.012906 0.0
1.0 1.0 0.7150000000000003 0.0 0.0 0.01 0.012906 0.0
1.0 1.0 0.7250000000000003 0.0 0.0 0.01 0.012906 0.0
1.0 1.0 0.7350000000000003 0.0 0.0 0.01 0.012906 0.0
1.0 1.0 0.7450000000000003 0.0 0.0 0.01 0.012906 0.0
1.0 1.0 0.7550000000000003 0.0 0.0 0.01 0.012906 0.0
1.0 1.0 0.7650000000000003 0.0 0.0 0.01 0.012906 0.0
1.0 1.0 0.7750000000000004 0.0 0.0 0.01 0.012906 0.0
1.0 1.0 0.7850000000000004 0.0 0.0 0.01 0.012906 0.0
1.0 1.0 0.7950000000000004 0.0 0.0 0.01 0.012906 0.0
1.0 1.0 0.8050000000000004 0.0 0.0 0.01 0.012906 0.0
1.0 1.0 0.8150000000000004 0.0 0.0 0.01 0.012906 0.0
1.0 1.0 0.8250000000000004 0.0 0.0 0.01 0.012906 0.0
1.0 1.0 0.8350000000000004 0.0 0.0 0.01 0.012906 0.0
1.0 1.0 0.8450000000000004 0.0 0.0 0.01 0.012906 0.0
1.0 1.0 0.8550000000000004 0.0 0.0 0.01 0.012906 0.0
1.0 1.0 0.8650000000000004 0.0 0.0 0.01 0.012906 0.0
1.0 1.0 0.8750000000000004 0.0 0.0 0.01 0.012906 0.0
1.0 1.0 0.8850000000000005 0.0 0.0 0.01 0.012906 0.0
1.0 1.0 0.8950000000000005 0.0 0.0 0.01 0.012906 0.0
1.0 1.0 0.9050000000000005 0.0 0.0 0.01 0.012906 0.0
1.0 1.0 0.9150000000000005 0.0 0.0 0.01 0.012906 0.0
1.0 1.0 0.9250000000000005 0.0 0.0 0.01 0.012906 0.0
1.0 1.0 0.9350000000000005 0.0 0.0 0.01 0.012906 0.0
1.0 1.0 0.9450000000000005 0.0 0.0 0.01 0.012906 0.0
1.0 1.0 0.9550000000000005 0.0 0.0 0.01 0.012906 0.0
1.0 1.0 0.9650000000000005 0.0 0.0 0.01 0.012906 0.0
1.0 1.0 0.9750000000000005 0.0 0.0 0.01 0.012906 0.0
1.0 1.0 0.9850000000000005 0.0 0.0 0.01 0.012906 0.0
1.0035355339059326 1.0 1.0035355339059326 0.007 0.0 0.007 0.012906 1.0
1.0106066017177984 1.0 1.0106066017177984 0.007 0.0 0.007 0.012906 1.0
1.0176776695296637 1.0 1.0176776695296637 0.007 0.0 0.007 0.012906 1.0
1.0247487373415294 1.0 1.0247487373415294 0.007 0.0 0.007 0.012906 1.0
1.0318198051533947 1.0 1.0318198051533947 0.007 0.0 0.007 0.012906 1.0
1.0388908729652604 1.0 1.0388908729652604 0.007 0.0 0.007 0.012906 1.0
1.0459619407771257 1.0 1.0459619407771257 0.007 0.0 0.007 0.012906 1.0
1.0530330085889914 1.0 1.0530330085889914 0.007 0.0 0.007 0.012906 1.0
1.0601040764008567 1.0 1.0601040764008567 0.007 0.0 0.007 0.012906 1.0
1.0671751442127224 1.0 1.0671751442127224 0.007 0.0 0.007 0.012906 1.0
1.0742462120245877 1.0 1.0742462120245877 0.007 0.0 0.007 0.012906 1.0
1.0813172798364534 1.0 1.0813172798364534 0.007 0.0 0.007 0.012906 1.0
1.0883883476483187 1.0 1.0883883476483187 0.007 0.0 0.007 0.012906 1.0
1.0954594154601844 1.0 1.0954594154601844 0.007 0.0 0.007 0.012906 1.0
1.1025304832720497 1.0 1.1025304832720497 0.007 0.0 0.007 0.012906 1.0
1.1096015510839154 1.0 1.1096015510839154 0.007 0.0 0.007 0.012906 1.0
1.1166726188957807 1.0 1.1166726188957807 0.007 0.0 0.007 0.012906 1.0
1.1237436867076465 1.0 1.1237436867076465 0.007 0.0 0.007 0.012906 1.0
1.1308147545195117 1.0 1.1308147545195117 0.007 0.0 0.007 0.012906 1.0
1.1378858223313775 1.0 1.1378858223313775 0.007 0.0 0.007 0.012906 1.0
1.1449568901432428 1.0 1.1449568901432428 0.007 0.0 0.007 0.012906 1.0
1.1520279579551085 1.0 1.1520279579551085 0.007 0.0 0.007 0.012906 1.0
1.1590990257669738 1.0 1.1590990257669738 0.007 0.0 0.007 0.012906 1.0
1.1661700935788395 1.0 1.1661700935788395 0.007 0.0 0.007 0.012906 1.0
1.1732411613907048 1.0 1.1732411613907048 0.007 0.0 0.007 0.012906 1.0
1.1803122292025705 1.0 1.1803122292025705 0.007 0.0 0.007 0.012906 1.0
1.1873832970144358 1.0 1.1873832970144358 0.007 0.0 0.007 0.012906 1.0
1.1944543648263015 1.0 1.1944543648263015 0.007 0.0 0.007 0.012906 1.0
1.2015254326381668 1.0 1.2015254326381668 0.007 0.0 0.007 0.012906 1.0
1.2085965004500325 1.0 1.2085965004500325 0.007 0.0 0.007 0.012906 1.0
1.2156675682618978 1.0 1.2156675682618978 0.007 0.0 0.007 0.012906 1.0
1.2227386360737635 1.0 1.2227386360737635 0.007 0.0 0.007 0.012906 1.0
1.2298097038856288 1.0 1.2298097038856288 0.007 0.0 0.007 0.012906 1.0
1.2368807716974946 1.0 1.2368807716974946 0.007 0.0 0.007 0.012906 1.0
1.2439518395093598 1.0 1.2439518395093598 0.007 0.0 0.007 0.012906 1.0
1.2510229073212256 1.0 1.2510229073212256 0.007 0.0 0.007 0.012906 1.0
1.2580939751330908 1.0 1.2580939751330908 0.007 0.0 0.007 0.012906 1.0
1.2651650429449566 1.0 1.2651650429449566 0.007 0.0 0.007 0.012906 1.0
1.2722361107568219 1.0 1.2722361107568219 0.007 0.0 0.007 0.012906 1.0
1.2793071785686876 1.0 1.2793071785686876 0.007 0.0 0.007 0.012906 1.0
1.2863782463805529 1.0 1.2863782463805529 0.007 0.0 0.007 0.012906 1.0
1.2934493141924186 1.0 1.2934493141924186 0.007 0.0 0.007 0.012906 1.0
1.3005203820042839 1.0 1.3005203820042839 0.007 0.0 0.007 0.012906 1.0
1.3075914498161496 1.0 1.3075914498161496 0.007 0.0 0.007 0.012906 1.0
1.314662517628015 1.0 1.314662517628015 0.007 0.0 0.007 0.012906 1.0
1.3217335854398806 1.0 1.3217335854398806 0.007 0.0 0.007 0.012906 1.0
1.328804653251746 1.0 1.328804653251746 0.007 0.0 0.007 0.012906 1.0
1.3358757210636116 1.0 1.3358757210636116 0.007 0.0 0.007 0.012906 1.0
1.342946788875477 1.0 1.342946788875477 0.007 0.0 0.007 0.012906 1.0
1.3500178566873426 1.0 1.3500178566873426 0.007 0.0 0.007 0.012906 1.0
1.357088924499208 1.0 1.357088924499208 0.007 0.0 0.007 0.012906 1.0
1.3641599923110737 1.0 1.3641599923110737 0.007 0.0 0.007 0.012906 1.0
1.371231060122939 1.0 1.371231060122939 0.007 0.0 0.007 0.012906 1.0
1.3783021279348047 1.0 1.3783021279348047 0.007 0.0 0.007 0.012906 1.0
1.38537319574667 1.0 1.38537319574667 0.007 0.0 0.007 0.012906 1.0
1.3924442635585357 1.0 1.3924442635585357 0.007 0.0 0.007 0.012906 1.0
1.399515331370401 1.0 1.399515331370401 0.007 0.0 0.007 0.012906 1.0
1.4065863991822667 1.0 1.4065863991822667 0.007 0.0 0.007 0.012906 1.0
1.413657466994132 1.0 1.413657466994132 0.007 0.0 0.007 0.012906 1.0
1.4207285348059977 1.0 1.4207285348059977 0.007 0.0 0.007 0.012906 1.0
1.427799602617863 1.0 1.427799602617863 0.007 0.0 0.007 0.012906 1.0
1.4348706704297287 1.0 1.4348706704297287 0.007 0.0 0.007 0.012906 1.0
1.441941738241594 1.0 1.441941738241594 0.007 0.0 0.007 0.012906 1.0
1.4490128060534597 1.0 1.4490128060534597 0.007 0.0 0.007 0.012906 1.0
1.456083873865325 1.0 1.456083873865325 0.007 0.0 0.007 0.012906 1.0
1.4631549416771907 1.0 1.4631549416771907 0.007 0.0 0.007 0.012906 1.0
1.470226009489056 1.0 1.470226009489056 0.007 0.0 0.007 0.012906 1.0
1.4772970773009217 1.0 1.4772970773009217 0.007 0.0 0.007 0.012906 1.0
1.484368145112787 1.0 1.484368145112787 0.007 0.0 0.007 0.012906 1.0
1.4914392129246528 1.0 1.4914392129246528 0.007 0.0 0.007 0.012906 1.0
1.498510280736518 1.0 1.498510280736518 0.007 0.0 0.007 0.012906 1.0
1.5055813485483838 1.0 1.5055813485483838 0.007 0.0 0.007 0.012906 1.0
1.512652416360249 1.0 1.512652416360249 0.007 0.0 0.007 0.012906 1.0
1.5197234841721148 1.0 1.5197234841721148 0.007 0.0 0.007 0.012906 1.0
1.52679455198398 1.0 1.52679455198398 0.007 0.0 0.007 0.012906 1.0
1.5338656197958458 1.0 1.5338656197958458 0.007 0.0 0.007 0.012906 1.0
1.540936687607711 1.0 1.540936687607711 0.007 0.0 0.007 0.012906 1.0
1.5480077554195768 1.0 1.5480077554195768 0.007 0.0 0.007 0.012906 1.0
1.555078823231442 1.0 1.555078823231442 0.007 0.0 0.007 0.012906 1.0
1.5621498910433078 1.0 1.5621498910433078 0.007 0.0 0.007 0.012906 1.0
1.569220958855173 1.0 1.569220958855173 0.007 0.0 0.007 0.012906 1.0
1.5762920266670388 1.0 1.5762920266670388 0.007 0.0 0.007 0.012906 1.0
1.583363094478904 1.0 1.583363094478904 0.007 0.0 0.007 0.012906 1.0
1.5904341622907698 1.0 1.5904341622907698 0.007 0.0 0.007 0.012906 1.0
1.5975052301026351 1.0 1.5975052301026351 0.007 0.0 0.007 0.012906 1.0
1.6045762979145008 1.0 1.6045762979145008 0.007 0.0 0.007 0.012906 1.0
1.6116473657263661 1.0 1.6116473657263661 0.007 0.0 0.007 0.012906 1.0
1.6187184335382319 1.0 1.6187184335382319 0.007 0.0 0.007 0.012906 1.0
1.6257895013500971 1.0 1.6257895013500971 0.007 0.0 0.007 0.012906 1.0
1.6328605691619629 1.0 1.6328605691619629 0.007 0.0 0.007 0.012906 1.0
1.6399316369738282 1.0 1.6399316369738282 0.007 0.0 0.007 0.012906 1.0
1.6470027047856939 1.0 1.6470027047856939 0.007 0.0 0.007 0.012906 1.0
1.6540737725975592 1.0 1.6540737725975592 0.007 0.0 0.007 0.012906 1.0
1.661144840409425 1.0 1.661144840409425 0.007 0.0 0.007 0.012906 1.0
1.6682159082212902 1.0 1.6682159082212902 0.007 0.0 0.007 0.012906 1.0
1.675286976033156 1.0 1.675286976033156 0.007 0.0 0.007 0.012906 1.0
1.6823580438450212 1.0 1.6823580438450212 0.007 0.0 0.007 0.012906 1.0
1.689429111656887 1.0 1.689429111656887 0.007 0.0 0.007 0.012906 1.0
0.9964644660940672 1.0 1.0035355339059326 -0.007 0.0 0.007 0.012906 2.0
0.9893933982822017 1.0 1.0106066017177984 -0.007 0.0 0.007 0.012906 2.0
0.9823223304703362 1.0 1.0176776695296637 -0.007 0.0 0.007 0.012906 2.0
0.9752512626584707 1.0 1.0247487373415294 -0.007 0.0 0.007 0.012906 2.0
0.9681801948466052 1.0 1.0318198051533947 -0.007 0.0 0.007 0.012906 2.0
0.9611091270347397 1.0 1.0388908729652604 -0.007 0.0 0.007 0.012906 2.0
0.9540380592228742 1.0 1.0459619407771257 -0.007 0.0 0.007 0.012906 2.0
0.9469669914110087 1.0 1.0530330085889914 -0.007 0.0 0.007 0.012906 2.0
0.9398959235991432 1.0 1.0601040764008567 -0.007 0.0 0.007 0.012906 2.0
0.9328248557872777 1.0 1.0671751442127224 -0.007 0.0 0.007 0.012906 2.0
0.9257537879754122 1.0 1.0742462120245877 -0.007 0.0 0.007 0.012906 2.0
0.9186827201635467 1.0 1.0813172798364534 -0.007 0.0 0.007 0.012906 2.0
0.9116116523516812 1.0 1.0883883476483187 -0.007 0.0 0.007 0.012906 2.0
0.9045405845398157 1.0 1.0954594154601844 -0.007 0.0 0.007 0.012906 2.0
0.8974695167279502 1.0 1.1025304832720497 -0.007 0.0 0.007 0.012906 2.0
0.8903984489160847 1.0 1.1096015510839154 -0.007 0.0 0.007 0.012906 2.0
0.8833273811042192 1.0 1.1166726188957807 -0.007 0.0 0.007 0.012906 2.0
0.8762563132923537 1.0 1.1237436867076465 -0.007 0.0 0.007 0.012906 2.0
0.8691852454804881 1.0 1.1308147545195117 -0.007 0.0 0.007 0.012906 2.0
0.8621141776686226 1.0 1.1378858223313775 -0.007 0.0 0.007 0.012906 2.0
0.8550431098567571 1.0 1.1449568901432428 -0.007 0.0 0.007 0.012906 2.0
0.8479720420448916 1.0 1.1520279579551085 -0.007 0.0 0.007 0.012906 2.0
0.8409009742330261 1.0 1.1590990257669738 -0.007 0.0 0.007 0.012906 2.0
0.8338299064211606 1.0 1.1661700935788395 -0.007 0.0 0.007 0.012906 2.0
0.8267588386092951 1.0 1.1732411613907048 -0.007 0.0 0.007 0.012906 2.0
0.8196877707974296 1.0 1.1803122292025705 -0.007 0.0 0.007 0.012906 2.0
0.8126167029855641 1.0 1.1873832970144358 -0.007 0.0 0.007 0.012906 2.0
0.8055456351736986 1.0 1.1944543648263015 -0.007 0.0 0.007 0.012906 2.0
0.7984745673618331 1.0 1.2015254326381668 -0.007 0.0 0.007 0.012906 2.0
0.7914034995499676 1.0 1.2085965004500325 -0.007 0.0 0.007 0.012906 2.0
0.7843324317381021 1.0 1.2156675682618978 -0.007 0.0 0.007 0.012906 2.0
0.7772613639262366 1.0 1.2227386360737635 -0.007 0.0 0.007 0.012906 2.0
0.7701902961143711 1.0 1.2298097038856288 -0.007 0.0 0.007 0.012906 2.0
0.7631192283025056 1.0 1.2368807716974946 -0.007 0.0 0.007 0.012906 2.0
0.75604816049064 1.0 1.2439518395093598 -0.007 0.0 0.007 0.012906 2.0
0.7489770926787745 1.0 1.2510229073212256 -0.007 0.0 0.007 0.012906 2.0
0.741906024866909 1.0 1.2580939751330908 -0.007 0.0 0.007 0.012906 2.0
0.7348349570550435 1.0 1.2651650429449566 -0.007 0.0 0.007 0.012906 2.0
0.727763889243178 1.0 1.2722361107568219 -0.007 0.0 0.007 0.012906 2.0
0.7206928214313125 1.0 1.2793071785686876 -0.007 0.0 0.007 0.012906 2.0
0.713621753619447 1.0 1.2863782463805529 -0.007 0.0 0.007 0.012906 2.0
0.7065506858075815 1.0 1.2934493141924186 -0.007 0.0 0.007 0.012906 2.0
0.699479617995716 1.0 1.3005203820042839 -0.007 0.0 0.007 0.012906 2.0
0.6924085501838505 1.0 1.3075914498161496 -0.007 0.0 0.007 0.012906 2.0
0.685337482371985 1.0 1.314662517628015 -0.007 0.0 0.007 0.012906 2.0
0.6782664145601195 1.0 1.3217335854398806 -0.007 0.0 0.007 0.012906 2.0
0.671195346748254 1.0 1.328804653251746 -0.007 0.0 0.007 0.012906 2.0
0.6641242789363885 1.0 1.3358757210636116 -0.007 0.0 0.007 0.012906 2.0
0.657053211124523 1.0 1.342946788875477 -0.007 0.0 0.007 0.012906 2.0
0.6499821433126575 1.0 1.3500178566873426 -0.007 0.0 0.007 0.012906 2.0
0.642911075500792 1.0 1.357088924499208 -0.007 0.0 0.007 0.012906 2.0
0.6358400076889265 1.0 1.3641599923110737 -0.007 0.0 0.007 0.012906 2.0
0.628768939877061 1.0 1.371231060122939 -0.007 0.0 0.007 0.012906 2.0
0.6216978720651954 1.0 1.3783021279348047 -0.007 0.0 0.007 0.012906 2.0
0.6146268042533299 1.0 1.38537319574667 -0.007 0.0 0.007 0.012906 2.0
0.6075557364414644 1.0 1.3924442635585357 -0.007 0.0 0.007 0.012906 2.0
0.6004846686295989 1.0 1.399515331370401 -0.007 0.0 0.007 0.012906 2.0
0.5934136008177334 1.0 1.4065863991822667 -0.007 0.0 0.007 0.012906 2.0
0.5863425330058679 1.0 1.413657466994132 -0.007 0.0 0.007 0.012906 2.0
0.5792714651940024 1.0 1.4207285348059977 -0.007 0.0 0.007 0.012906 2.0
0.5722003973821369 1.0 1.427799602617863 -0.007 0.0 0.007 0.012906 2.0
0.5651293295702714 1.0 1.4348706704297287 -0.007 0.0 0.007 0.012906 2.0
0.5580582617584059 1.0 1.441941738241594 -0.007 0.0 0.007 0.012906 2.0
0.5509871939465404 1.0 1.4490128060534597 -0.007 0.0 0.007 0.012906 2.0
0.5439161261346749 1.0 1.456083873865325 -0.007 0.0 0.007 0.012906 2.0
0.5368450583228094 1.0 1.4631549416771907 -0.007 0.0 0.007 0.012906 2.0
0.5297739905109439 1.0 1.470226009489056 -0.007 0.0 0.007 0.012906 2.0
0.5227029226990784 1.0 1.4772970773009217 -0.007 0.0 0.007 0.012906 2.0
0.5156318548872129 1.0 1.484368145112787 -0.007 0.0 0.007 0.012906 2.0
0.5085607870753474 1.0 1.4914392129246528 -0.007 0.0 0.007 0.012906 2.0
0.5014897192634818 1.0 1.498510280736518 -0.007 0.0 0.007 0.012906 2.0
0.49441865145161645 1.0 1.5055813485483838 -0.007 0.0 0.007 0.012906 2.0
0.48734758363975095 1.0 1.512652416360249 -0.007 0.0 0.007 0.012906 2.0
0.48027651582788555 1.0 1.5197234841721148 -0.007 0.0 0.007 0.012906 2.0
0.47320544801602005 1.0 1.52679455198398 -0.007 0.0 0.007 0.012906 2.0
0.46613438020415465 1.0 1.5338656197958458 -0.007 0.0 0.007 0.012906 2.0
0.45906331239228915 1.0 1.540936687607711 -0.007 0.0 0.007 0.012906 2.0
0.45199224458042375 1.0 1.5480077554195768 -0.007 0.0 0.007 0.012906 2.0
0.44492117676855825 1.0 1.555078823231442 -0.007 0.0 0.007 0.012906 2.0
0.43785010895669285 1.0 1.5621498910433078 -0.007 0.0 0.007 0.012906 2.0
0.43077904114482735 1.0 1.569220958855173 -0.007 0.0 0.007 0.012906 2.0
0.42370797333296195 1.0 1.5762920266670388 -0.007 0.0 0.007 0.012906 2.0
0.41663690552109645 1.0 1.583363094478904 -0.007 0.0 0.007 0.012906 2.0
0.40956583770923105 1.0 1.5904341622907698 -0.007 0.0 0.007 0.012906 2.0
0.40249476989736555 1.0 1.5975052301026351 -0.007 0.0 0.007 0.012906 2.0
0.39542370208550015 1.0 1.6045762979145008 -0.007 0.0 0.007 0.012906 2.0
0.38835263427363464 1.0 1.6116473657263661 -0.007 0.0 0.007 0.012906 2.0
0.38128156646176925 1.0 1.6187184335382319 -0.007 0.0 0.007 0.012906 2.0
0.37421049864990374 1.0 1.6257895013500971 -0.007 0.0 0.007 0.012906 2.0
0.36713943083803835 1.0 1.6328605691619629 -0.007 0.0 0.007 0.012906 2.0
0.36006836302617284 1.0 1.6399316369738282 -0.007 0.0 0.007 0.012906 2.0
0.35299729521430745 1.0 1.6470027047856939 -0.007 0.0 0.007 0.012906 2.0
0.34592622740244194 1.0 1.6540737725975592 -0.007 0.0 0.007 0.012906 2.0
0.33885515959057655 1.0 1.661144840409425 -0.007 0.0 0.007 0.012906 2.0
0.33178409177871104 1.0 1.6682159082212902 -0.007 0.0 0.007 0.012906 2.0
0.32471302396684565 1.0 1.675286976033156 -0.007 0.0 0.007 0.012906 2.0
0.31764195615498014 1.0 1.6823580438450212 -0.007 0.0 0.007 0.012906 2.0
0.31057088834311475 1.0 1.689429111656887 -0.007 0.0 0.007 0.012906 2.0
