0.2 0.015 1.0 0.0 0.01 0.0 0.05 0.0
0.2 0.025 1.0 0.0 0.01 0.0 0.05 0.0
0.2 0.035 1.0 0.0 0.01 0.0 0.05 0.0
0.2 0.045 1.0 0.0 0.01 0.0 0.05 0.0
0.2 0.05500000000000001 1.0 0.0 0.01 0.0 0.05 0.0
0.2 0.065 1.0 0.0 0.01 0.0 0.05 0.0
0.2 0.07500000000000001 1.0 0.0 0.01 0.0 0.05 0.0
0.2 0.08499999999999999 1.0 0.0 0.01 0.0 0.05 0.0
0.2 0.095 1.0 0.0 0.01 0.0 0.05 0.0
0.2 0.10499999999999998 1.0 0.0 0.01 0.0 0.05 0.0
0.2 0.11499999999999999 1.0 0.0 0.01 0.0 0.05 0.0
0.2 0.12499999999999997 1.0 0.0 0.01 0.0 0.05 0.0
0.2 0.13499999999999998 1.0 0.0 0.01 0.0 0.05 0.0
0.2 0.145 1.0 0.0 0.01 0.0 0.05 0.0
0.2 0.155 1.0 0.0 0.01 0.0 0.05 0.0
0.2 0.165 1.0 0.0 0.01 0.0 0.05 0.0
0.2 0.17500000000000002 1.0 0.0 0.01 0.0 0.05 0.0
0.2 0.18500000000000003 1.0 0.0 0.01 0.0 0.05 0.0
0.2 0.19500000000000003 1.0 0.0 0.01 0.0 0.05 0.0
0.2 0.20500000000000004 1.0 0.0 0.01 0.0 0.05 0.0
0.2 0.21500000000000005 1.0 0.0 0.01 0.0 0.05 0.0
0.2 0.22500000000000006 1.0 0.0 0.01 0.0 0.05 0.0
0.2 0.23500000000000007 1.0 0.0 0.01 0.0 0.05 0.0
0.2 0.24500000000000005 1.0 0.0 0.01 0.0 0.05 0.0
0.2 0.25500000000000006 1.0 0.0 0.01 0.0 0.05 0.0
0.2 0.26500000000000007 1.0 0.0 0.01 0.0 0.05 0.0
0.2 0.2750000000000001 1.0 0.0 0.01 0.0 0.05 0.0
0.2 0.2850000000000001 1.0 0.0 0.01 0.0 0.05 0.0
0.2 0.2950000000000001 1.0 0.0 0.01 0.0 0.05 0.0
0.2 0.3050000000000001 1.0 0.0 0.01 0.0 0.05 0.0
0.2 0.3150000000000001 1.0 0.0 0.01 0.0 0.05 0.0
0.2 0.3250000000000001 1.0 0.0 0.01 0.0 0.05 0.0
0.2 0.33500000000000013 1.0 0.0 0.01 0.0 0.05 0.0
0.2 0.34500000000000014 1.0 0.0 0.01 0.0 0.05 0.0
0.2 0.35500000000000015 1.0 0.0 0.01 0.0 0.05 0.0
0.2 0.36500000000000016 1.0 0.0 0.01 0.0 0.05 0.0
0.2 0.37500000000000017 1.0 0.0 0.01 0.0 0.05 0.0
0.2 0.3850000000000002 1.0 0.0 0.01 0.0 0.05 0.0
0.2 0.3950000000000002 1.0 0.0 0.01 0.0 0.05 0.0
0.2 0.4050000000000002 1.0 0.0 0.01 0.0 0.05 0.0
0.2 0.4150000000000002 1.0 0.0 0.01 0.0 0.05 0.0
0.2 0.4250000000000002 1.0 0.0 0.01 0.0 0.05 0.0
0.2 0.4350000000000002 1.0 0.0 0.01 0.0 0.05 0.0
0.2 0.44500000000000023 1.0 0.0 0.01 0.0 0.05 0.0
0.2 0.45500000000000024 1.0 0.0 0.01 0.0 0.05 0.0
0.2 0.46500000000000025 1.0 0.0 0.01 0.0 0.05 0.0
0.2 0.47500000000000026 1.0 0.0 0.01 0.0 0.05 0.0
0.2 0.48500000000000026 1.0 0.0 0.01 0.0 0.05 0.0
0.2 0.4950000000000002 1.0 0.0 0.01 0.0 0.05 0.0
0.2 0.5050000000000002 1.0 0.0 0.01 0.0 0.05 0.0
0.2 0.5150000000000002 1.0 0.0 0.01 0.0 0.05 0.0
0.2 0.5250000000000002 1.0 0.0 0.01 0.0 0.05 0.0
0.2 0.5350000000000003 1.0 0.0 0.01 0.0 0.05 0.0
0.2 0.5450000000000003 1.0 0.0 0.01 0.0 0.05 0.0
0.2 0.5550000000000003 1.0 0.0 0.01 0.0 0.05 0.0
0.2 0.5650000000000003 1.0 0.0 0.01 0.0 0.05 0.0
0.2 0.5750000000000003 1.0 0.0 0.01 0.0 0.05 0.0
0.2 0.5850000000000003 1.0 0.0 0.01 0.0 0.05 0.0
0.2 0.5950000000000003 1.0 0.0 0.01 0.0 0.05 0.0
0.2 0.6050000000000003 1.0 0.0 0.01 0.0 0.05 0.0
0.2 0.6150000000000003 1.0 0.0 0.01 0.0 0.05 0.0
0.2 0.6250000000000003 1.0 0.0 0.01 0.0 0.05 0.0
0.2 0.6350000000000003 1.0 0.0 0.01 0.0 0.05 0.0
0.2 0.6450000000000004 1.0 0.0 0.01 0.0 0.05 0.0
0.2 0.6550000000000004 1.0 0.0 0.01 0.0 0.05 0.0
0.2 0.6650000000000004 1.0 0.0 0.01 0.0 0.05 0.0
0.2 0.6750000000000004 1.0 0.0 0.01 0.0 0.05 0.0
0.2 0.6850000000000004 1.0 0.0 0.01 0.0 0.05 0.0
0.2 0.6950000000000004 1.0 0.0 0.01 0.0 0.05 0.0
0.2 0.7050000000000004 1.0 0.0 0.01 0.0 0.05 0.0
0.2 0.7150000000000004 1.0 0.0 0.01 0.0 0.05 0.0
0.2 0.7250000000000004 1.0 0.0 0.01 0.0 0.05 0.0
0.2 0.7350000000000004 1.0 0.0 0.01 0.0 0.05 0.0
0.2 0.7450000000000004 1.0 0.0 0.01 0.0 0.05 0.0
0.2 0.7550000000000004 1.0 0.0 0.01 0.0 0.05 0.0
0.2 0.7650000000000005 1.0 0.0 0.01 0.0 0.05 0.0
0.2 0.7750000000000005 1.0 0.0 0.01 0.0 0.05 0.0
0.2 0.7850000000000005 1.0 0.0 0.01 0.0 0.05 0.0
0.2 0.7950000000000005 1.0 0.0 0.01 0.0 0.05 0.0
0.2 0.8050000000000005 1.0 0.0 0.01 0.0 0.05 0.0
0.2 0.8150000000000005 1.0 0.0 0.01 0.0 0.05 0.0
0.2 0.8250000000000005 1.0 0.0 0.01 0.0 0.05 0.0
0.2 0.8350000000000005 1.0 0.0 0.01 0.0 0.05 0.0
0.2 0.8450000000000005 1.0 0.0 0.01 0.0 0.05 0.0
0.2 0.8550000000000005 1.0 0.0 0.01 0.0 0.05 0.0
0.2 0.8650000000000005 1.0 0.0 0.01 0.0 0.05 0.0
0.2 0.8750000000000006 1.0 0.0 0.01 0.0 0.05 0.0
0.2 0.8850000000000006 1.0 0.0 0.01 0.0 0.05 0.0
0.2 0.8950000000000006 1.0 0.0 0.01 0.0 0.05 0.0
0.2 0.9050000000000006 1.0 0.0 0.01 0.0 0.05 0.0
0.2 0.9150000000000006 1.0 0.0 0.01 0.0 0.05 0.0
0.2 0.9250000000000006 1.0 0.0 0.01 0.0 0.05 0.0
0.2 0.9350000000000006 1.0 0.0 0.01 0.0 0.05 0.0
0.2 0.9450000000000006 1.0 0.0 0.01 0.0 0.05 0.0
0.2 0.9550000000000006 1.0 0.0 0.01 0.0 0.05 0.0
0.2 0.9650000000000006 1.0 0.0 0.01 0.0 0.05 0.0
0.2 0.9750000000000006 1.0 0.0 0.01 0.0 0.05 0.0
0.2 0.9850000000000007 1.0 0.0 0.01 0.0 0.05 0.0
0.2 0.9950000000000007 1.0 0.0 0.01 0.0 0.05 0.0
0.2 1.0050000000000008 1.0 0.0 0.01 0.0 0.05 0.0
0.2 1.0150000000000006 1.0 0.0 0.01 0.0 0.05 0.0
0.2 1.0250000000000008 1.0 0.0 0.01 0.0 0.05 0.0
0.2 1.0350000000000006 1.0 0.0 0.01 0.0 0.05 0.0
0.2 1.0450000000000008 1.0 0.0 0.01 0.0 0.05 0.0
0.2 1.0550000000000006 1.0 0.0 0.01 0.0 0.05 0.0
0.2 1.0650000000000008 1.0 0.0 0.01 0.0 0.05 0.0
0.2 1.0750000000000006 1.0 0.0 0.01 0.0 0.05 0.0
0.2 1.0850000000000009 1.0 0.0 0.01 0.0 0.05 0.0
0.2 1.0950000000000006 1.0 0.0 0.01 0.0 0.05 0.0
0.2 1.1050000000000009 1.0 0.0 0.01 0.0 0.05 0.0
0.2 1.1150000000000007 1.0 0.0 0.01 0.0 0.05 0.0
0.2 1.1250000000000009 1.0 0.0 0.01 0.0 0.05 0.0
0.2 1.1350000000000007 1.0 0.0 0.01 0.0 0.05 0.0
0.2 1.145000000000001 1.0 0.0 0.01 0.0 0.05 0.0
0.2 1.1550000000000007 1.0 0.0 0.01 0.0 0.05 0.0
0.2 1.165000000000001 1.0 0.0 0.01 0.0 0.05 0.0
0.2 1.1750000000000007 1.0 0.0 0.01 0.0 0.05 0.0
0.2 1.185000000000001 1.0 0.0 0.01 0.0 0.05 0.0
0.2 1.1950000000000007 1.0 0.0 0.01 0.0 0.05 0.0
0.2 1.205000000000001 1.0 0.0 0.01 0.0 0.05 0.0
0.2 1.2150000000000007 1.0 0.0 0.01 0.0 0.05 0.0
0.2 1.225000000000001 1.0 0.0 0.01 0.0 0.05 0.0
0.2 1.2350000000000008 1.0 0.0 0.01 0.0 0.05 0.0
0.19516462731368678 1.2512724664963981 1.0 -0.01 0.003 0.0 0.05 1.0
0.1854938819410603 1.2538173994891948 1.0 -0.01 0.003 0.0 0.05 1.0
0.17582313656843385 1.256362332481991 1.0 -0.01 0.003 0.0 0.05 1.0
0.16615239119580738 1.2589072654747877 1.0 -0.01 0.003 0.0 0.05 1.0
0.15648164582318091 1.261452198467584 1.0 -0.01 0.003 0.0 0.05 1.0
0.14681090045055445 1.2639971314603806 1.0 -0.01 0.003 0.0 0.05 1.0
0.13714015507792798 1.2665420644531769 1.0 -0.01 0.003 0.0 0.05 1.0
0.12746940970530152 1.2690869974459735 1.0 -0.01 0.003 0.0 0.05 1.0
0.11779866433267505 1.2716319304387698 1.0 -0.01 0.003 0.0 0.05 1.0
0.10812791896004859 1.2741768634315664 1.0 -0.01 0.003 0.0 0.05 1.0
0.09845717358742212 1.2767217964243627 1.0 -0.01 0.003 0.0 0.05 1.0
0.08878642821479565 1.2792667294171594 1.0 -0.01 0.003 0.0 0.05 1.0
0.07911568284216919 1.2818116624099556 1.0 -0.01 0.003 0.0 0.05 1.0
0.06944493746954272 1.2843565954027523 1.0 -0.01 0.003 0.0 0.05 1.0
0.05977419209691626 1.2869015283955485 1.0 -0.01 0.003 0.0 0.05 1.0
0.05010344672428979 1.2894464613883452 1.0 -0.01 0.003 0.0 0.05 1.0
0.040432701351663325 1.2919913943811414 1.0 -0.01 0.003 0.0 0.05 1.0
0.03076195597903686 1.294536327373938 1.0 -0.01 0.003 0.0 0.05 1.0
0.021091210606410393 1.2970812603667343 1.0 -0.01 0.003 0.0 0.05 1.0
0.20499805051497982 1.2501396103495805 1.0 0.01 0.0 0.0 0.05 2.0
0.21499415154493945 1.2504188310487412 1.0 0.01 0.0 0.0 0.05 2.0
0.22499025257489907 1.2506980517479023 1.0 0.01 0.0 0.0 0.05 2.0
0.2349863536048587 1.250977272447063 1.0 0.01 0.0 0.0 0.05 2.0
0.24498245463481833 1.251256493146224 1.0 0.01 0.0 0.0 0.05 2.0
0.25497855566477795 1.2515357138453846 1.0 0.01 0.0 0.0 0.05 2.0
0.2649746566947376 1.2518149345445457 1.0 0.01 0.0 0.0 0.05 2.0
0.2749707577246972 1.2520941552437064 1.0 0.01 0.0 0.0 0.05 2.0
0.2849668587546568 1.2523733759428675 1.0 0.01 0.0 0.0 0.05 2.0
0.29496295978461645 1.252652596642028 1.0 0.01 0.0 0.0 0.05 2.0
0.3049590608145761 1.2529318173411892 1.0 0.01 0.0 0.0 0.05 2.0
0.3149551618445357 1.2532110380403498 1.0 0.01 0.0 0.0 0.05 2.0
0.32495126287449533 1.253490258739511 1.0 0.01 0.0 0.0 0.05 2.0
0.33494736390445495 1.2537694794386716 1.0 0.01 0.0 0.0 0.05 2.0
0.3449434649344146 1.2540487001378327 1.0 0.01 0.0 0.0 0.05 2.0
0.3549395659643742 1.2543279208369933 1.0 0.01 0.0 0.0 0.05 2.0
0.36493566699433383 1.2546071415361544 1.0 0.01 0.0 0.0 0.05 2.0
0.37493176802429345 1.254886362235315 1.0 0.01 0.0 0.0 0.05 2.0
0.3849278690542531 1.255165582934476 1.0 0.01 0.0 0.0 0.05 2.0
0.3949239700842127 1.2554448036336368 1.0 0.01 0.0 0.0 0.05 2.0
0.40492007111417233 1.2557240243327978 1.0 0.01 0.0 0.0 0.05 2.0
0.41491617214413196 1.2560032450319585 1.0 0.01 0.0 0.0 0.05 2.0
0.4249122731740916 1.2562824657311196 1.0 0.01 0.0 0.0 0.05 2.0
0.4349083742040512 1.2565616864302802 1.0 0.01 0.0 0.0 0.05 2.0
0.44490447523401083 1.2568409071294413 1.0 0.01 0.0 0.0 0.05 2.0
0.45490057626397046 1.257120127828602 1.0 0.01 0.0 0.0 0.05 2.0
0.4648966772939301 1.257399348527763 1.0 0.01 0.0 0.0 0.05 2.0
0.4748927783238897 1.2576785692269237 1.0 0.01 0.0 0.0 0.05 2.0
0.48488887935384933 1.2579577899260848 1.0 0.01 0.0 0.0 0.05 2.0
0.49488498038380896 1.2582370106252454 1.0 0.01 0.0 0.0 0.05 2.0
0.5048810814137686 1.2585162313244065 1.0 0.01 0.0 0.0 0.05 2.0
0.5148771824437283 1.2587954520235671 1.0 0.01 0.0 0.0 0.05 2.0
0.5248732834736879 1.2590746727227282 1.0 0.01 0.0 0.0 0.05 2.0
0.5348693845036475 1.2593538934218889 1.0 0.01 0.0 0.0 0.05 2.0
0.5448654855336071 1.25963311412105 1.0 0.01 0.0 0.0 0.05 2.0
0.5548615865635668 1.2599123348202106 1.0 0.01 0.0 0.0 0.05 2.0
0.5648576875935264 1.2601915555193717 1.0 0.01 0.0 0.0 0.05 2.0
0.574853788623486 1.2604707762185323 1.0 0.01 0.0 0.0 0.05 2.0
0.5848498896534456 1.2607499969176934 1.0 0.01 0.0 0.0 0.05 2.0
0.5948459906834053 1.261029217616854 1.0 0.01 0.0 0.0 0.05 2.0
0.6048420917133649 1.2613084383160151 1.0 0.01 0.0 0.0 0.05 2.0
0.6148381927433245 1.2615876590151758 1.0 0.01 0.0 0.0 0.05 2.0
0.6248342937732841 1.2618668797143369 1.0 0.01 0.0 0.0 0.05 2.0
0.6348303948032438 1.2621461004134975 1.0 0.01 0.0 0.0 0.05 2.0
0.6448264958332034 1.2624253211126586 1.0 0.01 0.0 0.0 0.05 2.0
0.654822596863163 1.2627045418118192 1.0 0.01 0.0 0.0 0.05 2.0
0.6648186978931226 1.2629837625109803 1.0 0.01 0.0 0.0 0.05 2.0
0.6748147989230823 1.263262983210141 1.0 0.01 0.0 0.0 0.05 2.0
0.6848108999530419 1.263542203909302 1.0 0.01 0.0 0.0 0.05 2.0
0.6948070009830015 1.2638214246084627 1.0 0.01 0.0 0.0 0.05 2.0
0.7048031020129611 1.2641006453076238 1.0 0.01 0.0 0.0 0.05 2.0
0.7147992030429208 1.2643798660067844 1.0 0.01 0.0 0.0 0.05 2.0
0.7247953040728804 1.2646590867059455 1.0 0.01 0.0 0.0 0.05 2.0
0.73479140510284 1.2649383074051062 1.0 0.01 0.0 0.0 0.05 2.0
0.7447875061327996 1.2652175281042672 1.0 0.01 0.0 0.0 0.05 2.0
0.7547836071627593 1.2654967488034279 1.0 0.01 0.0 0.0 0.05 2.0
0.7647797081927189 1.265775969502589 1.0 0.01 0.0 0.0 0.05 2.0
0.7747758092226785 1.2660551902017496 1.0 0.01 0.0 0.0 0.05 2.0
0.7847719102526381 1.2663344109009107 1.0 0.01 0.0 0.0 0.05 2.0
0.7947680112825978 1.2666136316000713 1.0 0.01 0.0 0.0 0.05 2.0
0.8047641123125574 1.2668928522992324 1.0 0.01 0.0 0.0 0.05 2.0
0.814760213342517 1.267172072998393 1.0 0.01 0.0 0.0 0.05 2.0
0.8247563143724767 1.2674512936975542 1.0 0.01 0.0 0.0 0.05 2.0
0.8347524154024363 1.2677305143967148 1.0 0.01 0.0 0.0 0.05 2.0
0.8447485164323959 1.268009735095876 1.0 0.01 0.0 0.0 0.05 2.0
0.8547446174623555 1.2682889557950365 1.0 0.01 0.0 0.0 0.05 2.0
0.8647407184923152 1.2685681764941976 1.0 0.01 0.0 0.0 0.05 2.0
0.8747368195222748 1.2688473971933583 1.0 0.01 0.0 0.0 0.05 2.0
0.8847329205522344 1.2691266178925193 1.0 0.01 0.0 0.0 0.05 2.0
0.894729021582194 1.26940583859168 1.0 0.01 0.0 0.0 0.05 2.0
0.9047251226121537 1.269685059290841 1.0 0.01 0.0 0.0 0.05 2.0
0.9147212236421133 1.2699642799900017 1.0 0.01 0.0 0.0 0.05 2.0
0.9247173246720729 1.2702435006891628 1.0 0.01 0.0 0.0 0.05 2.0
0.9347134257020325 1.2705227213883235 1.0 0.01 0.0 0.0 0.05 2.0
0.9447095267319922 1.2708019420874845 1.0 0.01 0.0 0.0 0.05 2.0
0.9547056277619518 1.2710811627866452 1.0 0.01 0.0 0.0 0.05 2.0
0.9647017287919114 1.2713603834858063 1.0 0.01 0.0 0.0 0.05 2.0
0.974697829821871 1.271639604184967 1.0 0.01 0.0 0.0 0.05 2.0
0.9846939308518307 1.271918824884128 1.0 0.01 0.0 0.0 0.05 2.0
0.9946900318817903 1.2721980455832886 1.0 0.01 0.0 0.0 0.05 2.0
1.00468613291175 1.2724772662824497 1.0 0.01 0.0 0.0 0.05 2.0
1.0146822339417096 1.2727564869816104 1.0 0.01 0.0 0.0 0.05 2.0
1.0246783349716693 1.2730357076807715 1.0 0.01 0.0 0.0 0.05 2.0
1.034674436001629 1.273314928379932 1.0 0.01 0.0 0.0 0.05 2.0
1.0446705370315885 1.2735941490790932 1.0 0.01 0.0 0.0 0.05 2.0
1.0546666380615481 1.2738733697782538 1.0 0.01 0.0 0.0 0.05 2.0
1.0646627390915078 1.274152590477415 1.0 0.01 0.0 0.0 0.05 2.0
1.0746588401214674 1.2744318111765756 1.0 0.01 0.0 0.0 0.05 2.0
1.084654941151427 1.2747110318757366 1.0 0.01 0.0 0.0 0.05 2.0
1.0946510421813866 1.2749902525748973 1.0 0.01 0.0 0.0 0.05 2.0
1.1046471432113463 1.2752694732740584 1.0 0.01 0.0 0.0 0.05 2.0
1.114643244241306 1.275548693973219 1.0 0.01 0.0 0.0 0.05 2.0
1.1246393452712655 1.27582791467238 1.0 0.01 0.0 0.0 0.05 2.0
1.1346354463012251 1.2761071353715407 1.0 0.01 0.0 0.0 0.05 2.0
1.1446315473311848 1.2763863560707018 1.0 0.01 0.0 0.0 0.05 2.0
1.1546276483611444 1.2766655767698625 1.0 0.01 0.0 0.0 0.05 2.0
1.164623749391104 1.2769447974690236 1.0 0.01 0.0 0.0 0.05 2.0
1.1746198504210636 1.2772240181681842 1.0 0.01 0.0 0.0 0.05 2.0
1.1846159514510233 1.2775032388673453 1.0 0.01 0.0 0.0 0.05 2.0
1.194612052480983 1.277782459566506 1.0 0.01 0.0 0.0 0.05 2.0
1.2046081535109425 1.278061680265667 1.0 0.01 0.0 0.0 0.05 2.0
1.2146042545409022 1.2783409009648277 1.0 0.01 0.0 0.0 0.05 2.0
1.2246003555708618 1.2786201216639888 1.0 0.01 0.0 0.0 0.05 2.0
1.2345964566008214 1.2788993423631494 1.0 0.01 0.0 0.0 0.05 2.0
1.244592557630781 1.2791785630623105 1.0 0.01 0.0 0.0 0.05 2.0
1.2545886586607407 1.2794577837614711 1.0 0.01 0.0 0.0 0.05 2.0
1.2645847596907003 1.2797370044606322 1.0 0.01 0.0 0.0 0.05 2.0
1.27458086072066 1.2800162251597929 1.0 0.01 0.0 0.0 0.05 2.0
1.2845769617506195 1.280295445858954 1.0 0.01 0.0 0.0 0.05 2.0
1.2945730627805792 1.2805746665581146 1.0 0.01 0.0 0.0 0.05 2.0
1.3045691638105388 1.2808538872572757 1.0 0.01 0.0 0.0 0.05 2.0
1.3145652648404984 1.2811331079564363 1.0 0.01 0.0 0.0 0.05 2.0
1.324561365870458 1.2814123286555974 1.0 0.01 0.0 0.0 0.05 2.0
1.3345574669004177 1.281691549354758 1.0 0.01 0.0 0.0 0.05 2.0
1.3445535679303773 1.2819707700539191 1.0 0.01 0.0 0.0 0.05 2.0
1.354549668960337 1.2822499907530798 1.0 0.01 0.0 0.0 0.05 2.0
1.3645457699902965 1.2825292114522409 1.0 0.01 0.0 0.0 0.05 2.0
1.3745418710202562 1.2828084321514015 1.0 0.01 0.0 0.0 0.05 2.0
1.3845379720502158 1.2830876528505626 1.0 0.01 0.0 0.0 0.05 2.0
1.3945340730801754 1.2833668735497232 1.0 0.01 0.0 0.0 0.05 2.0
1.404530174110135 1.2836460942488843 1.0 0.01 0.0 0.0 0.05 2.0
1.4145262751400947 1.283925314948045 1.0 0.01 0.0 0.0 0.05 2.0
1.4245223761700543 1.284204535647206 1.0 0.01 0.0 0.0 0.05 2.0
1.434518477200014 1.2844837563463667 1.0 0.01 0.0 0.0 0.05 2.0
1.4445145782299735 1.2847629770455278 1.0 0.01 0.0 0.0 0.05 2.0
1.4545106792599332 1.2850421977446884 1.0 0.01 0.0 0.0 0.05 2.0
1.4645067802898928 1.2853214184438495 1.0 0.01 0.0 0.0 0.05 2.0
1.4745028813198524 1.2856006391430101 1.0 0.01 0.0 0.0 0.05 2.0
1.484498982349812 1.2858798598421712 1.0 0.01 0.0 0.0 0.05 2.0
1.4944950833797717 1.2861590805413319 1.0 0.01 0.0 0.0 0.05 2.0
1.5044911844097313 1.286438301240493 1.0 0.01 0.0 0.0 0.05 2.0
1.514487285439691 1.2867175219396536 1.0 0.01 0.0 0.0 0.05 2.0
1.5244833864696505 1.2869967426388147 1.0 0.01 0.0 0.0 0.05 2.0
1.5344794874996102 1.2872759633379753 1.0 0.01 0.0 0.0 0.05 2.0
1.5444755885295698 1.2875551840371364 1.0 0.01 0.0 0.0 0.05 2.0
1.5544716895595294 1.287834404736297 1.0 0.01 0.0 0.0 0.05 2.0
1.564467790589489 1.2881136254354582 1.0 0.01 0.0 0.0 0.05 2.0
1.5744638916194487 1.2883928461346188 1.0 0.01 0.0 0.0 0.05 2.0
1.5844599926494083 1.2886720668337799 1.0 0.01 0.0 0.0 0.05 2.0
1.594456093679368 1.2889512875329405 1.0 0.01 0.0 0.0 0.05 2.0
1.6044521947093275 1.2892305082321016 1.0 0.01 0.0 0.0 0.05 2.0
1.6144482957392872 1.2895097289312623 1.0 0.01 0.0 0.0 0.05 2.0
1.6244443967692468 1.2897889496304233 1.0 0.01 0.0 0.0 0.05 2.0
1.6344404977992064 1.290068170329584 1.0 0.01 0.0 0.0 0.05 2.0
1.644436598829166 1.290347391028745 1.0 0.01 0.0 0.0 0.05 2.0
1.6544326998591257 1.2906266117279057 1.0 0.01 0.0 0.0 0.05 2.0
1.6644288008890853 1.2909058324270668 1.0 0.01 0.0 0.0 0.05 2.0
1.674424901919045 1.2911850531262274 1.0 0.01 0.0 0.0 0.05 2.0
1.6844210029490045 1.2914642738253885 1.0 0.01 0.0 0.0 0.05 2.0
1.6944171039789642 1.2917434945245492 1.0 0.01 0.0 0.0 0.05 2.0
1.7044132050089238 1.2920227152237103 1.0 0.01 0.0 0.0 0.05 2.0
1.7144093060388834 1.292301935922871 1.0 0.01 0.0 0.0 0.05 2.0
1.724405407068843 1.292581156622032 1.0 0.01 0.0 0.0 0.05 2.0
1.7344015080988027 1.2928603773211926 1.0 0.01 0.0 0.0 0.05 2.0
1.7443976091287623 1.2931395980203537 1.0 0.01 0.0 0.0 0.05 2.0
1.754393710158722 1.2934188187195144 1.0 0.01 0.0 0.0 0.05 2.0
1.7643898111886815 1.2936980394186754 1.0 0.01 0.0 0.0 0.05 2.0
1.7743859122186412 1.293977260117836 1.0 0.01 0.0 0.0 0.05 2.0
1.7843820132486008 1.2942564808169972 1.0 0.01 0.0 0.0 0.05 2.0
1.7943781142785604 1.2945357015161578 1.0 0.01 0.0 0.0 0.05 2.0
1.80437421530852 1.294814922215319 1.0 0.01 0.0 0.0 0.05 2.0
1.8143703163384797 1.2950941429144796 1.0 0.01 0.0 0.0 0.05 2.0
1.8243664173684393 1.2953733636136406 1.0 0.01 0.0 0.0 0.05 2.0
1.834362518398399 1.2956525843128013 1.0 0.01 0.0 0.0 0.05 2.0
1.8443586194283585 1.2959318050119624 1.0 0.01 0.0 0.0 0.05 2.0
1.8543547204583182 1.296211025711123 1.0 0.01 0.0 0.0 0.05 2.0
1.8643508214882778 1.296490246410284 1.0 0.01 0.0 0.0 0.05 2.0
1.8743469225182374 1.2967694671094447 1.0 0.01 0.0 0.0 0.05 2.0
1.884343023548197 1.2970486878086058 1.0 0.01 0.0 0.0 0.05 2.0
1.8943391245781567 1.2973279085077665 1.0 0.01 0.0 0.0 0.05 2.0
1.9043352256081163 1.2976071292069276 1.0 0.01 0.0 0.0 0.05 2.0
1.914331326638076 1.2978863499060882 1.0 0.01 0.0 0.0 0.05 2.0
1.9243274276680356 1.2981655706052493 1.0 0.01 0.0 0.0 0.05 2.0
1.9343235286979952 1.29844479130441 1.0 0.01 0.0 0.0 0.05 2.0
1.9443196297279548 1.298724012003571 1.0 0.01 0.0 0.0 0.05 2.0
1.9543157307579144 1.2990032327027317 1.0 0.01 0.0 0.0 0.05 2.0
1.964311831787874 1.2992824534018927 1.0 0.01 0.0 0.0 0.05 2.0
1.9743079328178337 1.2995616741010534 1.0 0.01 0.0 0.0 0.05 2.0
1.9843040338477933 1.2998408948002145 1.0 0.01 0.0 0.0 0.05 2.0
