1.0 0.015 1.0 0.0 0.01 0.0 0.012906 0.0
1.0 0.025 1.0 0.0 0.01 0.0 0.012906 0.0
1.0 0.035 1.0 0.0 0.01 0.0 0.012906 0.0
1.0 0.045 1.0 0.0 0.01 0.0 0.012906 0.0
1.0 0.05500000000000001 1.0 0.0 0.01 0.0 0.012906 0.0
1.0 0.065 1.0 0.0 0.01 0.0 0.012906 0.0
1.0 0.07500000000000001 1.0 0.0 0.01 0.0 0.012906 0.0
1.0 0.08499999999999999 1.0 0.0 0.01 0.0 0.012906 0.0
1.0 0.095 1.0 0.0 0.01 0.0 0.012906 0.0
1.0 0.10499999999999998 1.0 0.0 0.01 0.0 0.012906 0.0
1.0 0.11499999999999999 1.0 0.0 0.01 0.0 0.012906 0.0
1.0 0.12499999999999997 1.0 0.0 0.01 0.0 0.012906 0.0
1.0 0.13499999999999998 1.0 0.0 0.01 0.0 0.012906 0.0
1.0 0.145 1.0 0.0 0.01 0.0 0.012906 0.0
1.0 0.155 1.0 0.0 0.01 0.0 0.012906 0.0
1.0 0.165 1.0 0.0 0.01 0.0 0.012906 0.0
1.0 0.17500000000000002 1.0 0.0 0.01 0.0 0.012906 0.0
1.0 0.18500000000000003 1.0 0.0 0.01 0.0 0.012906 0.0
1.0 0.19500000000000003 1.0 0.0 0.01 0.0 0.012906 0.0
1.0 0.20500000000000004 1.0 0.0 0.01 0.0 0.012906 0.0
1.0 0.21500000000000005 1.0 0.0 0.01 0.0 0.012906 0.0
1.0 0.22500000000000006 1.0 0.0 0.01 0.0 0.012906 0.0
1.0 0.23500000000000007 1.0 0.0 0.01 0.0 0.012906 0.0
1.0 0.24500000000000005 1.0 0.0 0.01 0.0 0.012906 0.0
1.0 0.25500000000000006 1.0 0.0 0.01 0.0 0.012906 0.0
1.0 0.26500000000000007 1.0 0.0 0.01 0.0 0.012906 0.0
1.0 0.2750000000000001 1.0 0.0 0.01 0.0 0.012906 0.0
1.0 0.2850000000000001 1.0 0.0 0.01 0.0 0.012906 0.0
1.0 0.2950000000000001 1.0 0.0 0.01 0.0 0.012906 0.0
1.0 0.3050000000000001 1.0 0.0 0.01 0.0 0.012906 0.0
1.0 0.3150000000000001 1.0 0.0 0.01 0.0 0.012906 0.0
1.0 0.3250000000000001 1.0 0.0 0.01 0.0 0.012906 0.0
1.0 0.33500000000000013 1.0 0.0 0.01 0.0 0.012906 0.0
1.0 0.34500000000000014 1.0 0.0 0.01 0.0 0.012906 0.0
1.0 0.35500000000000015 1.0 0.0 0.01 0.0 0.012906 0.0
1.0 0.36500000000000016 1.0 0.0 0.01 0.0 0.012906 0.0
1.0 0.37500000000000017 1.0 0.0 0.01 0.0 0.012906 0.0
1.0 0.3850000000000002 1.0 0.0 0.01 0.0 0.012906 0.0
1.0 0.3950000000000002 1.0 0.0 0.01 0.0 0.012906 0.0
1.0 0.4050000000000002 1.0 0.0 0.01 0.0 0.012906 0.0
1.0 0.4150000000000002 1.0 0.0 0.01 0.0 0.012906 0.0
1.0 0.4250000000000002 1.0 0.0 0.01 0.0 0.012906 0.0
1.0 0.4350000000000002 1.0 0.0 0.01 0.0 0.012906 0.0
1.0 0.44500000000000023 1.0 0.0 0.01 0.0 0.012906 0.0
1.0 0.45500000000000024 1.0 0.0 0.01 0.0 0.012906 0.0
1.0 0.46500000000000025 1.0 0.0 0.01 0.0 0.012906 0.0
1.0 0.47500000000000026 1.0 0.0 0.01 0.0 0.012906 0.0
1.0 0.48500000000000026 1.0 0.0 0.01 0.0 0.012906 0.0
1.0 0.4950000000000002 1.0 0.0 0.01 0.0 0.012906 0.0
1.0 0.5050000000000002 1.0 0.0 0.01 0.0 0.012906 0.0
1.0 0.5150000000000002 1.0 0.0 0.01 0.0 0.012906 0.0
1.0 0.5250000000000002 1.0 0.0 0.01 0.0 0.012906 0.0
1.0 0.5350000000000003 1.0 0.0 0.01 0.0 0.012906 0.0
1.0 0.5450000000000003 1.0 0.0 0.01 0.0 0.012906 0.0
1.0 0.5550000000000003 1.0 0.0 0.01 0.0 0.012906 0.0
1.0 0.5650000000000003 1.0 0.0 0.01 0.0 0.012906 0.0
1.0 0.5750000000000003 1.0 0.0 0.01 0.0 0.012906 0.0
1.0 0.5850000000000003 1.0 0.0 0.01 0.0 0.012906 0.0
1.0 0.5950000000000003 1.0 0.0 0.01 0.0 0.012906 0.0
1.0 0.6050000000000003 1.0 0.0 0.01 0.0 0.012906 0.0
1.0 0.6150000000000003 1.0 0.0 0.01 0.0 0.012906 0.0
1.0 0.6250000000000003 1.0 0.0 0.01 0.0 0.012906 0.0
1.0 0.6350000000000003 1.0 0.0 0.01 0.0 0.012906 0.0
1.0 0.6450000000000004 1.0 0.0 0.01 0.0 0.012906 0.0
1.0 0.6550000000000004 1.0 0.0 0.01 0.0 0.012906 0.0
1.0 0.6650000000000004 1.0 0.0 0.01 0.0 0.012906 0.0
1.0 0.6750000000000004 1.0 0.0 0.01 0.0 0.012906 0.0
1.0 0.6850000000000004 1.0 0.0 0.01 0.0 0.012906 0.0
1.0 0.6950000000000004 1.0 0.0 0.01 0.0 0.012906 0.0
1.0 0.7050000000000004 1.0 0.0 0.01 0.0 0.012906 0.0
1.0 0.7150000000000004 1.0 0.0 0.01 0.0 0.012906 0.0
1.0 0.7250000000000004 1.0 0.0 0.01 0.0 0.012906 0.0
1.0 0.7350000000000004 1.0 0.0 0.01 0.0 0.012906 0.0
1.0 0.7450000000000004 1.0 0.0 0.01 0.0 0.012906 0.0
1.0 0.7550000000000004 1.0 0.0 0.01 0.0 0.012906 0.0
1.0 0.7650000000000005 1.0 0.0 0.01 0.0 0.012906 0.0
1.0 0.7750000000000005 1.0 0.0 0.01 0.0 0.012906 0.0
1.0 0.7850000000000005 1.0 0.0 0.01 0.0 0.012906 0.0
1.0 0.7950000000000005 1.0 0.0 0.01 0.0 0.012906 0.0
1.0 0.8050000000000005 1.0 0.0 0.01 0.0 0.012906 0.0
1.0 0.8150000000000005 1.0 0.0 0.01 0.0 0.012906 0.0
1.0 0.8250000000000005 1.0 0.0 0.01 0.0 0.012906 0.0
1.0 0.8350000000000005 1.0 0.0 0.01 0.0 0.012906 0.0
1.0 0.8450000000000005 1.0 0.0 0.01 0.0 0.012906 0.0
1.0 0.8550000000000005 1.0 0.0 0.01 0.0 0.012906 0.0
1.0 0.8650000000000005 1.0 0.0 0.01 0.0 0.012906 0.0
1.0 0.8750000000000006 1.0 0.0 0.01 0.0 0.012906 0.0
1.0 0.8850000000000006 1.0 0.0 0.01 0.0 0.012906 0.0
1.0 0.8950000000000006 1.0 0.0 0.01 0.0 0.012906 0.0
1.0 0.9050000000000006 1.0 0.0 0.01 0.0 0.012906 0.0
1.0 0.9150000000000006 1.0 0.0 0.01 0.0 0.012906 0.0
1.0 0.9250000000000006 1.0 0.0 0.01 0.0 0.012906 0.0
1.0 0.9350000000000006 1.0 0.0 0.01 0.0 0.012906 0.0
1.0 0.9450000000000006 1.0 0.0 0.01 0.0 0.012906 0.0
1.0 0.9550000000000006 1.0 0.0 0.01 0.0 0.012906 0.0
1.0 0.9650000000000006 1.0 0.0 0.01 0.0 0.012906 0.0
1.0 0.9750000000000006 1.0 0.0 0.01 0.0 0.012906 0.0
1.0 0.9850000000000007 1.0 0.0 0.01 0.0 0.012906 0.0
1.0029659951902492 1.004025279186767 1.0 0.006 0.008 0.0 0.012906 1.0
1.0088979855707476 1.0120758375603005 1.0 0.006 0.008 0.0 0.012906 1.0
1.014829975951246 1.0201263959338345 1.0 0.006 0.008 0.0 0.012906 1.0
1.0207619663317444 1.028176954307368 1.0 0.006 0.008 0.0 0.012906 1.0
1.0266939567122428 1.036227512680902 1.0 0.006 0.008 0.0 0.012906 1.0
1.0326259470927412 1.0442780710544355 1.0 0.006 0.008 0.0 0.012906 1.0
1.0385579374732397 1.0523286294279695 1.0 0.006 0.008 0.0 0.012906 1.0
1.044489927853738 1.060379187801503 1.0 0.006 0.008 0.0 0.012906 1.0
1.0504219182342365 1.068429746175037 1.0 0.006 0.008 0.0 0.012906 1.0
1.0563539086147349 1.0764803045485705 1.0 0.006 0.008 0.0 0.012906 1.0
1.0622858989952333 1.0845308629221044 1.0 0.006 0.008 0.0 0.012906 1.0
1.0682178893757317 1.092581421295638 1.0 0.006 0.008 0.0 0.012906 1.0
1.07414987975623 1.100631979669172 1.0 0.006 0.008 0.0 0.012906 1.0
1.0800818701367285 1.1086825380427054 1.0 0.006 0.008 0.0 0.012906 1.0
1.086013860517227 1.1167330964162394 1.0 0.006 0.008 0.0 0.012906 1.0
1.0919458508977253 1.124783654789773 1.0 0.006 0.008 0.0 0.012906 1.0
1.0978778412782237 1.132834213163307 1.0 0.006 0.008 0.0 0.012906 1.0
1.1038098316587222 1.1408847715368404 1.0 0.006 0.008 0.0 0.012906 1.0
1.1097418220392206 1.1489353299103744 1.0 0.006 0.008 0.0 0.012906 1.0
1.115673812419719 1.156985888283908 1.0 0.006 0.008 0.0 0.012906 1.0
1.1216058028002174 1.1650364466574419 1.0 0.006 0.008 0.0 0.012906 1.0
1.1275377931807158 1.1730870050309754 1.0 0.006 0.008 0.0 0.012906 1.0
1.1334697835612142 1.1811375634045094 1.0 0.006 0.008 0.0 0.012906 1.0
1.1394017739417126 1.189188121778043 1.0 0.006 0.008 0.0 0.012906 1.0
1.145333764322211 1.1972386801515769 1.0 0.006 0.008 0.0 0.012906 1.0
1.1512657547027094 1.2052892385251104 1.0 0.006 0.008 0.0 0.012906 1.0
1.1571977450832078 1.2133397968986444 1.0 0.006 0.008 0.0 0.012906 1.0
1.1631297354637062 1.2213903552721779 1.0 0.006 0.008 0.0 0.012906 1.0
1.1690617258442046 1.2294409136457118 1.0 0.006 0.008 0.0 0.012906 1.0
1.174993716224703 1.2374914720192454 1.0 0.006 0.008 0.0 0.012906 1.0
1.1809257066052015 1.2455420303927793 1.0 0.006 0.008 0.0 0.012906 1.0
1.1868576969856999 1.2535925887663129 1.0 0.006 0.008 0.0 0.012906 1.0
1.1927896873661983 1.2616431471398468 1.0 0.006 0.008 0.0 0.012906 1.0
1.1987216777466967 1.2696937055133803 1.0 0.006 0.008 0.0 0.012906 1.0
1.204653668127195 1.2777442638869143 1.0 0.006 0.008 0.0 0.012906 1.0
1.2105856585076935 1.2857948222604478 1.0 0.006 0.008 0.0 0.012906 1.0
1.216517648888192 1.2938453806339818 1.0 0.006 0.008 0.0 0.012906 1.0
1.2224496392686903 1.3018959390075153 1.0 0.006 0.008 0.0 0.012906 1.0
1.2283816296491887 1.3099464973810493 1.0 0.006 0.008 0.0 0.012906 1.0
1.2343136200296871 1.3179970557545828 1.0 0.006 0.008 0.0 0.012906 1.0
1.2402456104101856 1.3260476141281168 1.0 0.006 0.008 0.0 0.012906 1.0
1.246177600790684 1.3340981725016503 1.0 0.006 0.008 0.0 0.012906 1.0
1.2521095911711824 1.3421487308751843 1.0 0.006 0.008 0.0 0.012906 1.0
1.2580415815516808 1.3501992892487178 1.0 0.006 0.008 0.0 0.012906 1.0
1.2639735719321792 1.3582498476222518 1.0 0.006 0.008 0.0 0.012906 1.0
1.2699055623126776 1.3663004059957853 1.0 0.006 0.008 0.0 0.012906 1.0
1.275837552693176 1.3743509643693193 1.0 0.006 0.008 0.0 0.012906 1.0
1.2817695430736744 1.3824015227428528 1.0 0.006 0.008 0.0 0.012906 1.0
1.2877015334541728 1.3904520811163867 1.0 0.006 0.008 0.0 0.012906 1.0
1.2936335238346712 1.3985026394899203 1.0 0.006 0.008 0.0 0.012906 1.0
1.2995655142151696 1.4065531978634542 1.0 0.006 0.008 0.0 0.012906 1.0
1.305497504595668 1.4146037562369878 1.0 0.006 0.008 0.0 0.012906 1.0
1.3114294949761665 1.4226543146105217 1.0 0.006 0.008 0.0 0.012906 1.0
1.3173614853566649 1.4307048729840552 1.0 0.006 0.008 0.0 0.012906 1.0
1.3232934757371633 1.4387554313575892 1.0 0.006 0.008 0.0 0.012906 1.0
1.3292254661176617 1.4468059897311227 1.0 0.006 0.008 0.0 0.012906 1.0
1.33515745649816 1.4548565481046567 1.0 0.006 0.008 0.0 0.012906 1.0
1.3410894468786585 1.4629071064781902 1.0 0.006 0.008 0.0 0.012906 1.0
1.347021437259157 1.4709576648517242 1.0 0.006 0.008 0.0 0.012906 1.0
1.3529534276396553 1.4790082232252577 1.0 0.006 0.008 0.0 0.012906 1.0
1.3588854180201537 1.4870587815987917 1.0 0.006 0.008 0.0 0.012906 1.0
1.3648174084006521 1.4951093399723252 1.0 0.006 0.008 0.0 0.012906 1.0
1.3707493987811505 1.5031598983458592 1.0 0.006 0.008 0.0 0.012906 1.0
1.376681389161649 1.5112104567193927 1.0 0.006 0.008 0.0 0.012906 1.0
1.3826133795421474 1.5192610150929267 1.0 0.006 0.008 0.0 0.012906 1.0
1.3885453699226458 1.5273115734664602 1.0 0.006 0.008 0.0 0.012906 1.0
1.3944773603031442 1.5353621318399941 1.0 0.006 0.008 0.0 0.012906 1.0
1.4004093506836426 1.5434126902135277 1.0 0.006 0.008 0.0 0.012906 1.0
1.406341341064141 1.5514632485870616 1.0 0.006 0.008 0.0 0.012906 1.0
1.4122733314446394 1.5595138069605952 1.0 0.006 0.008 0.0 0.012906 1.0
1.4182053218251378 1.5675643653341291 1.0 0.006 0.008 0.0 0.012906 1.0
1.4241373122056362 1.5756149237076627 1.0 0.006 0.008 0.0 0.012906 1.0
1.4300693025861346 1.5836654820811966 1.0 0.006 0.008 0.0 0.012906 1.0
1.436001292966633 1.5917160404547301 1.0 0.006 0.008 0.0 0.012906 1.0
1.4419332833471314 1.599766598828264 1.0 0.006 0.008 0.0 0.012906 1.0
1.4478652737276299 1.6078171572017976 1.0 0.006 0.008 0.0 0.012906 1.0
1.4537972641081283 1.6158677155753316 1.0 0.006 0.008 0.0 0.012906 1.0
1.4597292544886267 1.6239182739488651 1.0 0.006 0.008 0.0 0.012906 1.0
1.465661244869125 1.631968832322399 1.0 0.006 0.008 0.0 0.012906 1.0
1.4715932352496235 1.6400193906959326 1.0 0.006 0.008 0.0 0.012906 1.0
1.477525225630122 1.6480699490694666 1.0 0.006 0.008 0.0 0.012906 1.0
1.4834572160106203 1.656120507443 1.0 0.006 0.008 0.0 0.012906 1.0
1.4893892063911187 1.664171065816534 1.0 0.006 0.008 0.0 0.012906 1.0
1.4953211967716171 1.6722216241900676 1.0 0.006 0.008 0.0 0.012906 1.0
1.5012531871521155 1.6802721825636016 1.0 0.006 0.008 0.0 0.012906 1.0
1.507185177532614 1.688322740937135 1.0 0.006 0.008 0.0 0.012906 1.0
1.5131171679131123 1.696373299310669 1.0 0.006 0.008 0.0 0.012906 1.0
1.5190491582936108 1.7044238576842026 1.0 0.006 0.008 0.0 0.012906 1.0
1.5249811486741092 1.7124744160577365 1.0 0.006 0.008 0.0 0.012906 1.0
1.5309131390546076 1.72052497443127 1.0 0.006 0.008 0.0 0.012906 1.0
1.536845129435106 1.728575532804804 1.0 0.006 0.008 0.0 0.012906 1.0
1.5427771198156044 1.7366260911783375 1.0 0.006 0.008 0.0 0.012906 1.0
1.5487091101961028 1.7446766495518715 1.0 0.006 0.008 0.0 0.012906 1.0
1.5546411005766012 1.752727207925405 1.0 0.006 0.008 0.0 0.012906 1.0
1.5605730909570996 1.760777766298939 1.0 0.006 0.008 0.0 0.012906 1.0
1.566505081337598 1.7688283246724725 1.0 0.006 0.008 0.0 0.012906 1.0
1.5724370717180964 1.7768788830460065 1.0 0.006 0.008 0.0 0.012906 1.0
1.5783690620985948 1.78492944141954 1.0 0.006 0.008 0.0 0.012906 1.0
1.5843010524790933 1.792979999793074 1.0 0.006 0.008 0.0 0.012906 1.0
1.5902330428595917 1.8010305581666075 1.0 0.006 0.008 0.0 0.012906 1.0
1.59616503324009 1.8090811165401415 1.0 0.006 0.008 0.0 0.012906 1.0
1.6020970236205885 1.817131674913675 1.0 0.006 0.008 0.0 0.012906 1.0
1.6080290140010869 1.825182233287209 1.0 0.006 0.008 0.0 0.012906 1.0
1.6139610043815853 1.8332327916607425 1.0 0.006 0.008 0.0 0.012906 1.0
1.6198929947620837 1.8412833500342765 1.0 0.006 0.008 0.0 0.012906 1.0
1.6258249851425821 1.84933390840781 1.0 0.006 0.008 0.0 0.012906 1.0
1.6317569755230805 1.857384466781344 1.0 0.006 0.008 0.0 0.012906 1.0
1.637688965903579 1.8654350251548775 1.0 0.006 0.008 0.0 0.012906 1.0
1.6436209562840773 1.8734855835284114 1.0 0.006 0.008 0.0 0.012906 1.0
1.6495529466645757 1.881536141901945 1.0 0.006 0.008 0.0 0.012906 1.0
1.6554849370450742 1.889586700275479 1.0 0.006 0.008 0.0 0.012906 1.0
1.6614169274255726 1.8976372586490124 1.0 0.006 0.008 0.0 0.012906 1.0
1.667348917806071 1.9056878170225464 1.0 0.006 0.008 0.0 0.012906 1.0
1.6732809081865694 1.91373837539608 1.0 0.006 0.008 0.0 0.012906 1.0
1.6792128985670678 1.921788933769614 1.0 0.006 0.008 0.0 0.012906 1.0
1.6851448889475662 1.9298394921431474 1.0 0.006 0.008 0.0 0.012906 1.0
1.6910768793280646 1.9378900505166814 1.0 0.006 0.008 0.0 0.012906 1.0
1.697008869708563 1.945940608890215 1.0 0.006 0.008 0.0 0.012906 1.0
0.9970340048097508 1.004025279186767 1.0 -0.006 0.008 0.0 0.012906 2.0
0.9911020144292522 1.0120758375603005 1.0 -0.006 0.008 0.0 0.012906 2.0
0.9851700240487538 1.0201263959338345 1.0 -0.006 0.008 0.0 0.012906 2.0
0.9792380336682551 1.028176954307368 1.0 -0.006 0.008 0.0 0.012906 2.0
0.9733060432877567 1.036227512680902 1.0 -0.006 0.008 0.0 0.012906 2.0
0.9673740529072581 1.0442780710544355 1.0 -0.006 0.008 0.0 0.012906 2.0
0.9614420625267597 1.0523286294279695 1.0 -0.006 0.008 0.0 0.012906 2.0
0.955510072146261 1.060379187801503 1.0 -0.006 0.008 0.0 0.012906 2.0
0.9495780817657626 1.068429746175037 1.0 -0.006 0.008 0.0 0.012906 2.0
0.943646091385264 1.0764803045485705 1.0 -0.006 0.008 0.0 0.012906 2.0
0.9377141010047656 1.0845308629221044 1.0 -0.006 0.008 0.0 0.012906 2.0
0.931782110624267 1.092581421295638 1.0 -0.006 0.008 0.0 0.012906 2.0
0.9258501202437686 1.100631979669172 1.0 -0.006 0.008 0.0 0.012906 2.0
0.9199181298632699 1.1086825380427054 1.0 -0.006 0.008 0.0 0.012906 2.0
0.9139861394827715 1.1167330964162394 1.0 -0.006 0.008 0.0 0.012906 2.0
0.9080541491022729 1.124783654789773 1.0 -0.006 0.008 0.0 0.012906 2.0
0.9021221587217745 1.132834213163307 1.0 -0.006 0.008 0.0 0.012906 2.0
0.8961901683412759 1.1408847715368404 1.0 -0.006 0.008 0.0 0.012906 2.0
0.8902581779607774 1.1489353299103744 1.0 -0.006 0.008 0.0 0.012906 2.0
0.8843261875802788 1.156985888283908 1.0 -0.006 0.008 0.0 0.012906 2.0
0.8783941971997804 1.1650364466574419 1.0 -0.006 0.008 0.0 0.012906 2.0
0.8724622068192818 1.1730870050309754 1.0 -0.006 0.008 0.0 0.012906 2.0
0.8665302164387834 1.1811375634045094 1.0 -0.006 0.008 0.0 0.012906 2.0
0.8605982260582847 1.189188121778043 1.0 -0.006 0.008 0.0 0.012906 2.0
0.8546662356777863 1.1972386801515769 1.0 -0.006 0.008 0.0 0.012906 2.0
0.8487342452972877 1.2052892385251104 1.0 -0.006 0.008 0.0 0.012906 2.0
0.8428022549167893 1.2133397968986444 1.0 -0.006 0.008 0.0 0.012906 2.0
0.8368702645362907 1.2213903552721779 1.0 -0.006 0.008 0.0 0.012906 2.0
0.8309382741557922 1.2294409136457118 1.0 -0.006 0.008 0.0 0.012906 2.0
0.8250062837752936 1.2374914720192454 1.0 -0.006 0.008 0.0 0.012906 2.0
0.8190742933947952 1.2455420303927793 1.0 -0.006 0.008 0.0 0.012906 2.0
0.8131423030142966 1.2535925887663129 1.0 -0.006 0.008 0.0 0.012906 2.0
0.8072103126337982 1.2616431471398468 1.0 -0.006 0.008 0.0 0.012906 2.0
0.8012783222532995 1.2696937055133803 1.0 -0.006 0.008 0.0 0.012906 2.0
0.7953463318728011 1.2777442638869143 1.0 -0.006 0.008 0.0 0.012906 2.0
0.7894143414923025 1.2857948222604478 1.0 -0.006 0.008 0.0 0.012906 2.0
0.7834823511118041 1.2938453806339818 1.0 -0.006 0.008 0.0 0.012906 2.0
0.7775503607313055 1.3018959390075153 1.0 -0.006 0.008 0.0 0.012906 2.0
0.771618370350807 1.3099464973810493 1.0 -0.006 0.008 0.0 0.012906 2.0
0.7656863799703084 1.3179970557545828 1.0 -0.006 0.008 0.0 0.012906 2.0
0.75975438958981 1.3260476141281168 1.0 -0.006 0.008 0.0 0.012906 2.0
0.7538223992093114 1.3340981725016503 1.0 -0.006 0.008 0.0 0.012906 2.0
0.747890408828813 1.3421487308751843 1.0 -0.006 0.008 0.0 0.012906 2.0
0.7419584184483143 1.3501992892487178 1.0 -0.006 0.008 0.0 0.012906 2.0
0.7360264280678159 1.3582498476222518 1.0 -0.006 0.008 0.0 0.012906 2.0
0.7300944376873173 1.3663004059957853 1.0 -0.006 0.008 0.0 0.012906 2.0
0.7241624473068189 1.3743509643693193 1.0 -0.006 0.008 0.0 0.012906 2.0
0.7182304569263203 1.3824015227428528 1.0 -0.006 0.008 0.0 0.012906 2.0
0.7122984665458219 1.3904520811163867 1.0 -0.006 0.008 0.0 0.012906 2.0
0.7063664761653232 1.3985026394899203 1.0 -0.006 0.008 0.0 0.012906 2.0
0.7004344857848248 1.4065531978634542 1.0 -0.006 0.008 0.0 0.012906 2.0
0.6945024954043262 1.4146037562369878 1.0 -0.006 0.008 0.0 0.012906 2.0
0.6885705050238278 1.4226543146105217 1.0 -0.006 0.008 0.0 0.012906 2.0
0.6826385146433291 1.4307048729840552 1.0 -0.006 0.008 0.0 0.012906 2.0
0.6767065242628307 1.4387554313575892 1.0 -0.006 0.008 0.0 0.012906 2.0
0.6707745338823321 1.4468059897311227 1.0 -0.006 0.008 0.0 0.012906 2.0
0.6648425435018337 1.4548565481046567 1.0 -0.006 0.008 0.0 0.012906 2.0
0.6589105531213351 1.4629071064781902 1.0 -0.006 0.008 0.0 0.012906 2.0
0.6529785627408367 1.4709576648517242 1.0 -0.006 0.008 0.0 0.012906 2.0
0.647046572360338 1.4790082232252577 1.0 -0.006 0.008 0.0 0.012906 2.0
0.6411145819798396 1.4870587815987917 1.0 -0.006 0.008 0.0 0.012906 2.0
0.635182591599341 1.4951093399723252 1.0 -0.006 0.008 0.0 0.012906 2.0
0.6292506012188426 1.5031598983458592 1.0 -0.006 0.008 0.0 0.012906 2.0
0.623318610838344 1.5112104567193927 1.0 -0.006 0.008 0.0 0.012906 2.0
0.6173866204578455 1.5192610150929267 1.0 -0.006 0.008 0.0 0.012906 2.0
0.6114546300773469 1.5273115734664602 1.0 -0.006 0.008 0.0 0.012906 2.0
0.6055226396968485 1.5353621318399941 1.0 -0.006 0.008 0.0 0.012906 2.0
0.5995906493163499 1.5434126902135277 1.0 -0.006 0.008 0.0 0.012906 2.0
0.5936586589358515 1.5514632485870616 1.0 -0.006 0.008 0.0 0.012906 2.0
0.5877266685553528 1.5595138069605952 1.0 -0.006 0.008 0.0 0.012906 2.0
0.5817946781748544 1.5675643653341291 1.0 -0.006 0.008 0.0 0.012906 2.0
0.5758626877943558 1.5756149237076627 1.0 -0.006 0.008 0.0 0.012906 2.0
0.5699306974138574 1.5836654820811966 1.0 -0.006 0.008 0.0 0.012906 2.0
0.5639987070333587 1.5917160404547301 1.0 -0.006 0.008 0.0 0.012906 2.0
0.5580667166528603 1.599766598828264 1.0 -0.006 0.008 0.0 0.012906 2.0
0.5521347262723617 1.6078171572017976 1.0 -0.006 0.008 0.0 0.012906 2.0
0.5462027358918633 1.6158677155753316 1.0 -0.006 0.008 0.0 0.012906 2.0
0.5402707455113647 1.6239182739488651 1.0 -0.006 0.008 0.0 0.012906 2.0
0.5343387551308663 1.631968832322399 1.0 -0.006 0.008 0.0 0.012906 2.0
0.5284067647503676 1.6400193906959326 1.0 -0.006 0.008 0.0 0.012906 2.0
0.5224747743698692 1.6480699490694666 1.0 -0.006 0.008 0.0 0.012906 2.0
0.5165427839893706 1.656120507443 1.0 -0.006 0.008 0.0 0.012906 2.0
0.5106107936088722 1.664171065816534 1.0 -0.006 0.008 0.0 0.012906 2.0
0.5046788032283736 1.6722216241900676 1.0 -0.006 0.008 0.0 0.012906 2.0
0.4987468128478751 1.6802721825636016 1.0 -0.006 0.008 0.0 0.012906 2.0
0.49281482246737657 1.688322740937135 1.0 -0.006 0.008 0.0 0.012906 2.0
0.48688283208687805 1.696373299310669 1.0 -0.006 0.008 0.0 0.012906 2.0
0.48095084170637953 1.7044238576842026 1.0 -0.006 0.008 0.0 0.012906 2.0
0.475018851325881 1.7124744160577365 1.0 -0.006 0.008 0.0 0.012906 2.0
0.4690868609453825 1.72052497443127 1.0 -0.006 0.008 0.0 0.012906 2.0
0.46315487056488397 1.728575532804804 1.0 -0.006 0.008 0.0 0.012906 2.0
0.45722288018438545 1.7366260911783375 1.0 -0.006 0.008 0.0 0.012906 2.0
0.45129088980388693 1.7446766495518715 1.0 -0.006 0.008 0.0 0.012906 2.0
0.4453588994233884 1.752727207925405 1.0 -0.006 0.008 0.0 0.012906 2.0
0.4394269090428899 1.760777766298939 1.0 -0.006 0.008 0.0 0.012906 2.0
0.43349491866239137 1.7688283246724725 1.0 -0.006 0.008 0.0 0.012906 2.0
0.42756292828189285 1.7768788830460065 1.0 -0.006 0.008 0.0 0.012906 2.0
0.42163093790139433 1.78492944141954 1.0 -0.006 0.008 0.0 0.012906 2.0
0.4156989475208958 1.792979999793074 1.0 -0.006 0.008 0.0 0.012906 2.0
0.4097669571403973 1.8010305581666075 1.0 -0.006 0.008 0.0 0.012906 2.0
0.4038349667598988 1.8090811165401415 1.0 -0.006 0.008 0.0 0.012906 2.0
0.39790297637940025 1.817131674913675 1.0 -0.006 0.008 0.0 0.012906 2.0
0.39197098599890173 1.825182233287209 1.0 -0.006 0.008 0.0 0.012906 2.0
0.3860389956184032 1.8332327916607425 1.0 -0.006 0.008 0.0 0.012906 2.0
0.3801070052379047 1.8412833500342765 1.0 -0.006 0.008 0.0 0.012906 2.0
0.3741750148574062 1.84933390840781 1.0 -0.006 0.008 0.0 0.012906 2.0
0.36824302447690765 1.857384466781344 1.0 -0.006 0.008 0.0 0.012906 2.0
0.36231103409640913 1.8654350251548775 1.0 -0.006 0.008 0.0 0.012906 2.0
0.3563790437159106 1.8734855835284114 1.0 -0.006 0.008 0.0 0.012906 2.0
0.3504470533354121 1.881536141901945 1.0 -0.006 0.008 0.0 0.012906 2.0
0.3445150629549136 1.889586700275479 1.0 -0.006 0.008 0.0 0.012906 2.0
0.33858307257441506 1.8976372586490124 1.0 -0.006 0.008 0.0 0.012906 2.0
0.33265108219391654 1.9056878170225464 1.0 -0.006 0.008 0.0 0.012906 2.0
0.326719091813418 1.91373837539608 1.0 -0.006 0.008 0.0 0.012906 2.0
0.3207871014329195 1.921788933769614 1.0 -0.006 0.008 0.0 0.012906 2.0
0.314855111052421 1.9298394921431474 1.0 -0.006 0.008 0.0 0.012906 2.0
0.30892312067192246 1.9378900505166814 1.0 -0.006 0.008 0.0 0.012906 2.0
0.30299113029142394 1.945940608890215 1.0 -0.006 0.008 0.0 0.012906 2.0
