9.000000000000000e+00 5.270390752828764e-04 
9.005000000000001e+00 5.264545473142111e-04 
9.010000000000000e+00 5.258806554821805e-04 
9.015000000000001e+00 5.253166763268761e-04 
9.020000000000000e+00 5.247622554262292e-04 
9.025000000000000e+00 5.242171259475764e-04 
9.029999999999999e+00 5.236810360653586e-04 
9.035000000000000e+00 5.231537286219391e-04 
9.040000000000001e+00 5.226349413807365e-04 
9.045000000000000e+00 5.221244302422800e-04 
9.050000000000001e+00 5.216253842743757e-04 
9.055000000000000e+00 5.211649676235993e-04 
9.060000000000000e+00 5.208141758485778e-04 
9.065000000000000e+00 5.206805494238388e-04 
9.070000000000000e+00 5.208755745088148e-04 
9.075000000000001e+00 5.214903098804508e-04 
9.080000000000000e+00 5.225925143906592e-04 
9.085000000000001e+00 5.242206486839402e-04 
9.090000000000000e+00 5.263785835269580e-04 
9.095000000000001e+00 5.290409543449753e-04 
9.100000000000000e+00 5.321596164187811e-04 
9.105000000000000e+00 5.356754959919429e-04 
9.109999999999999e+00 5.395256382865285e-04 
9.115000000000000e+00 5.436447453536291e-04 
9.120000000000001e+00 5.479700145392323e-04 
9.125000000000000e+00 5.524410722316441e-04 
9.130000000000001e+00 5.570006695662610e-04 
9.135000000000000e+00 5.615964974294484e-04 
9.140000000000001e+00 5.661808678605419e-04 
9.145000000000000e+00 5.707111751624502e-04 
9.150000000000000e+00 5.751503780887765e-04 
9.154999999999999e+00 5.794668451810695e-04 
9.160000000000000e+00 5.836340542567736e-04 
9.165000000000001e+00 5.876302849960343e-04 
9.170000000000000e+00 5.914383293546045e-04 
9.175000000000001e+00 5.950453141733269e-04 
9.180000000000000e+00 5.984423530218019e-04 
9.185000000000000e+00 6.016234505919239e-04 
9.190000000000000e+00 6.045840679068162e-04 
9.195000000000000e+00 6.073199996244212e-04 
9.200000000000001e+00 6.098277447795527e-04 
9.205000000000000e+00 6.121052344122818e-04 
9.210000000000001e+00 6.141521246581786e-04 
9.215000000000000e+00 6.159698423044077e-04 
9.220000000000001e+00 6.175609000916656e-04 
9.225000000000000e+00 6.189285263644351e-04 
9.230000000000000e+00 6.200763695499850e-04 
9.234999999999999e+00 6.210083790745423e-04 
9.240000000000000e+00 6.217301420299382e-04 
9.245000000000001e+00 6.222502318693144e-04 
9.250000000000000e+00 6.225795101771924e-04 
9.255000000000001e+00 6.227304922227334e-04 
9.260000000000000e+00 6.227169440152137e-04 
9.265000000000001e+00 6.225544249870823e-04 
9.270000000000000e+00 6.222603556207282e-04 
9.275000000000000e+00 6.218544672303698e-04 
9.279999999999999e+00 6.213580203875787e-04 
9.285000000000000e+00 6.207921840415551e-04 
9.290000000000001e+00 6.201767724992191e-04 
9.295000000000000e+00 6.195294599628962e-04 
9.300000000000001e+00 6.188656163845086e-04 
9.305000000000000e+00 6.181984017306800e-04 
9.310000000000000e+00 6.175389997072898e-04 
9.315000000000000e+00 6.168962957073147e-04 
9.320000000000000e+00 6.162767124050253e-04 
9.325000000000001e+00 6.156847478992222e-04 
9.330000000000000e+00 6.151232519394871e-04 
9.335000000000001e+00 6.145936574279625e-04 
9.340000000000000e+00 6.140960865807434e-04 
9.345000000000001e+00 6.136294735334112e-04 
9.350000000000000e+00 6.131917994693407e-04 
9.355000000000000e+00 6.127802743224356e-04 
9.359999999999999e+00 6.123914867950697e-04 
9.365000000000000e+00 6.120217627365070e-04 
9.370000000000001e+00 6.116673398313800e-04 
9.375000000000000e+00 6.113239124035074e-04 
9.380000000000001e+00 6.109862774689195e-04 
9.385000000000000e+00 6.106482959268446e-04 
9.390000000000001e+00 6.103025085404748e-04 
9.395000000000000e+00 6.099391596946979e-04 
9.400000000000000e+00 6.095435297580865e-04 
9.404999999999999e+00 6.090928699266539e-04 
9.410000000000000e+00 6.085536420318162e-04 
9.415000000000001e+00 6.078814171156157e-04 
9.420000000000000e+00 6.070216590426169e-04 
9.425000000000001e+00 6.059184719802959e-04 
9.430000000000000e+00 6.045298205925904e-04 
9.435000000000000e+00 6.028423616977026e-04 
9.440000000000000e+00 6.008925731748574e-04 
9.445000000000000e+00 5.987647923622875e-04 
9.450000000000001e+00 5.965743193885440e-04 
9.455000000000000e+00 5.944411024160443e-04 
9.460000000000001e+00 5.924614110637586e-04 
9.465000000000000e+00 5.906948632507901e-04 
9.470000000000001e+00 5.891685002838956e-04 
9.475000000000000e+00 5.878827339146969e-04 
9.480000000000000e+00 5.868199350612812e-04 
9.484999999999999e+00 5.859525010674928e-04 
9.490000000000000e+00 5.852495741498668e-04 
9.495000000000001e+00 5.846805301909861e-04 
9.500000000000000e+00 5.842174041400749e-04 
9.505000000000001e+00 5.838351293720508e-04 
9.510000000000000e+00 5.835132143825963e-04 
9.515000000000001e+00 5.832337587492836e-04 
9.520000000000000e+00 5.829811951875228e-04 
9.525000000000000e+00 5.827448002281207e-04 
9.529999999999999e+00 5.825166516520136e-04 
9.535000000000000e+00 5.822901086704839e-04 
9.540000000000001e+00 5.820598963809302e-04 
9.545000000000000e+00 5.818217939430483e-04 
9.550000000000001e+00 5.815732528697768e-04 
9.555000000000000e+00 5.813130814139127e-04 
9.560000000000000e+00 5.810398140564978e-04 
9.565000000000000e+00 5.807522083505578e-04 
9.570000000000000e+00 5.804497759784625e-04 
9.575000000000001e+00 5.801324777367856e-04 
9.580000000000000e+00 5.798005758090209e-04 
9.585000000000001e+00 5.794547380767404e-04 
9.590000000000000e+00 5.790957637230666e-04 
9.595000000000001e+00 5.787244318798612e-04 
9.600000000000000e+00 5.783416790699688e-04 
9.605000000000000e+00 5.779485359461910e-04 
9.609999999999999e+00 5.775460492750058e-04 
9.615000000000000e+00 5.771352448355769e-04 
9.620000000000001e+00 5.767171043724087e-04 
9.625000000000000e+00 5.762925398823554e-04 
9.630000000000001e+00 5.758623837178042e-04 
9.635000000000000e+00 5.754273177352931e-04 
9.640000000000001e+00 5.749878720798516e-04 
9.645000000000000e+00 5.745444510992577e-04 
9.650000000000000e+00 5.740973124070668e-04 
9.654999999999999e+00 5.736465616302956e-04 
9.660000000000000e+00 5.731921520698100e-04 
9.665000000000001e+00 5.727338896821930e-04 
9.670000000000000e+00 5.722714470516785e-04 
9.675000000000001e+00 5.718043747663448e-04 
9.680000000000000e+00 5.713321160369320e-04 
9.685000000000000e+00 5.708540239122416e-04 
9.690000000000000e+00 5.703693783848843e-04 
9.695000000000000e+00 5.698774088354387e-04 
9.700000000000001e+00 5.693773190075903e-04 
9.705000000000000e+00 5.688682925701909e-04 
9.710000000000001e+00 5.683495374528876e-04 
9.715000000000000e+00 5.678202820431201e-04 
9.720000000000001e+00 5.672797989716274e-04 
9.725000000000000e+00 5.667274192175560e-04 
9.730000000000000e+00 5.661625431057941e-04 
9.734999999999999e+00 5.655846509680606e-04 
9.740000000000000e+00 5.649933110580201e-04 
9.745000000000001e+00 5.643881876040691e-04 
9.750000000000000e+00 5.637690453103980e-04 
9.755000000000001e+00 5.631357521404095e-04 
9.760000000000000e+00 5.624882804494308e-04 
9.765000000000001e+00 5.618267016395453e-04 
9.770000000000000e+00 5.611511841086357e-04 
9.775000000000000e+00 5.604619931511197e-04 
9.779999999999999e+00 5.597594873868024e-04 
9.785000000000000e+00 5.590441147088723e-04 
9.790000000000001e+00 5.583164053938621e-04 
9.795000000000000e+00 5.575769653427638e-04 
9.800000000000001e+00 5.568264708046144e-04 
9.805000000000000e+00 5.560656589674397e-04 
9.810000000000000e+00 5.552953225893251e-04 
9.815000000000000e+00 5.545163037983337e-04 
9.820000000000000e+00 5.537294846994838e-04 
9.825000000000001e+00 5.529357798244202e-04 
9.830000000000000e+00 5.521361287514196e-04 
9.835000000000001e+00 5.513314875548776e-04 
9.840000000000000e+00 5.505228221475602e-04 
9.845000000000001e+00 5.497111027314754e-04 
9.850000000000000e+00 5.488972971163588e-04 
9.855000000000000e+00 5.480823630131388e-04 
9.859999999999999e+00 5.472672419047872e-04 
9.865000000000000e+00 5.464528559072508e-04 
9.870000000000001e+00 5.456401027321848e-04 
9.875000000000000e+00 5.448298458701275e-04 
9.880000000000001e+00 5.440229182496441e-04 
9.885000000000000e+00 5.432201170296481e-04 
9.890000000000001e+00 5.424221934659873e-04 
9.895000000000000e+00 5.416298535300703e-04 
9.900000000000000e+00 5.408437591602847e-04 
9.904999999999999e+00 5.400645257855019e-04 
9.910000000000000e+00 5.392927264564794e-04 
9.915000000000001e+00 5.385288743580908e-04 
9.920000000000000e+00 5.377734360115992e-04 
9.925000000000001e+00 5.370268385304097e-04 
9.930000000000000e+00 5.362894567814598e-04 
9.935000000000000e+00 5.355616159512065e-04 
9.940000000000000e+00 5.348435962127619e-04 
9.945000000000000e+00 5.341356309375263e-04 
9.950000000000001e+00 5.334379126729594e-04 
9.955000000000000e+00 5.327505897987717e-04 
9.960000000000001e+00 5.320737699973891e-04 
9.965000000000000e+00 5.314075254967409e-04 
9.970000000000001e+00 5.307518932151317e-04 
9.975000000000000e+00 5.301068757613139e-04 
9.980000000000000e+00 5.294724446261009e-04 
9.984999999999999e+00 5.288485426932862e-04 
9.990000000000000e+00 5.282350939926079e-04 
9.995000000000001e+00 5.276319890269399e-04 
