9.000000000000000e+00 1.025300128671499e+05 
9.005000000000001e+00 1.021396870669377e+05 
9.010000000000000e+00 1.017554068885123e+05 
9.015000000000001e+00 1.013767404807951e+05 
9.020000000000000e+00 1.010034989349353e+05 
9.025000000000000e+00 1.006355494684757e+05 
9.029999999999999e+00 1.002727670754893e+05 
9.035000000000000e+00 9.991502088955313e+04 
9.040000000000001e+00 9.956217435808957e+04 
9.045000000000000e+00 9.921410109586334e+04 
9.050000000000001e+00 9.887302193554526e+04 
9.055000000000000e+00 9.855762060150021e+04 
9.060000000000000e+00 9.831684851833279e+04 
9.065000000000000e+00 9.822502510492709e+04 
9.070000000000000e+00 9.835901980709772e+04 
9.075000000000001e+00 9.878056340842493e+04 
9.080000000000000e+00 9.953327944891495e+04 
9.085000000000001e+00 1.006379303043146e+05 
9.090000000000000e+00 1.020888816323137e+05 
9.095000000000001e+00 1.038586160041363e+05 
9.100000000000000e+00 1.059034827381624e+05 
9.105000000000000e+00 1.081730438775864e+05 
9.109999999999999e+00 1.106158346832935e+05 
9.115000000000000e+00 1.131811782738906e+05 
9.120000000000001e+00 1.158227254323356e+05 
9.125000000000000e+00 1.184985570051405e+05 
9.130000000000001e+00 1.211715695175407e+05 
9.135000000000000e+00 1.238103198247572e+05 
9.140000000000001e+00 1.263884657386307e+05 
9.145000000000000e+00 1.288846068828657e+05 
9.150000000000000e+00 1.312820891288521e+05 
9.154999999999999e+00 1.335684538230502e+05 
9.160000000000000e+00 1.357348499873836e+05 
9.165000000000001e+00 1.377754985367363e+05 
9.170000000000000e+00 1.396872240433812e+05 
9.175000000000001e+00 1.414690984944786e+05 
9.180000000000000e+00 1.431220517637755e+05 
9.185000000000000e+00 1.446481787252677e+05 
9.190000000000000e+00 1.460499604258435e+05 
9.195000000000000e+00 1.473297004446641e+05 
9.200000000000001e+00 1.484896917354883e+05 
9.205000000000000e+00 1.495325370524645e+05 
9.210000000000001e+00 1.504612593683913e+05 
9.215000000000000e+00 1.512793036575001e+05 
9.220000000000001e+00 1.519902224620893e+05 
9.225000000000000e+00 1.525975204648221e+05 
9.230000000000000e+00 1.531045410150794e+05 
9.234999999999999e+00 1.535144348481703e+05 
9.240000000000000e+00 1.538307667109115e+05 
9.245000000000001e+00 1.540581189887866e+05 
9.250000000000000e+00 1.542018046578635e+05 
9.255000000000001e+00 1.542676219617671e+05 
9.260000000000000e+00 1.542617176129362e+05 
9.265000000000001e+00 1.541908653002548e+05 
9.270000000000000e+00 1.540625395891061e+05 
9.275000000000000e+00 1.538851592301464e+05 
9.279999999999999e+00 1.536677937156887e+05 
9.285000000000000e+00 1.534194955819301e+05 
9.290000000000001e+00 1.531487747160376e+05 
9.295000000000000e+00 1.528632665936161e+05 
9.300000000000001e+00 1.525696615383925e+05 
9.305000000000000e+00 1.522737405693975e+05 
9.310000000000000e+00 1.519804691410931e+05 
9.315000000000000e+00 1.516938412858591e+05 
9.320000000000000e+00 1.514167903795594e+05 
9.325000000000001e+00 1.511514138437122e+05 
9.330000000000000e+00 1.508990842688359e+05 
9.335000000000001e+00 1.506605431141866e+05 
9.340000000000000e+00 1.504359402927494e+05 
9.345000000000001e+00 1.502248829471528e+05 
9.350000000000000e+00 1.500265370049904e+05 
9.355000000000000e+00 1.498397065272369e+05 
9.359999999999999e+00 1.496629001019000e+05 
9.365000000000000e+00 1.494944932402177e+05 
9.370000000000001e+00 1.493328085276897e+05 
9.375000000000000e+00 1.491759083661882e+05 
9.380000000000001e+00 1.490214320634979e+05 
9.385000000000000e+00 1.488665757895998e+05 
9.390000000000001e+00 1.487079133732618e+05 
9.395000000000000e+00 1.485409422306278e+05 
9.400000000000000e+00 1.483588440123714e+05 
9.404999999999999e+00 1.481510442187038e+05 
9.410000000000000e+00 1.479018825916876e+05 
9.415000000000001e+00 1.475904665380386e+05 
9.420000000000000e+00 1.471908741834168e+05 
9.425000000000001e+00 1.466759959657639e+05 
9.430000000000000e+00 1.460244348311341e+05 
9.435000000000000e+00 1.452274546306775e+05 
9.440000000000000e+00 1.442993827525683e+05 
9.445000000000000e+00 1.432776931055421e+05 
9.450000000000001e+00 1.422160887855368e+05 
9.455000000000000e+00 1.411725503486879e+05 
9.460000000000001e+00 1.401954652179973e+05 
9.465000000000000e+00 1.393164703265001e+05 
9.470000000000001e+00 1.385515342596653e+05 
9.475000000000000e+00 1.379032171989421e+05 
9.480000000000000e+00 1.373645753237009e+05 
9.484999999999999e+00 1.369230906666138e+05 
9.490000000000000e+00 1.365641026031249e+05 
9.495000000000001e+00 1.362726793482989e+05 
9.500000000000000e+00 1.360349629941350e+05 
9.505000000000001e+00 1.358383827554978e+05 
9.510000000000000e+00 1.356725860914232e+05 
9.515000000000001e+00 1.355284674391759e+05 
9.520000000000000e+00 1.353980652460073e+05 
9.525000000000000e+00 1.352758800961012e+05 
9.529999999999999e+00 1.351578369270364e+05 
9.535000000000000e+00 1.350405073963409e+05 
9.540000000000001e+00 1.349211578012675e+05 
9.545000000000000e+00 1.347975906095498e+05 
9.550000000000001e+00 1.346684680785720e+05 
9.555000000000000e+00 1.345331520446116e+05 
9.560000000000000e+00 1.343908579394242e+05 
9.565000000000000e+00 1.342409127323962e+05 
9.570000000000000e+00 1.340830326341588e+05 
9.575000000000001e+00 1.339171658515498e+05 
9.580000000000000e+00 1.337434167306793e+05 
9.585000000000001e+00 1.335621016653725e+05 
9.590000000000000e+00 1.333736066654579e+05 
9.595000000000001e+00 1.331783084623347e+05 
9.600000000000000e+00 1.329766682153797e+05 
9.605000000000000e+00 1.327691990400542e+05 
9.609999999999999e+00 1.325564254178947e+05 
9.615000000000000e+00 1.323388638577931e+05 
9.620000000000001e+00 1.321170107850150e+05 
9.625000000000000e+00 1.318913288455811e+05 
9.630000000000001e+00 1.316622414532061e+05 
9.635000000000000e+00 1.314300946845221e+05 
9.640000000000001e+00 1.311951559648294e+05 
9.645000000000000e+00 1.309576272533217e+05 
9.650000000000000e+00 1.307176331883582e+05 
9.654999999999999e+00 1.304752175158280e+05 
9.660000000000000e+00 1.302303421068320e+05 
9.665000000000001e+00 1.299828888231860e+05 
9.670000000000000e+00 1.297326662581238e+05 
9.675000000000001e+00 1.294794151332491e+05 
9.680000000000000e+00 1.292228155064094e+05 
9.685000000000000e+00 1.289624954631137e+05 
9.690000000000000e+00 1.286980398340728e+05 
9.695000000000000e+00 1.284290019215367e+05 
9.700000000000001e+00 1.281549167418557e+05 
9.705000000000000e+00 1.278753037450788e+05 
9.710000000000001e+00 1.275896909214683e+05 
9.715000000000000e+00 1.272976126302420e+05 
9.720000000000001e+00 1.269986226691173e+05 
9.725000000000000e+00 1.266923021556152e+05 
9.730000000000000e+00 1.263782658021878e+05 
9.734999999999999e+00 1.260561681141240e+05 
9.740000000000000e+00 1.257257081706727e+05 
9.745000000000001e+00 1.253866345906360e+05 
9.750000000000000e+00 1.250387486187552e+05 
9.755000000000001e+00 1.246819063383859e+05 
9.760000000000000e+00 1.243160200357606e+05 
9.765000000000001e+00 1.239410559613479e+05 
9.770000000000000e+00 1.235570339760788e+05 
9.775000000000000e+00 1.231640283529958e+05 
9.779999999999999e+00 1.227621666498846e+05 
9.785000000000000e+00 1.223516283262164e+05 
9.790000000000001e+00 1.219326417339717e+05 
9.795000000000000e+00 1.215054811563527e+05 
9.800000000000001e+00 1.210704646724408e+05 
9.805000000000000e+00 1.206279495884602e+05 
9.810000000000000e+00 1.201783301474898e+05 
9.815000000000000e+00 1.197220347077711e+05 
9.820000000000000e+00 1.192595209789240e+05 
9.825000000000001e+00 1.187912722368749e+05 
9.830000000000000e+00 1.183177935441852e+05 
9.835000000000001e+00 1.178396071727828e+05 
9.840000000000000e+00 1.173572490349494e+05 
9.845000000000001e+00 1.168712656757827e+05 
9.850000000000000e+00 1.163822104906369e+05 
9.855000000000000e+00 1.158906392114293e+05 
9.859999999999999e+00 1.153971062211923e+05 
9.865000000000000e+00 1.149021625801533e+05 
9.870000000000001e+00 1.144063528229821e+05 
9.875000000000000e+00 1.139102087292782e+05 
9.880000000000001e+00 1.134142512325467e+05 
9.885000000000000e+00 1.129189868763269e+05 
9.890000000000001e+00 1.124249011219709e+05 
9.895000000000000e+00 1.119324581934345e+05 
9.900000000000000e+00 1.114421013106841e+05 
9.904999999999999e+00 1.109542505896801e+05 
9.910000000000000e+00 1.104693050583915e+05 
9.915000000000001e+00 1.099876310649645e+05 
9.920000000000000e+00 1.095095699026420e+05 
9.925000000000001e+00 1.090354418292497e+05 
9.930000000000000e+00 1.085655373566674e+05 
9.935000000000000e+00 1.081001182415683e+05 
9.940000000000000e+00 1.076394198675082e+05 
9.945000000000000e+00 1.071836495333203e+05 
9.950000000000001e+00 1.067329897527703e+05 
9.955000000000000e+00 1.062875955909596e+05 
9.960000000000001e+00 1.058475964073091e+05 
9.965000000000000e+00 1.054130988124756e+05 
9.970000000000001e+00 1.049841863620948e+05 
9.975000000000000e+00 1.045609198265226e+05 
9.980000000000000e+00 1.041433389298444e+05 
9.984999999999999e+00 1.037314636890251e+05 
9.990000000000000e+00 1.033253005959406e+05 
9.995000000000001e+00 1.029248326795599e+05 
