9.000000000000000e+00 3.091338621217163e-03 
9.005000000000001e+00 3.081544796536852e-03 
9.010000000000000e+00 3.072093961533194e-03 
9.015000000000001e+00 3.062785280655104e-03 
9.020000000000000e+00 3.053606929810354e-03 
9.025000000000000e+00 3.044548642308701e-03 
9.029999999999999e+00 3.035600897163517e-03 
9.035000000000000e+00 3.026754040979596e-03 
9.040000000000001e+00 3.017999631249050e-03 
9.045000000000000e+00 3.009335418760359e-03 
9.050000000000001e+00 3.001729214425001e-03 
9.055000000000000e+00 3.001741564769165e-03 
9.060000000000000e+00 3.020670337025053e-03 
9.065000000000000e+00 3.069553038947404e-03 
9.070000000000000e+00 3.151228143408402e-03 
9.075000000000001e+00 3.267946713723800e-03 
9.080000000000000e+00 3.417587762179779e-03 
9.085000000000001e+00 3.594250638708560e-03 
9.090000000000000e+00 3.789171021386355e-03 
9.095000000000001e+00 3.993341978845336e-03 
9.100000000000000e+00 4.197657442400684e-03 
9.105000000000000e+00 4.395796590717384e-03 
9.109999999999999e+00 4.582546032345498e-03 
9.115000000000000e+00 4.754230537788061e-03 
9.120000000000001e+00 4.908975981551368e-03 
9.125000000000000e+00 5.045368795092725e-03 
9.130000000000001e+00 5.163168727848087e-03 
9.135000000000000e+00 5.262746274428649e-03 
9.140000000000001e+00 5.344853394665296e-03 
9.145000000000000e+00 5.410666037556017e-03 
9.150000000000000e+00 5.461585459843370e-03 
9.154999999999999e+00 5.499127679022934e-03 
9.160000000000000e+00 5.524814002123257e-03 
9.165000000000001e+00 5.540142724722742e-03 
9.170000000000000e+00 5.546540982801301e-03 
9.175000000000001e+00 5.545387458980004e-03 
9.180000000000000e+00 5.537937927348946e-03 
9.185000000000000e+00 5.525179376155324e-03 
9.190000000000000e+00 5.507784437608344e-03 
9.195000000000000e+00 5.486143499692078e-03 
9.200000000000001e+00 5.460683785647707e-03 
9.205000000000000e+00 5.431819040818000e-03 
9.210000000000001e+00 5.400003619826124e-03 
9.215000000000000e+00 5.365669125007019e-03 
9.220000000000001e+00 5.329106169697100e-03 
9.225000000000000e+00 5.290579356449591e-03 
9.230000000000000e+00 5.250236729949163e-03 
9.234999999999999e+00 5.208226294839647e-03 
9.240000000000000e+00 5.164968773816405e-03 
9.245000000000001e+00 5.121078711289721e-03 
9.250000000000000e+00 5.077039934550107e-03 
9.255000000000001e+00 5.033386581924923e-03 
9.260000000000000e+00 4.990142927231825e-03 
9.265000000000001e+00 4.947978144964653e-03 
9.270000000000000e+00 4.908000814313126e-03 
9.275000000000000e+00 4.870910041245042e-03 
9.279999999999999e+00 4.837327305643561e-03 
9.285000000000000e+00 4.807567742326387e-03 
9.290000000000001e+00 4.781777603144386e-03 
9.295000000000000e+00 4.759857732173916e-03 
9.300000000000001e+00 4.741664612123502e-03 
9.305000000000000e+00 4.726941417266655e-03 
9.310000000000000e+00 4.715458068941072e-03 
9.315000000000000e+00 4.706794386467126e-03 
9.320000000000000e+00 4.700540060210635e-03 
9.325000000000001e+00 4.696301824375454e-03 
9.330000000000000e+00 4.693696227263532e-03 
9.335000000000001e+00 4.692367083613218e-03 
9.340000000000000e+00 4.691952639108607e-03 
9.345000000000001e+00 4.692116973543376e-03 
9.350000000000000e+00 4.692555058727764e-03 
9.355000000000000e+00 4.692989126985967e-03 
9.359999999999999e+00 4.693170465774884e-03 
9.365000000000000e+00 4.692934802831917e-03 
9.370000000000001e+00 4.692133093226062e-03 
9.375000000000000e+00 4.690529068837405e-03 
9.380000000000001e+00 4.687850422521965e-03 
9.385000000000000e+00 4.683792136536320e-03 
9.390000000000001e+00 4.677929604173623e-03 
9.395000000000000e+00 4.669606098761976e-03 
9.400000000000000e+00 4.657504520307284e-03 
9.404999999999999e+00 4.639663086143178e-03 
9.410000000000000e+00 4.613309016940849e-03 
9.415000000000001e+00 4.575521401889292e-03 
9.420000000000000e+00 4.523023634681075e-03 
9.425000000000001e+00 4.454564702081228e-03 
9.430000000000000e+00 4.371741989149762e-03 
9.435000000000000e+00 4.280836648385989e-03 
9.440000000000000e+00 4.189712897177881e-03 
9.445000000000000e+00 4.108596459070047e-03 
9.450000000000001e+00 4.045824948118304e-03 
9.455000000000000e+00 4.006198067040909e-03 
9.460000000000001e+00 3.989198602946955e-03 
9.465000000000000e+00 3.991569048664058e-03 
9.470000000000001e+00 4.008915575735097e-03 
9.475000000000000e+00 4.036702776287422e-03 
9.480000000000000e+00 4.069479176304259e-03 
9.484999999999999e+00 4.103401707628044e-03 
9.490000000000000e+00 4.135953776714717e-03 
9.495000000000001e+00 4.165439751967027e-03 
9.500000000000000e+00 4.191033433096079e-03 
9.505000000000001e+00 4.212155342380534e-03 
9.510000000000000e+00 4.229136983763568e-03 
9.515000000000001e+00 4.241719687261312e-03 
9.520000000000000e+00 4.250347613404626e-03 
9.525000000000000e+00 4.255751909991373e-03 
9.529999999999999e+00 4.258331151185456e-03 
9.535000000000000e+00 4.258470781507213e-03 
9.540000000000001e+00 4.256528694257195e-03 
9.545000000000000e+00 4.252786154633111e-03 
9.550000000000001e+00 4.247718205068972e-03 
9.555000000000000e+00 4.241617008510746e-03 
9.560000000000000e+00 4.234512828536366e-03 
9.565000000000000e+00 4.226625172539716e-03 
9.570000000000000e+00 4.218109435571390e-03 
9.575000000000001e+00 4.209120304993013e-03 
9.580000000000000e+00 4.199765404673509e-03 
9.585000000000001e+00 4.190200949088264e-03 
9.590000000000000e+00 4.180474418730387e-03 
9.595000000000001e+00 4.170657060402731e-03 
9.600000000000000e+00 4.160815740480993e-03 
9.605000000000000e+00 4.151002807787412e-03 
9.609999999999999e+00 4.141255134925617e-03 
9.615000000000000e+00 4.131600178685489e-03 
9.620000000000001e+00 4.122054813473493e-03 
9.625000000000000e+00 4.112626745091777e-03 
9.630000000000001e+00 4.103317772166232e-03 
9.635000000000000e+00 4.094106559110095e-03 
9.640000000000001e+00 4.084975073984668e-03 
9.645000000000000e+00 4.075897583364257e-03 
9.650000000000000e+00 4.066842291109921e-03 
9.654999999999999e+00 4.057772504144849e-03 
9.660000000000000e+00 4.048647476797421e-03 
9.665000000000001e+00 4.039423947607892e-03 
9.670000000000000e+00 4.030058432472042e-03 
9.675000000000001e+00 4.020506530631066e-03 
9.680000000000000e+00 4.010725434753584e-03 
9.685000000000000e+00 4.000673828879706e-03 
9.690000000000000e+00 3.990313230099131e-03 
9.695000000000000e+00 3.979609377812859e-03 
9.700000000000001e+00 3.968532015553867e-03 
9.705000000000000e+00 3.957057234910197e-03 
9.710000000000001e+00 3.945164210195741e-03 
9.715000000000000e+00 3.932840058241266e-03 
9.720000000000001e+00 3.920074629211335e-03 
9.725000000000000e+00 3.906864048399911e-03 
9.730000000000000e+00 3.893209494215109e-03 
9.734999999999999e+00 3.879116427873382e-03 
9.740000000000000e+00 3.864595022921792e-03 
9.745000000000001e+00 3.849659653161822e-03 
9.750000000000000e+00 3.834328393068400e-03 
9.755000000000001e+00 3.818622679327727e-03 
9.760000000000000e+00 3.802566625637781e-03 
9.765000000000001e+00 3.786186097471238e-03 
9.770000000000000e+00 3.769508889491788e-03 
9.775000000000000e+00 3.752564518963358e-03 
9.779999999999999e+00 3.735384031890598e-03 
9.785000000000000e+00 3.717999472157585e-03 
9.790000000000001e+00 3.700443209904305e-03 
9.795000000000000e+00 3.682747915353855e-03 
9.800000000000001e+00 3.664946534301387e-03 
9.805000000000000e+00 3.647071000629072e-03 
9.810000000000000e+00 3.629153665251234e-03 
9.815000000000000e+00 3.611225874482859e-03 
9.820000000000000e+00 3.593318018429351e-03 
9.825000000000001e+00 3.575459381287489e-03 
9.830000000000000e+00 3.557678010422780e-03 
9.835000000000001e+00 3.540000223273525e-03 
9.840000000000000e+00 3.522451079988723e-03 
9.845000000000001e+00 3.505054148131604e-03 
9.850000000000000e+00 3.487831312072038e-03 
9.855000000000000e+00 3.470802369039091e-03 
9.859999999999999e+00 3.453985364125880e-03 
9.865000000000000e+00 3.437396958332421e-03 
9.870000000000001e+00 3.421051780760379e-03 
9.875000000000000e+00 3.404961422387619e-03 
9.880000000000001e+00 3.389138097991763e-03 
9.885000000000000e+00 3.373590393571378e-03 
9.890000000000001e+00 3.358324793987738e-03 
9.895000000000000e+00 3.343346441607378e-03 
9.900000000000000e+00 3.328659301226445e-03 
9.904999999999999e+00 3.314265460578030e-03 
9.910000000000000e+00 3.300167325831212e-03 
9.915000000000001e+00 3.286360631223072e-03 
9.920000000000000e+00 3.272846008987610e-03 
9.925000000000001e+00 3.259620655193069e-03 
9.930000000000000e+00 3.246680075754200e-03 
9.935000000000000e+00 3.234019010039475e-03 
9.940000000000000e+00 3.221632065887030e-03 
9.945000000000000e+00 3.209511622278686e-03 
9.950000000000001e+00 3.197651020700686e-03 
9.955000000000000e+00 3.186041719413569e-03 
9.960000000000001e+00 3.174675366276361e-03 
9.965000000000000e+00 3.163543561030696e-03 
9.970000000000001e+00 3.152637198709501e-03 
9.975000000000000e+00 3.141946860337834e-03 
9.980000000000000e+00 3.131463292518631e-03 
9.984999999999999e+00 3.121176948426439e-03 
9.990000000000000e+00 3.111080600669976e-03 
9.995000000000001e+00 3.101160763906216e-03 
