9.000000000000000e+00 1.570191669964493e-03 
9.005000000000001e+00 1.564975228698521e-03 
9.010000000000000e+00 1.559926159207464e-03 
9.015000000000001e+00 1.554961820798587e-03 
9.020000000000000e+00 1.550071525620782e-03 
9.025000000000000e+00 1.545249078702571e-03 
9.029999999999999e+00 1.540489622085181e-03 
9.035000000000000e+00 1.535788814849375e-03 
9.040000000000001e+00 1.531141753763912e-03 
9.045000000000000e+00 1.526547198617065e-03 
9.050000000000001e+00 1.522309358298397e-03 
9.055000000000000e+00 1.520590051038643e-03 
9.060000000000000e+00 1.525600858632571e-03 
9.065000000000000e+00 1.542065981904676e-03 
9.070000000000000e+00 1.572402939668128e-03 
9.075000000000001e+00 1.618040467848241e-03 
9.080000000000000e+00 1.678606847208969e-03 
9.085000000000001e+00 1.752092829608553e-03 
9.090000000000000e+00 1.835121705643597e-03 
9.095000000000001e+00 1.923863881131662e-03 
9.100000000000000e+00 2.014357895870959e-03 
9.105000000000000e+00 2.103497366855906e-03 
9.109999999999999e+00 2.188787638455595e-03 
9.115000000000000e+00 2.268388302852305e-03 
9.120000000000001e+00 2.341209552851039e-03 
9.125000000000000e+00 2.406518851155626e-03 
9.130000000000001e+00 2.464043104372660e-03 
9.135000000000000e+00 2.513826760787470e-03 
9.140000000000001e+00 2.556116854192782e-03 
9.145000000000000e+00 2.591343021328363e-03 
9.150000000000000e+00 2.620050787307655e-03 
9.154999999999999e+00 2.642849328286404e-03 
9.160000000000000e+00 2.660363668791365e-03 
9.165000000000001e+00 2.673213529321340e-03 
9.170000000000000e+00 2.681993537612318e-03 
9.175000000000001e+00 2.687274972605274e-03 
9.180000000000000e+00 2.689584937567920e-03 
9.185000000000000e+00 2.689358324227496e-03 
9.190000000000000e+00 2.686911538835630e-03 
9.195000000000000e+00 2.682444680155821e-03 
9.200000000000001e+00 2.676135015610156e-03 
9.205000000000000e+00 2.668148634327149e-03 
9.210000000000001e+00 2.658660097244928e-03 
9.215000000000000e+00 2.647840058066827e-03 
9.220000000000001e+00 2.635817960717089e-03 
9.225000000000000e+00 2.622704686994397e-03 
9.230000000000000e+00 2.608572453579453e-03 
9.234999999999999e+00 2.593482754303466e-03 
9.240000000000000e+00 2.577572708195111e-03 
9.245000000000001e+00 2.561057716307076e-03 
9.250000000000000e+00 2.544140584058594e-03 
9.255000000000001e+00 2.527038421927406e-03 
9.260000000000000e+00 2.509851426558073e-03 
9.265000000000001e+00 2.492815980391504e-03 
9.270000000000000e+00 2.476328836175855e-03 
9.275000000000000e+00 2.460681121685845e-03 
9.279999999999999e+00 2.446152818162505e-03 
9.285000000000000e+00 2.432935877303765e-03 
9.290000000000001e+00 2.421150869418881e-03 
9.295000000000000e+00 2.410826613962286e-03 
9.300000000000001e+00 2.401951276419898e-03 
9.305000000000000e+00 2.394466006784478e-03 
9.310000000000000e+00 2.388303767407263e-03 
9.315000000000000e+00 2.383337828634774e-03 
9.320000000000000e+00 2.379424990432887e-03 
9.325000000000001e+00 2.376419045531211e-03 
9.330000000000000e+00 2.374173215614983e-03 
9.335000000000001e+00 2.372546377382361e-03 
9.340000000000000e+00 2.371395645314390e-03 
9.345000000000001e+00 2.370583583830581e-03 
9.350000000000000e+00 2.369981792206116e-03 
9.355000000000000e+00 2.369471200463354e-03 
9.359999999999999e+00 2.368942856271824e-03 
9.365000000000000e+00 2.368314407556578e-03 
9.370000000000001e+00 2.367515034288985e-03 
9.375000000000000e+00 2.366451939374341e-03 
9.380000000000001e+00 2.365015342849194e-03 
9.385000000000000e+00 2.363080190937831e-03 
9.390000000000001e+00 2.360481349685326e-03 
9.395000000000000e+00 2.356973684323945e-03 
9.400000000000000e+00 2.352095569912185e-03 
9.404999999999999e+00 2.345132167520412e-03 
9.410000000000000e+00 2.335052035078487e-03 
9.415000000000001e+00 2.320677121824702e-03 
9.420000000000000e+00 2.300666878516132e-03 
9.425000000000001e+00 2.274204698062900e-03 
9.430000000000000e+00 2.241410935485608e-03 
9.435000000000000e+00 2.203868146468175e-03 
9.440000000000000e+00 2.164432016448277e-03 
9.445000000000000e+00 2.127125703092462e-03 
9.450000000000001e+00 2.095651394570784e-03 
9.455000000000000e+00 2.072649125998866e-03 
9.460000000000001e+00 2.058858103372915e-03 
9.465000000000000e+00 2.053620404052905e-03 
9.470000000000001e+00 2.055386367666699e-03 
9.475000000000000e+00 2.062375202511498e-03 
9.480000000000000e+00 2.072570371672647e-03 
9.484999999999999e+00 2.084256969882074e-03 
9.490000000000000e+00 2.096191949890173e-03 
9.495000000000001e+00 2.107483459272766e-03 
9.500000000000000e+00 2.117597561319580e-03 
9.505000000000001e+00 2.126178270407736e-03 
9.510000000000000e+00 2.133194131091535e-03 
9.515000000000001e+00 2.138535471596072e-03 
9.520000000000000e+00 2.142282275416585e-03 
9.525000000000000e+00 2.144656649142994e-03 
9.529999999999999e+00 2.145826707503389e-03 
9.535000000000000e+00 2.145944615923697e-03 
9.540000000000001e+00 2.145151720524460e-03 
9.545000000000000e+00 2.143565064978231e-03 
9.550000000000001e+00 2.141353718129236e-03 
9.555000000000000e+00 2.138648894280570e-03 
9.560000000000000e+00 2.135494572457341e-03 
9.565000000000000e+00 2.131966464432119e-03 
9.570000000000000e+00 2.128130601743738e-03 
9.575000000000001e+00 2.124050715157638e-03 
9.580000000000000e+00 2.119776469714108e-03 
9.585000000000001e+00 2.115368432426098e-03 
9.590000000000000e+00 2.110858303710927e-03 
9.595000000000001e+00 2.106276914523201e-03 
9.600000000000000e+00 2.101653640590241e-03 
9.605000000000000e+00 2.097013292330774e-03 
9.609999999999999e+00 2.092374901200952e-03 
9.615000000000000e+00 2.087753112460433e-03 
9.620000000000001e+00 2.083158183891221e-03 
9.625000000000000e+00 2.078596369866789e-03 
9.630000000000001e+00 2.074070973718149e-03 
9.635000000000000e+00 2.069577473122300e-03 
9.640000000000001e+00 2.065109965931742e-03 
9.645000000000000e+00 2.060659714948302e-03 
9.650000000000000e+00 2.056215215066167e-03 
9.654999999999999e+00 2.051762550759535e-03 
9.660000000000000e+00 2.047285738720633e-03 
9.665000000000001e+00 2.042767280634195e-03 
9.670000000000000e+00 2.038189009530645e-03 
9.675000000000001e+00 2.033532132329898e-03 
9.680000000000000e+00 2.028778003128346e-03 
9.685000000000000e+00 2.023908328004663e-03 
9.690000000000000e+00 2.018905640640447e-03 
9.695000000000000e+00 2.013753873994344e-03 
9.700000000000001e+00 2.008438072949279e-03 
9.705000000000000e+00 2.002946843546376e-03 
9.710000000000001e+00 1.997269145282477e-03 
9.715000000000000e+00 1.991396772576934e-03 
9.720000000000001e+00 1.985323440822790e-03 
9.725000000000000e+00 1.979045400233170e-03 
9.730000000000000e+00 1.972560922496632e-03 
9.734999999999999e+00 1.965870318147110e-03 
9.740000000000000e+00 1.958975952555104e-03 
9.745000000000001e+00 1.951882128133444e-03 
9.750000000000000e+00 1.944594911635777e-03 
9.755000000000001e+00 1.937121992590116e-03 
9.760000000000000e+00 1.929472508450876e-03 
9.765000000000001e+00 1.921656461670130e-03 
9.770000000000000e+00 1.913684992478362e-03 
9.775000000000000e+00 1.905570143933078e-03 
9.779999999999999e+00 1.897324797970000e-03 
9.785000000000000e+00 1.888962497849662e-03 
9.790000000000001e+00 1.880497191391673e-03 
9.795000000000000e+00 1.871943145427683e-03 
9.800000000000001e+00 1.863314910213166e-03 
9.805000000000000e+00 1.854626912557510e-03 
9.810000000000000e+00 1.845893765598808e-03 
9.815000000000000e+00 1.837129922197840e-03 
9.820000000000000e+00 1.828349579650860e-03 
9.825000000000001e+00 1.819566599898480e-03 
9.830000000000000e+00 1.810794437788125e-03 
9.835000000000001e+00 1.802045960877690e-03 
9.840000000000000e+00 1.793333532168048e-03 
9.845000000000001e+00 1.784668954451647e-03 
9.850000000000000e+00 1.776063386580856e-03 
9.855000000000000e+00 1.767527186465969e-03 
9.859999999999999e+00 1.759069958931589e-03 
9.865000000000000e+00 1.750700675283351e-03 
9.870000000000001e+00 1.742427501431614e-03 
9.875000000000000e+00 1.734257428763576e-03 
9.880000000000001e+00 1.726197286044424e-03 
9.885000000000000e+00 1.718252724797924e-03 
9.890000000000001e+00 1.710428376097773e-03 
9.895000000000000e+00 1.702728132389940e-03 
9.900000000000000e+00 1.695155273997852e-03 
9.904999999999999e+00 1.687712284612664e-03 
9.910000000000000e+00 1.680401472490175e-03 
9.915000000000001e+00 1.673222987759368e-03 
9.920000000000000e+00 1.666177810091548e-03 
9.925000000000001e+00 1.659266067155255e-03 
9.930000000000000e+00 1.652487048690990e-03 
9.935000000000000e+00 1.645839515213572e-03 
9.940000000000000e+00 1.639321900995658e-03 
9.945000000000000e+00 1.632932028663667e-03 
9.950000000000001e+00 1.626667598824080e-03 
9.955000000000000e+00 1.620525663515293e-03 
9.960000000000001e+00 1.614503117266385e-03 
9.965000000000000e+00 1.608596746433125e-03 
9.970000000000001e+00 1.602803037051639e-03 
9.975000000000000e+00 1.597118247326486e-03 
9.980000000000000e+00 1.591538575358285e-03 
9.984999999999999e+00 1.586060069863185e-03 
9.990000000000000e+00 1.580679424319627e-03 
9.995000000000001e+00 1.575391329375076e-03 
