9.000000000000000e+00 1.028808806089331e+05 
9.005000000000001e+00 1.024903392884472e+05 
9.010000000000000e+00 1.021057963375580e+05 
9.015000000000001e+00 1.017268669443077e+05 
9.020000000000000e+00 1.013533609716973e+05 
9.025000000000000e+00 1.009851449892931e+05 
9.029999999999999e+00 1.006220933896397e+05 
9.035000000000000e+00 1.002640739857657e+05 
9.040000000000001e+00 9.991095238177499e+04 
9.045000000000000e+00 9.956259865413686e+04 
9.050000000000001e+00 9.922139210896660e+04 
9.055000000000000e+00 9.890701614324987e+04 
9.060000000000000e+00 9.866986965916668e+04 
9.065000000000000e+00 9.858536987358806e+04 
9.070000000000000e+00 9.872917925551762e+04 
9.075000000000001e+00 9.916375822654364e+04 
9.080000000000000e+00 9.993210278051304e+04 
9.085000000000001e+00 1.010539875424387e+05 
9.090000000000000e+00 1.025225794267765e+05 
9.095000000000001e+00 1.043093217875550e+05 
9.100000000000000e+00 1.063696301936383e+05 
9.105000000000000e+00 1.086526197258628e+05 
9.109999999999999e+00 1.111064843739839e+05 
9.115000000000000e+00 1.136804338767820e+05 
9.120000000000001e+00 1.163282144708461e+05 
9.125000000000000e+00 1.190080049887237e+05 
9.130000000000001e+00 1.216829364520629e+05 
9.135000000000000e+00 1.243218169279473e+05 
9.140000000000001e+00 1.268985600207338e+05 
9.145000000000000e+00 1.293920340904866e+05 
9.150000000000000e+00 1.317858368672683e+05 
9.154999999999999e+00 1.340677408972745e+05 
9.160000000000000e+00 1.362290965855906e+05 
9.165000000000001e+00 1.382643014017541e+05 
9.170000000000000e+00 1.401703296219365e+05 
9.175000000000001e+00 1.419463832861701e+05 
9.180000000000000e+00 1.435934961294695e+05 
9.185000000000000e+00 1.451138313819804e+05 
9.190000000000000e+00 1.465099079438286e+05 
9.195000000000000e+00 1.477840452260422e+05 
9.200000000000001e+00 1.489385640616549e+05 
9.205000000000000e+00 1.499760885594926e+05 
9.210000000000001e+00 1.508996649151247e+05 
9.215000000000000e+00 1.517127545741439e+05 
9.220000000000001e+00 1.524189109920771e+05 
9.225000000000000e+00 1.530216418255708e+05 
9.230000000000000e+00 1.535242817083962e+05 
9.234999999999999e+00 1.539299772851857e+05 
9.240000000000000e+00 1.542423166559793e+05 
9.245000000000001e+00 1.544659128543368e+05 
9.250000000000000e+00 1.546060868766109e+05 
9.255000000000001e+00 1.546686548743377e+05 
9.260000000000000e+00 1.546594336394849e+05 
9.265000000000001e+00 1.545853616805484e+05 
9.270000000000000e+00 1.544542038108778e+05 
9.275000000000000e+00 1.542744145880915e+05 
9.279999999999999e+00 1.540550837239598e+05 
9.285000000000000e+00 1.538052477229662e+05 
9.290000000000001e+00 1.535333943586326e+05 
9.295000000000000e+00 1.532471158042817e+05 
9.300000000000001e+00 1.529530679307353e+05 
9.305000000000000e+00 1.526569878072816e+05 
9.310000000000000e+00 1.523638084252792e+05 
9.315000000000000e+00 1.520774679587303e+05 
9.320000000000000e+00 1.518008568660581e+05 
9.325000000000001e+00 1.515360341632789e+05 
9.330000000000000e+00 1.512843366989324e+05 
9.335000000000001e+00 1.510464751140402e+05 
9.340000000000000e+00 1.508225681047066e+05 
9.345000000000001e+00 1.506121966958432e+05 
9.350000000000000e+00 1.504145049392052e+05 
9.355000000000000e+00 1.502282781794725e+05 
9.359999999999999e+00 1.500520096573321e+05 
9.365000000000000e+00 1.498840698622088e+05 
9.370000000000001e+00 1.497227746031522e+05 
9.375000000000000e+00 1.495661675896466e+05 
9.380000000000001e+00 1.494118696134603e+05 
9.385000000000000e+00 1.492570569014050e+05 
9.390000000000001e+00 1.490982705243015e+05 
9.395000000000000e+00 1.489309522928103e+05 
9.400000000000000e+00 1.487481561721640e+05 
9.404999999999999e+00 1.485391334539577e+05 
9.410000000000000e+00 1.482879832905797e+05 
9.415000000000001e+00 1.479736026822701e+05 
9.420000000000000e+00 1.475698276563942e+05 
9.425000000000001e+00 1.470495934726070e+05 
9.430000000000000e+00 1.463920603140205e+05 
9.435000000000000e+00 1.455911733926496e+05 
9.440000000000000e+00 1.446596907806961e+05 
9.445000000000000e+00 1.436350051893574e+05 
9.450000000000001e+00 1.425716977145775e+05 
9.455000000000000e+00 1.415279289653717e+05 
9.460000000000001e+00 1.405517555494287e+05 
9.465000000000000e+00 1.396743076556879e+05 
9.470000000000001e+00 1.389121035286758e+05 
9.475000000000000e+00 1.382685601694474e+05 
9.480000000000000e+00 1.377347047787399e+05 
9.484999999999999e+00 1.372976578400526e+05 
9.490000000000000e+00 1.369426202256696e+05 
9.495000000000001e+00 1.366545854023453e+05 
9.500000000000000e+00 1.364197013298775e+05 
9.505000000000001e+00 1.362253921171243e+05 
9.510000000000000e+00 1.360614108967482e+05 
9.515000000000001e+00 1.359186260821638e+05 
9.520000000000000e+00 1.357891734540787e+05 
9.525000000000000e+00 1.356676524004393e+05 
9.529999999999999e+00 1.355500207869382e+05 
9.535000000000000e+00 1.354328943208980e+05 
9.540000000000001e+00 1.353135783252676e+05 
9.545000000000000e+00 1.351899033000548e+05 
9.550000000000001e+00 1.350605886439735e+05 
9.555000000000000e+00 1.349250162954732e+05 
9.560000000000000e+00 1.347823930362754e+05 
9.565000000000000e+00 1.346320765491740e+05 
9.570000000000000e+00 1.344737951086563e+05 
9.575000000000001e+00 1.343075112147390e+05 
9.580000000000000e+00 1.341333364246649e+05 
9.585000000000001e+00 1.339516030661908e+05 
9.590000000000000e+00 1.337626950132175e+05 
9.595000000000001e+00 1.335669955314669e+05 
9.600000000000000e+00 1.333649703867242e+05 
9.605000000000000e+00 1.331571354490870e+05 
9.609999999999999e+00 1.329440163795710e+05 
9.615000000000000e+00 1.327261303140876e+05 
9.620000000000001e+00 1.325039733311601e+05 
9.625000000000000e+00 1.322780070398535e+05 
9.630000000000001e+00 1.320486535401238e+05 
9.635000000000000e+00 1.318162547534044e+05 
9.640000000000001e+00 1.315810757533714e+05 
9.645000000000000e+00 1.313433150827491e+05 
9.650000000000000e+00 1.311030936538439e+05 
9.654999999999999e+00 1.308604512754446e+05 
9.660000000000000e+00 1.306153457356430e+05 
9.665000000000001e+00 1.303676548396820e+05 
9.670000000000000e+00 1.301171833889278e+05 
9.675000000000001e+00 1.298636683465971e+05 
9.680000000000000e+00 1.296067864197482e+05 
9.685000000000000e+00 1.293461625906701e+05 
9.690000000000000e+00 1.290813790079293e+05 
9.695000000000000e+00 1.288119868202355e+05 
9.700000000000001e+00 1.285375193693507e+05 
9.705000000000000e+00 1.282574949198277e+05 
9.710000000000001e+00 1.279714409491323e+05 
9.715000000000000e+00 1.276788896180335e+05 
9.720000000000001e+00 1.273793981962393e+05 
9.725000000000000e+00 1.270725467089143e+05 
9.730000000000000e+00 1.267579509604214e+05 
9.734999999999999e+00 1.264352666810118e+05 
9.740000000000000e+00 1.261041945299685e+05 
9.745000000000001e+00 1.257644849547331e+05 
9.750000000000000e+00 1.254159412254447e+05 
9.755000000000001e+00 1.250584216223636e+05 
9.760000000000000e+00 1.246918409681598e+05 
9.765000000000001e+00 1.243161672829746e+05 
9.770000000000000e+00 1.239314230574846e+05 
9.775000000000000e+00 1.235376849526087e+05 
9.779999999999999e+00 1.231350829554617e+05 
9.785000000000000e+00 1.227237989251362e+05 
9.790000000000001e+00 1.223040635207748e+05 
9.795000000000000e+00 1.218761532815300e+05 
9.800000000000001e+00 1.214403884996938e+05 
9.805000000000000e+00 1.209971284731802e+05 
9.810000000000000e+00 1.205467695035312e+05 
9.815000000000000e+00 1.200897418004241e+05 
9.820000000000000e+00 1.196265048063030e+05 
9.825000000000001e+00 1.191575433979069e+05 
9.830000000000000e+00 1.186833641041670e+05 
9.835000000000001e+00 1.182044904709063e+05 
9.840000000000000e+00 1.177214595966319e+05 
9.845000000000001e+00 1.172348190728600e+05 
9.850000000000000e+00 1.167451231907932e+05 
9.855000000000000e+00 1.162529283830208e+05 
9.859999999999999e+00 1.157587896157911e+05 
9.865000000000000e+00 1.152632584585584e+05 
9.870000000000001e+00 1.147668797667624e+05 
9.875000000000000e+00 1.142701853367523e+05 
9.880000000000001e+00 1.137736964284949e+05 
9.885000000000000e+00 1.132779193839168e+05 
9.890000000000001e+00 1.127833393882870e+05 
9.895000000000000e+00 1.122904203587630e+05 
9.900000000000000e+00 1.117996051621533e+05 
9.904999999999999e+00 1.113113133963093e+05 
9.910000000000000e+00 1.108259437790325e+05 
9.915000000000001e+00 1.103438613636032e+05 
9.920000000000000e+00 1.098654073178810e+05 
9.925000000000001e+00 1.093909010485283e+05 
9.930000000000000e+00 1.089206321835079e+05 
9.935000000000000e+00 1.084548616231235e+05 
9.940000000000000e+00 1.079938220359206e+05 
9.945000000000000e+00 1.075377235061516e+05 
9.950000000000001e+00 1.070867458834747e+05 
9.955000000000000e+00 1.066410431686312e+05 
9.960000000000001e+00 1.062007438397594e+05 
9.965000000000000e+00 1.057659536515874e+05 
9.970000000000001e+00 1.053367555178366e+05 
9.975000000000000e+00 1.049132087453603e+05 
9.980000000000000e+00 1.044953524871493e+05 
9.984999999999999e+00 1.040832059196916e+05 
9.990000000000000e+00 1.036767750880801e+05 
9.995000000000001e+00 1.032760418614213e+05 
