9.000000000000000e+00 5.270390752828787e-04 
9.005000000000001e+00 5.264545473142082e-04 
9.010000000000000e+00 5.258806554821835e-04 
9.015000000000001e+00 5.253166763268743e-04 
9.020000000000000e+00 5.247622554262272e-04 
9.025000000000000e+00 5.242171259475756e-04 
9.029999999999999e+00 5.236810360653568e-04 
9.035000000000000e+00 5.231537286219403e-04 
9.040000000000001e+00 5.226349413807380e-04 
9.045000000000000e+00 5.221244302422769e-04 
9.050000000000001e+00 5.216253842743739e-04 
9.055000000000000e+00 5.211649676235993e-04 
9.060000000000000e+00 5.208141758485766e-04 
9.065000000000000e+00 5.206805494238391e-04 
9.070000000000000e+00 5.208755745088150e-04 
9.075000000000001e+00 5.214903098804509e-04 
9.080000000000000e+00 5.225925143906597e-04 
9.085000000000001e+00 5.242206486839410e-04 
9.090000000000000e+00 5.263785835269606e-04 
9.095000000000001e+00 5.290409543449772e-04 
9.100000000000000e+00 5.321596164187786e-04 
9.105000000000000e+00 5.356754959919399e-04 
9.109999999999999e+00 5.395256382865332e-04 
9.115000000000000e+00 5.436447453536399e-04 
9.120000000000001e+00 5.479700145392352e-04 
9.125000000000000e+00 5.524410722316487e-04 
9.130000000000001e+00 5.570006695662660e-04 
9.135000000000000e+00 5.615964974294535e-04 
9.140000000000001e+00 5.661808678605355e-04 
9.145000000000000e+00 5.707111751624700e-04 
9.150000000000000e+00 5.751503780887639e-04 
9.154999999999999e+00 5.794668451810659e-04 
9.160000000000000e+00 5.836340542567636e-04 
9.165000000000001e+00 5.876302849960261e-04 
9.170000000000000e+00 5.914383293546086e-04 
9.175000000000001e+00 5.950453141733347e-04 
9.180000000000000e+00 5.984423530218003e-04 
9.185000000000000e+00 6.016234505919115e-04 
9.190000000000000e+00 6.045840679068191e-04 
9.195000000000000e+00 6.073199996244216e-04 
9.200000000000001e+00 6.098277447795570e-04 
9.205000000000000e+00 6.121052344122799e-04 
9.210000000000001e+00 6.141521246581784e-04 
9.215000000000000e+00 6.159698423044084e-04 
9.220000000000001e+00 6.175609000916695e-04 
9.225000000000000e+00 6.189285263644405e-04 
9.230000000000000e+00 6.200763695499904e-04 
9.234999999999999e+00 6.210083790745414e-04 
9.240000000000000e+00 6.217301420299374e-04 
9.245000000000001e+00 6.222502318693150e-04 
9.250000000000000e+00 6.225795101771920e-04 
9.255000000000001e+00 6.227304922227331e-04 
9.260000000000000e+00 6.227169440152137e-04 
9.265000000000001e+00 6.225544249870820e-04 
9.270000000000000e+00 6.222603556207274e-04 
9.275000000000000e+00 6.218544672303687e-04 
9.279999999999999e+00 6.213580203875776e-04 
9.285000000000000e+00 6.207921840415525e-04 
9.290000000000001e+00 6.201767724992185e-04 
9.295000000000000e+00 6.195294599628921e-04 
9.300000000000001e+00 6.188656163845073e-04 
9.305000000000000e+00 6.181984017306866e-04 
9.310000000000000e+00 6.175389997072918e-04 
9.315000000000000e+00 6.168962957073110e-04 
9.320000000000000e+00 6.162767124050296e-04 
9.325000000000001e+00 6.156847478992236e-04 
9.330000000000000e+00 6.151232519394834e-04 
9.335000000000001e+00 6.145936574279612e-04 
9.340000000000000e+00 6.140960865807425e-04 
9.345000000000001e+00 6.136294735334149e-04 
9.350000000000000e+00 6.131917994693438e-04 
9.355000000000000e+00 6.127802743224371e-04 
9.359999999999999e+00 6.123914867950690e-04 
9.365000000000000e+00 6.120217627365102e-04 
9.370000000000001e+00 6.116673398313793e-04 
9.375000000000000e+00 6.113239124035067e-04 
9.380000000000001e+00 6.109862774689207e-04 
9.385000000000000e+00 6.106482959268427e-04 
9.390000000000001e+00 6.103025085404723e-04 
9.395000000000000e+00 6.099391596946991e-04 
9.400000000000000e+00 6.095435297580872e-04 
9.404999999999999e+00 6.090928699266516e-04 
9.410000000000000e+00 6.085536420318150e-04 
9.415000000000001e+00 6.078814171156179e-04 
9.420000000000000e+00 6.070216590426141e-04 
9.425000000000001e+00 6.059184719802928e-04 
9.430000000000000e+00 6.045298205925942e-04 
9.435000000000000e+00 6.028423616977055e-04 
9.440000000000000e+00 6.008925731748492e-04 
9.445000000000000e+00 5.987647923622841e-04 
9.450000000000001e+00 5.965743193885406e-04 
9.455000000000000e+00 5.944411024160579e-04 
9.460000000000001e+00 5.924614110637604e-04 
9.465000000000000e+00 5.906948632507940e-04 
9.470000000000001e+00 5.891685002839011e-04 
9.475000000000000e+00 5.878827339146959e-04 
9.480000000000000e+00 5.868199350612817e-04 
9.484999999999999e+00 5.859525010674926e-04 
9.490000000000000e+00 5.852495741498709e-04 
9.495000000000001e+00 5.846805301909828e-04 
9.500000000000000e+00 5.842174041400727e-04 
9.505000000000001e+00 5.838351293720526e-04 
9.510000000000000e+00 5.835132143825982e-04 
9.515000000000001e+00 5.832337587492850e-04 
9.520000000000000e+00 5.829811951875236e-04 
9.525000000000000e+00 5.827448002281193e-04 
9.529999999999999e+00 5.825166516520132e-04 
9.535000000000000e+00 5.822901086704846e-04 
9.540000000000001e+00 5.820598963809289e-04 
9.545000000000000e+00 5.818217939430480e-04 
9.550000000000001e+00 5.815732528697765e-04 
9.555000000000000e+00 5.813130814139139e-04 
9.560000000000000e+00 5.810398140564974e-04 
9.565000000000000e+00 5.807522083505584e-04 
9.570000000000000e+00 5.804497759784616e-04 
9.575000000000001e+00 5.801324777367840e-04 
9.580000000000000e+00 5.798005758090195e-04 
9.585000000000001e+00 5.794547380767398e-04 
9.590000000000000e+00 5.790957637230673e-04 
9.595000000000001e+00 5.787244318798611e-04 
9.600000000000000e+00 5.783416790699699e-04 
9.605000000000000e+00 5.779485359461928e-04 
9.609999999999999e+00 5.775460492750060e-04 
9.615000000000000e+00 5.771352448355767e-04 
9.620000000000001e+00 5.767171043724118e-04 
9.625000000000000e+00 5.762925398823560e-04 
9.630000000000001e+00 5.758623837178055e-04 
9.635000000000000e+00 5.754273177352950e-04 
9.640000000000001e+00 5.749878720798540e-04 
9.645000000000000e+00 5.745444510992608e-04 
9.650000000000000e+00 5.740973124070654e-04 
9.654999999999999e+00 5.736465616302969e-04 
9.660000000000000e+00 5.731921520698102e-04 
9.665000000000001e+00 5.727338896821932e-04 
9.670000000000000e+00 5.722714470516789e-04 
9.675000000000001e+00 5.718043747663429e-04 
9.680000000000000e+00 5.713321160369298e-04 
9.685000000000000e+00 5.708540239122407e-04 
9.690000000000000e+00 5.703693783848822e-04 
9.695000000000000e+00 5.698774088354373e-04 
9.700000000000001e+00 5.693773190075899e-04 
9.705000000000000e+00 5.688682925701933e-04 
9.710000000000001e+00 5.683495374528885e-04 
9.715000000000000e+00 5.678202820431197e-04 
9.720000000000001e+00 5.672797989716284e-04 
9.725000000000000e+00 5.667274192175551e-04 
9.730000000000000e+00 5.661625431057944e-04 
9.734999999999999e+00 5.655846509680585e-04 
9.740000000000000e+00 5.649933110580245e-04 
9.745000000000001e+00 5.643881876040727e-04 
9.750000000000000e+00 5.637690453104006e-04 
9.755000000000001e+00 5.631357521404122e-04 
9.760000000000000e+00 5.624882804494238e-04 
9.765000000000001e+00 5.618267016395447e-04 
9.770000000000000e+00 5.611511841086368e-04 
9.775000000000000e+00 5.604619931511190e-04 
9.779999999999999e+00 5.597594873867958e-04 
9.785000000000000e+00 5.590441147088693e-04 
9.790000000000001e+00 5.583164053938695e-04 
9.795000000000000e+00 5.575769653427644e-04 
9.800000000000001e+00 5.568264708046103e-04 
9.805000000000000e+00 5.560656589674465e-04 
9.810000000000000e+00 5.552953225893236e-04 
9.815000000000000e+00 5.545163037983308e-04 
9.820000000000000e+00 5.537294846994826e-04 
9.825000000000001e+00 5.529357798244217e-04 
9.830000000000000e+00 5.521361287514145e-04 
9.835000000000001e+00 5.513314875548787e-04 
9.840000000000000e+00 5.505228221475546e-04 
9.845000000000001e+00 5.497111027314774e-04 
9.850000000000000e+00 5.488972971163647e-04 
9.855000000000000e+00 5.480823630131395e-04 
9.859999999999999e+00 5.472672419047931e-04 
9.865000000000000e+00 5.464528559072521e-04 
9.870000000000001e+00 5.456401027321813e-04 
9.875000000000000e+00 5.448298458701280e-04 
9.880000000000001e+00 5.440229182496448e-04 
9.885000000000000e+00 5.432201170296485e-04 
9.890000000000001e+00 5.424221934659892e-04 
9.895000000000000e+00 5.416298535300781e-04 
9.900000000000000e+00 5.408437591602827e-04 
9.904999999999999e+00 5.400645257854978e-04 
9.910000000000000e+00 5.392927264564834e-04 
9.915000000000001e+00 5.385288743580923e-04 
9.920000000000000e+00 5.377734360115971e-04 
9.925000000000001e+00 5.370268385304121e-04 
9.930000000000000e+00 5.362894567814609e-04 
9.935000000000000e+00 5.355616159512050e-04 
9.940000000000000e+00 5.348435962127598e-04 
9.945000000000000e+00 5.341356309375270e-04 
9.950000000000001e+00 5.334379126729576e-04 
9.955000000000000e+00 5.327505897987726e-04 
9.960000000000001e+00 5.320737699973886e-04 
9.965000000000000e+00 5.314075254967370e-04 
9.970000000000001e+00 5.307518932151282e-04 
9.975000000000000e+00 5.301068757613107e-04 
9.980000000000000e+00 5.294724446260995e-04 
9.984999999999999e+00 5.288485426932846e-04 
9.990000000000000e+00 5.282350939926068e-04 
9.995000000000001e+00 5.276319890269369e-04 
