9.000000000000000e+00 1.570191669965583e-03 
9.005000000000001e+00 1.564975228698111e-03 
9.010000000000000e+00 1.559926159202688e-03 
9.015000000000001e+00 1.554961820797892e-03 
9.020000000000000e+00 1.550071525624011e-03 
9.025000000000000e+00 1.545249078704585e-03 
9.029999999999999e+00 1.540489622087681e-03 
9.035000000000000e+00 1.535788814852025e-03 
9.040000000000001e+00 1.531141753766569e-03 
9.045000000000000e+00 1.526547198618015e-03 
9.050000000000001e+00 1.522309358298447e-03 
9.055000000000000e+00 1.520590051040281e-03 
9.060000000000000e+00 1.525600858632840e-03 
9.065000000000000e+00 1.542065981904775e-03 
9.070000000000000e+00 1.572402939668370e-03 
9.075000000000001e+00 1.618040467849591e-03 
9.080000000000000e+00 1.678606847210758e-03 
9.085000000000001e+00 1.752092829609109e-03 
9.090000000000000e+00 1.835121705646231e-03 
9.095000000000001e+00 1.923863881134483e-03 
9.100000000000000e+00 2.014357895869322e-03 
9.105000000000000e+00 2.103497366857064e-03 
9.109999999999999e+00 2.188787638457563e-03 
9.115000000000000e+00 2.268388302855555e-03 
9.120000000000001e+00 2.341209552839809e-03 
9.125000000000000e+00 2.406518851157561e-03 
9.130000000000001e+00 2.464043104361298e-03 
9.135000000000000e+00 2.513826760789213e-03 
9.140000000000001e+00 2.556116854180143e-03 
9.145000000000000e+00 2.591343021340730e-03 
9.150000000000000e+00 2.620050787301814e-03 
9.154999999999999e+00 2.642849328283743e-03 
9.160000000000000e+00 2.660363668795554e-03 
9.165000000000001e+00 2.673213529311998e-03 
9.170000000000000e+00 2.681993537622323e-03 
9.175000000000001e+00 2.687274972602557e-03 
9.180000000000000e+00 2.689584937561731e-03 
9.185000000000000e+00 2.689358324223156e-03 
9.190000000000000e+00 2.686911538832414e-03 
9.195000000000000e+00 2.682444680161581e-03 
9.200000000000001e+00 2.676135015613768e-03 
9.205000000000000e+00 2.668148634326442e-03 
9.210000000000001e+00 2.658660097244323e-03 
9.215000000000000e+00 2.647840058070483e-03 
9.220000000000001e+00 2.635817960716586e-03 
9.225000000000000e+00 2.622704686992712e-03 
9.230000000000000e+00 2.608572453580661e-03 
9.234999999999999e+00 2.593482754302947e-03 
9.240000000000000e+00 2.577572708195787e-03 
9.245000000000001e+00 2.561057716306786e-03 
9.250000000000000e+00 2.544140584057884e-03 
9.255000000000001e+00 2.527038421927173e-03 
9.260000000000000e+00 2.509851426557609e-03 
9.265000000000001e+00 2.492815980395810e-03 
9.270000000000000e+00 2.476328836177420e-03 
9.275000000000000e+00 2.460681121686482e-03 
9.279999999999999e+00 2.446152818161212e-03 
9.285000000000000e+00 2.432935877306133e-03 
9.290000000000001e+00 2.421150869420708e-03 
9.295000000000000e+00 2.410826613962933e-03 
9.300000000000001e+00 2.401951276415395e-03 
9.305000000000000e+00 2.394466006782254e-03 
9.310000000000000e+00 2.388303767407772e-03 
9.315000000000000e+00 2.383337828631422e-03 
9.320000000000000e+00 2.379424990436084e-03 
9.325000000000001e+00 2.376419045528086e-03 
9.330000000000000e+00 2.374173215614124e-03 
9.335000000000001e+00 2.372546377385535e-03 
9.340000000000000e+00 2.371395645316327e-03 
9.345000000000001e+00 2.370583583830650e-03 
9.350000000000000e+00 2.369981792209444e-03 
9.355000000000000e+00 2.369471200464321e-03 
9.359999999999999e+00 2.368942856274428e-03 
9.365000000000000e+00 2.368314407556041e-03 
9.370000000000001e+00 2.367515034287828e-03 
9.375000000000000e+00 2.366451939374341e-03 
9.380000000000001e+00 2.365015342852657e-03 
9.385000000000000e+00 2.363080190937327e-03 
9.390000000000001e+00 2.360481349689711e-03 
9.395000000000000e+00 2.356973684326047e-03 
9.400000000000000e+00 2.352095569915049e-03 
9.404999999999999e+00 2.345132167519094e-03 
9.410000000000000e+00 2.335052035076658e-03 
9.415000000000001e+00 2.320677121823598e-03 
9.420000000000000e+00 2.300666878522011e-03 
9.425000000000001e+00 2.274204698062932e-03 
9.430000000000000e+00 2.241410935500182e-03 
9.435000000000000e+00 2.203868146474176e-03 
9.440000000000000e+00 2.164432016445247e-03 
9.445000000000000e+00 2.127125703091642e-03 
9.450000000000001e+00 2.095651394575057e-03 
9.455000000000000e+00 2.072649125985780e-03 
9.460000000000001e+00 2.058858103376535e-03 
9.465000000000000e+00 2.053620404044677e-03 
9.470000000000001e+00 2.055386367657779e-03 
9.475000000000000e+00 2.062375202501106e-03 
9.480000000000000e+00 2.072570371673453e-03 
9.484999999999999e+00 2.084256969879543e-03 
9.490000000000000e+00 2.096191949890709e-03 
9.495000000000001e+00 2.107483459274928e-03 
9.500000000000000e+00 2.117597561318245e-03 
9.505000000000001e+00 2.126178270405690e-03 
9.510000000000000e+00 2.133194131092479e-03 
9.515000000000001e+00 2.138535471596144e-03 
9.520000000000000e+00 2.142282275416603e-03 
9.525000000000000e+00 2.144656649143027e-03 
9.529999999999999e+00 2.145826707503689e-03 
9.535000000000000e+00 2.145944615924585e-03 
9.540000000000001e+00 2.145151720524320e-03 
9.545000000000000e+00 2.143565064978603e-03 
9.550000000000001e+00 2.141353718130264e-03 
9.555000000000000e+00 2.138648894279650e-03 
9.560000000000000e+00 2.135494572456820e-03 
9.565000000000000e+00 2.131966464431939e-03 
9.570000000000000e+00 2.128130601745304e-03 
9.575000000000001e+00 2.124050715159886e-03 
9.580000000000000e+00 2.119776469712770e-03 
9.585000000000001e+00 2.115368432425413e-03 
9.590000000000000e+00 2.110858303708060e-03 
9.595000000000001e+00 2.106276914527050e-03 
9.600000000000000e+00 2.101653640590684e-03 
9.605000000000000e+00 2.097013292334036e-03 
9.609999999999999e+00 2.092374901198501e-03 
9.615000000000000e+00 2.087753112461572e-03 
9.620000000000001e+00 2.083158183892041e-03 
9.625000000000000e+00 2.078596369868269e-03 
9.630000000000001e+00 2.074070973720511e-03 
9.635000000000000e+00 2.069577473121774e-03 
9.640000000000001e+00 2.065109965932802e-03 
9.645000000000000e+00 2.060659714949121e-03 
9.650000000000000e+00 2.056215215064443e-03 
9.654999999999999e+00 2.051762550758787e-03 
9.660000000000000e+00 2.047285738717719e-03 
9.665000000000001e+00 2.042767280632741e-03 
9.670000000000000e+00 2.038189009528403e-03 
9.675000000000001e+00 2.033532132329449e-03 
9.680000000000000e+00 2.028778003130465e-03 
9.685000000000000e+00 2.023908328007856e-03 
9.690000000000000e+00 2.018905640640457e-03 
9.695000000000000e+00 2.013753873996022e-03 
9.700000000000001e+00 2.008438072951865e-03 
9.705000000000000e+00 2.002946843543900e-03 
9.710000000000001e+00 1.997269145282959e-03 
9.715000000000000e+00 1.991396772575175e-03 
9.720000000000001e+00 1.985323440821479e-03 
9.725000000000000e+00 1.979045400229253e-03 
9.730000000000000e+00 1.972560922498633e-03 
9.734999999999999e+00 1.965870318146254e-03 
9.740000000000000e+00 1.958975952551570e-03 
9.745000000000001e+00 1.951882128131094e-03 
9.750000000000000e+00 1.944594911639239e-03 
9.755000000000001e+00 1.937121992590732e-03 
9.760000000000000e+00 1.929472508449140e-03 
9.765000000000001e+00 1.921656461669210e-03 
9.770000000000000e+00 1.913684992481745e-03 
9.775000000000000e+00 1.905570143927462e-03 
9.779999999999999e+00 1.897324797969156e-03 
9.785000000000000e+00 1.888962497849543e-03 
9.790000000000001e+00 1.880497191387957e-03 
9.795000000000000e+00 1.871943145426476e-03 
9.800000000000001e+00 1.863314910212842e-03 
9.805000000000000e+00 1.854626912555970e-03 
9.810000000000000e+00 1.845893765599034e-03 
9.815000000000000e+00 1.837129922197929e-03 
9.820000000000000e+00 1.828349579655123e-03 
9.825000000000001e+00 1.819566599897458e-03 
9.830000000000000e+00 1.810794437783736e-03 
9.835000000000001e+00 1.802045960876502e-03 
9.840000000000000e+00 1.793333532166622e-03 
9.845000000000001e+00 1.784668954456761e-03 
9.850000000000000e+00 1.776063386587176e-03 
9.855000000000000e+00 1.767527186466292e-03 
9.859999999999999e+00 1.759069958932676e-03 
9.865000000000000e+00 1.750700675278097e-03 
9.870000000000001e+00 1.742427501432928e-03 
9.875000000000000e+00 1.734257428763502e-03 
9.880000000000001e+00 1.726197286043042e-03 
9.885000000000000e+00 1.718252724800894e-03 
9.890000000000001e+00 1.710428376100149e-03 
9.895000000000000e+00 1.702728132387216e-03 
9.900000000000000e+00 1.695155273997613e-03 
9.904999999999999e+00 1.687712284608536e-03 
9.910000000000000e+00 1.680401472490239e-03 
9.915000000000001e+00 1.673222987763854e-03 
9.920000000000000e+00 1.666177810093443e-03 
9.925000000000001e+00 1.659266067151761e-03 
9.930000000000000e+00 1.652487048688405e-03 
9.935000000000000e+00 1.645839515214057e-03 
9.940000000000000e+00 1.639321900996183e-03 
9.945000000000000e+00 1.632932028659022e-03 
9.950000000000001e+00 1.626667598820528e-03 
9.955000000000000e+00 1.620525663516876e-03 
9.960000000000001e+00 1.614503117265699e-03 
9.965000000000000e+00 1.608596746425831e-03 
9.970000000000001e+00 1.602803037051636e-03 
9.975000000000000e+00 1.597118247326617e-03 
9.980000000000000e+00 1.591538575357054e-03 
9.984999999999999e+00 1.586060069866756e-03 
9.990000000000000e+00 1.580679424322455e-03 
9.995000000000001e+00 1.575391329371606e-03 
