9.000000000000000e+00 1.025300128671485e+05 
9.005000000000001e+00 1.021396870669396e+05 
9.010000000000000e+00 1.017554068885102e+05 
9.015000000000001e+00 1.013767404807962e+05 
9.020000000000000e+00 1.010034989349367e+05 
9.025000000000000e+00 1.006355494684763e+05 
9.029999999999999e+00 1.002727670754904e+05 
9.035000000000000e+00 9.991502088955225e+04 
9.040000000000001e+00 9.956217435808855e+04 
9.045000000000000e+00 9.921410109586539e+04 
9.050000000000001e+00 9.887302193554645e+04 
9.055000000000000e+00 9.855762060150021e+04 
9.060000000000000e+00 9.831684851833359e+04 
9.065000000000000e+00 9.822502510492686e+04 
9.070000000000000e+00 9.835901980709765e+04 
9.075000000000001e+00 9.878056340842477e+04 
9.080000000000000e+00 9.953327944891456e+04 
9.085000000000001e+00 1.006379303043141e+05 
9.090000000000000e+00 1.020888816323120e+05 
9.095000000000001e+00 1.038586160041351e+05 
9.100000000000000e+00 1.059034827381641e+05 
9.105000000000000e+00 1.081730438775884e+05 
9.109999999999999e+00 1.106158346832906e+05 
9.115000000000000e+00 1.131811782738838e+05 
9.120000000000001e+00 1.158227254323339e+05 
9.125000000000000e+00 1.184985570051378e+05 
9.130000000000001e+00 1.211715695175378e+05 
9.135000000000000e+00 1.238103198247543e+05 
9.140000000000001e+00 1.263884657386342e+05 
9.145000000000000e+00 1.288846068828550e+05 
9.150000000000000e+00 1.312820891288588e+05 
9.154999999999999e+00 1.335684538230520e+05 
9.160000000000000e+00 1.357348499873888e+05 
9.165000000000001e+00 1.377754985367404e+05 
9.170000000000000e+00 1.396872240433791e+05 
9.175000000000001e+00 1.414690984944749e+05 
9.180000000000000e+00 1.431220517637763e+05 
9.185000000000000e+00 1.446481787252736e+05 
9.190000000000000e+00 1.460499604258421e+05 
9.195000000000000e+00 1.473297004446638e+05 
9.200000000000001e+00 1.484896917354864e+05 
9.205000000000000e+00 1.495325370524653e+05 
9.210000000000001e+00 1.504612593683914e+05 
9.215000000000000e+00 1.512793036574998e+05 
9.220000000000001e+00 1.519902224620877e+05 
9.225000000000000e+00 1.525975204648198e+05 
9.230000000000000e+00 1.531045410150770e+05 
9.234999999999999e+00 1.535144348481708e+05 
9.240000000000000e+00 1.538307667109118e+05 
9.245000000000001e+00 1.540581189887864e+05 
9.250000000000000e+00 1.542018046578636e+05 
9.255000000000001e+00 1.542676219617673e+05 
9.260000000000000e+00 1.542617176129362e+05 
9.265000000000001e+00 1.541908653002549e+05 
9.270000000000000e+00 1.540625395891065e+05 
9.275000000000000e+00 1.538851592301468e+05 
9.279999999999999e+00 1.536677937156892e+05 
9.285000000000000e+00 1.534194955819314e+05 
9.290000000000001e+00 1.531487747160378e+05 
9.295000000000000e+00 1.528632665936180e+05 
9.300000000000001e+00 1.525696615383931e+05 
9.305000000000000e+00 1.522737405693945e+05 
9.310000000000000e+00 1.519804691410922e+05 
9.315000000000000e+00 1.516938412858608e+05 
9.320000000000000e+00 1.514167903795575e+05 
9.325000000000001e+00 1.511514138437117e+05 
9.330000000000000e+00 1.508990842688376e+05 
9.335000000000001e+00 1.506605431141872e+05 
9.340000000000000e+00 1.504359402927499e+05 
9.345000000000001e+00 1.502248829471511e+05 
9.350000000000000e+00 1.500265370049889e+05 
9.355000000000000e+00 1.498397065272364e+05 
9.359999999999999e+00 1.496629001019003e+05 
9.365000000000000e+00 1.494944932402162e+05 
9.370000000000001e+00 1.493328085276899e+05 
9.375000000000000e+00 1.491759083661884e+05 
9.380000000000001e+00 1.490214320634973e+05 
9.385000000000000e+00 1.488665757896008e+05 
9.390000000000001e+00 1.487079133732631e+05 
9.395000000000000e+00 1.485409422306272e+05 
9.400000000000000e+00 1.483588440123711e+05 
9.404999999999999e+00 1.481510442187049e+05 
9.410000000000000e+00 1.479018825916882e+05 
9.415000000000001e+00 1.475904665380377e+05 
9.420000000000000e+00 1.471908741834180e+05 
9.425000000000001e+00 1.466759959657653e+05 
9.430000000000000e+00 1.460244348311323e+05 
9.435000000000000e+00 1.452274546306761e+05 
9.440000000000000e+00 1.442993827525724e+05 
9.445000000000000e+00 1.432776931055438e+05 
9.450000000000001e+00 1.422160887855384e+05 
9.455000000000000e+00 1.411725503486813e+05 
9.460000000000001e+00 1.401954652179965e+05 
9.465000000000000e+00 1.393164703264983e+05 
9.470000000000001e+00 1.385515342596624e+05 
9.475000000000000e+00 1.379032171989426e+05 
9.480000000000000e+00 1.373645753237007e+05 
9.484999999999999e+00 1.369230906666139e+05 
9.490000000000000e+00 1.365641026031227e+05 
9.495000000000001e+00 1.362726793483007e+05 
9.500000000000000e+00 1.360349629941362e+05 
9.505000000000001e+00 1.358383827554968e+05 
9.510000000000000e+00 1.356725860914224e+05 
9.515000000000001e+00 1.355284674391752e+05 
9.520000000000000e+00 1.353980652460069e+05 
9.525000000000000e+00 1.352758800961020e+05 
9.529999999999999e+00 1.351578369270365e+05 
9.535000000000000e+00 1.350405073963405e+05 
9.540000000000001e+00 1.349211578012682e+05 
9.545000000000000e+00 1.347975906095501e+05 
9.550000000000001e+00 1.346684680785723e+05 
9.555000000000000e+00 1.345331520446110e+05 
9.560000000000000e+00 1.343908579394245e+05 
9.565000000000000e+00 1.342409127323958e+05 
9.570000000000000e+00 1.340830326341592e+05 
9.575000000000001e+00 1.339171658515507e+05 
9.580000000000000e+00 1.337434167306799e+05 
9.585000000000001e+00 1.335621016653729e+05 
9.590000000000000e+00 1.333736066654575e+05 
9.595000000000001e+00 1.331783084623347e+05 
9.600000000000000e+00 1.329766682153792e+05 
9.605000000000000e+00 1.327691990400533e+05 
9.609999999999999e+00 1.325564254178946e+05 
9.615000000000000e+00 1.323388638577932e+05 
9.620000000000001e+00 1.321170107850133e+05 
9.625000000000000e+00 1.318913288455808e+05 
9.630000000000001e+00 1.316622414532055e+05 
9.635000000000000e+00 1.314300946845211e+05 
9.640000000000001e+00 1.311951559648282e+05 
9.645000000000000e+00 1.309576272533201e+05 
9.650000000000000e+00 1.307176331883588e+05 
9.654999999999999e+00 1.304752175158273e+05 
9.660000000000000e+00 1.302303421068319e+05 
9.665000000000001e+00 1.299828888231857e+05 
9.670000000000000e+00 1.297326662581235e+05 
9.675000000000001e+00 1.294794151332500e+05 
9.680000000000000e+00 1.292228155064106e+05 
9.685000000000000e+00 1.289624954631142e+05 
9.690000000000000e+00 1.286980398340740e+05 
9.695000000000000e+00 1.284290019215375e+05 
9.700000000000001e+00 1.281549167418560e+05 
9.705000000000000e+00 1.278753037450776e+05 
9.710000000000001e+00 1.275896909214677e+05 
9.715000000000000e+00 1.272976126302421e+05 
9.720000000000001e+00 1.269986226691168e+05 
9.725000000000000e+00 1.266923021556156e+05 
9.730000000000000e+00 1.263782658021875e+05 
9.734999999999999e+00 1.260561681141252e+05 
9.740000000000000e+00 1.257257081706702e+05 
9.745000000000001e+00 1.253866345906340e+05 
9.750000000000000e+00 1.250387486187537e+05 
9.755000000000001e+00 1.246819063383844e+05 
9.760000000000000e+00 1.243160200357646e+05 
9.765000000000001e+00 1.239410559613481e+05 
9.770000000000000e+00 1.235570339760781e+05 
9.775000000000000e+00 1.231640283529962e+05 
9.779999999999999e+00 1.227621666498884e+05 
9.785000000000000e+00 1.223516283262182e+05 
9.790000000000001e+00 1.219326417339674e+05 
9.795000000000000e+00 1.215054811563522e+05 
9.800000000000001e+00 1.210704646724432e+05 
9.805000000000000e+00 1.206279495884563e+05 
9.810000000000000e+00 1.201783301474907e+05 
9.815000000000000e+00 1.197220347077730e+05 
9.820000000000000e+00 1.192595209789247e+05 
9.825000000000001e+00 1.187912722368739e+05 
9.830000000000000e+00 1.183177935441882e+05 
9.835000000000001e+00 1.178396071727820e+05 
9.840000000000000e+00 1.173572490349528e+05 
9.845000000000001e+00 1.168712656757814e+05 
9.850000000000000e+00 1.163822104906332e+05 
9.855000000000000e+00 1.158906392114288e+05 
9.859999999999999e+00 1.153971062211887e+05 
9.865000000000000e+00 1.149021625801526e+05 
9.870000000000001e+00 1.144063528229842e+05 
9.875000000000000e+00 1.139102087292777e+05 
9.880000000000001e+00 1.134142512325463e+05 
9.885000000000000e+00 1.129189868763266e+05 
9.890000000000001e+00 1.124249011219697e+05 
9.895000000000000e+00 1.119324581934296e+05 
9.900000000000000e+00 1.114421013106852e+05 
9.904999999999999e+00 1.109542505896826e+05 
9.910000000000000e+00 1.104693050583890e+05 
9.915000000000001e+00 1.099876310649636e+05 
9.920000000000000e+00 1.095095699026433e+05 
9.925000000000001e+00 1.090354418292484e+05 
9.930000000000000e+00 1.085655373566668e+05 
9.935000000000000e+00 1.081001182415694e+05 
9.940000000000000e+00 1.076394198675096e+05 
9.945000000000000e+00 1.071836495333200e+05 
9.950000000000001e+00 1.067329897527713e+05 
9.955000000000000e+00 1.062875955909590e+05 
9.960000000000001e+00 1.058475964073092e+05 
9.965000000000000e+00 1.054130988124782e+05 
9.970000000000001e+00 1.049841863620973e+05 
9.975000000000000e+00 1.045609198265248e+05 
9.980000000000000e+00 1.041433389298453e+05 
9.984999999999999e+00 1.037314636890262e+05 
9.990000000000000e+00 1.033253005959413e+05 
9.995000000000001e+00 1.029248326795620e+05 
