9.000000000000000e+00 5.275659021566374e-04 
9.005000000000001e+00 5.269795883855653e-04 
9.010000000000000e+00 5.264038711815725e-04 
9.015000000000001e+00 5.258380957891612e-04 
9.020000000000000e+00 5.252819048834707e-04 
9.025000000000000e+00 5.247350298370877e-04 
9.029999999999999e+00 5.241972171541704e-04 
9.035000000000000e+00 5.236682069496126e-04 
9.040000000000001e+00 5.231477393927151e-04 
9.045000000000000e+00 5.226355644474972e-04 
9.050000000000001e+00 5.221351110285396e-04 
9.055000000000000e+00 5.216750690299003e-04 
9.060000000000000e+00 5.213287101909842e-04 
9.065000000000000e+00 5.212054347350565e-04 
9.070000000000000e+00 5.214152795771875e-04 
9.075000000000001e+00 5.220506966189697e-04 
9.080000000000000e+00 5.231788766559091e-04 
9.085000000000001e+00 5.248371666607515e-04 
9.090000000000000e+00 5.270279282400622e-04 
9.095000000000001e+00 5.297243946048809e-04 
9.100000000000000e+00 5.328770168897773e-04 
9.105000000000000e+00 5.364259157785105e-04 
9.109999999999999e+00 5.403073821417049e-04 
9.115000000000000e+00 5.444556251743744e-04 
9.120000000000001e+00 5.488076321646814e-04 
9.125000000000000e+00 5.533027946896050e-04 
9.130000000000001e+00 5.578838494425742e-04 
9.135000000000000e+00 5.624985238888549e-04 
9.140000000000001e+00 5.670992081021439e-04 
9.145000000000000e+00 5.716434427173211e-04 
9.150000000000000e+00 5.760943563442261e-04 
9.154999999999999e+00 5.804205047753447e-04 
9.160000000000000e+00 5.845955505944699e-04 
9.165000000000001e+00 5.885979605388630e-04 
9.170000000000000e+00 5.924107066444059e-04 
9.175000000000001e+00 5.960210978824847e-04 
9.180000000000000e+00 5.994204127250836e-04 
9.185000000000000e+00 6.026027739452447e-04 
9.190000000000000e+00 6.055637121192346e-04 
9.195000000000000e+00 6.082990515619656e-04 
9.200000000000001e+00 6.108053537356258e-04 
9.205000000000000e+00 6.130806078623811e-04 
9.210000000000001e+00 6.151245424981934e-04 
9.215000000000000e+00 6.169386514013193e-04 
9.220000000000001e+00 6.185254848651406e-04 
9.225000000000000e+00 6.198883161872069e-04 
9.230000000000000e+00 6.210308134735454e-04 
9.234999999999999e+00 6.219569566074847e-04 
9.240000000000000e+00 6.226724316836210e-04 
9.245000000000001e+00 6.231859390274665e-04 
9.250000000000000e+00 6.235084224537884e-04 
9.255000000000001e+00 6.236525061305229e-04 
9.260000000000000e+00 6.236312657217147e-04 
9.265000000000001e+00 6.234607148651793e-04 
9.270000000000000e+00 6.231590209058932e-04 
9.275000000000000e+00 6.227460796331680e-04 
9.279999999999999e+00 6.222432809648103e-04 
9.285000000000000e+00 6.216718354359400e-04 
9.290000000000001e+00 6.210515769759245e-04 
9.295000000000000e+00 6.204001413527605e-04 
9.300000000000001e+00 6.197328710445704e-04 
9.305000000000000e+00 6.190628688392375e-04 
9.310000000000000e+00 6.184012805255920e-04 
9.315000000000000e+00 6.177568932874033e-04 
9.320000000000000e+00 6.171360530763950e-04 
9.325000000000001e+00 6.165431855533163e-04 
9.330000000000000e+00 6.159810690570698e-04 
9.335000000000001e+00 6.154510718443647e-04 
9.340000000000000e+00 6.149532466060570e-04 
9.345000000000001e+00 6.144864656150385e-04 
9.350000000000000e+00 6.140486546024475e-04 
9.355000000000000e+00 6.136369725652687e-04 
9.359999999999999e+00 6.132479626744867e-04 
9.365000000000000e+00 6.128779271752645e-04 
9.370000000000001e+00 6.125230759683343e-04 
9.375000000000000e+00 6.121790474971675e-04 
9.380000000000001e+00 6.118405802316676e-04 
9.385000000000000e+00 6.115014702435829e-04 
9.390000000000001e+00 6.111541610075363e-04 
9.395000000000000e+00 6.107887420928477e-04 
9.400000000000000e+00 6.103901653682185e-04 
9.404999999999999e+00 6.099352266471359e-04 
9.410000000000000e+00 6.093897557428197e-04 
9.415000000000001e+00 6.087087299162492e-04 
9.420000000000000e+00 6.078369336689589e-04 
9.425000000000001e+00 6.067184322176200e-04 
9.430000000000000e+00 6.053123175757768e-04 
9.435000000000000e+00 6.036109598864064e-04 
9.440000000000000e+00 6.016476123684424e-04 
9.445000000000000e+00 5.995067248101944e-04 
9.450000000000001e+00 5.973057695492255e-04 
9.455000000000000e+00 5.951653680226368e-04 
9.460000000000001e+00 5.931813335332357e-04 
9.465000000000000e+00 5.914123879494265e-04 
9.470000000000001e+00 5.898867223447837e-04 
9.475000000000000e+00 5.886064095170315e-04 
9.480000000000000e+00 5.875497105287933e-04 
9.484999999999999e+00 5.866882432773653e-04 
9.490000000000000e+00 5.859908035284727e-04 
9.495000000000001e+00 5.854265429708633e-04 
9.500000000000000e+00 5.849674336380814e-04 
9.505000000000001e+00 5.845883289163599e-04 
9.510000000000000e+00 5.842688842960757e-04 
9.515000000000001e+00 5.839910951604903e-04 
9.520000000000000e+00 5.837395359202010e-04 
9.525000000000000e+00 5.835036419631250e-04 
9.529999999999999e+00 5.832755303400126e-04 
9.535000000000000e+00 5.830486249041569e-04 
9.540000000000001e+00 5.828177098609739e-04 
9.545000000000000e+00 5.825786054999084e-04 
9.550000000000001e+00 5.823288660914331e-04 
9.555000000000000e+00 5.820673353519612e-04 
9.560000000000000e+00 5.817925268398709e-04 
9.565000000000000e+00 5.815032537900498e-04 
9.570000000000000e+00 5.811990500103407e-04 
9.575000000000001e+00 5.808799040985298e-04 
9.580000000000000e+00 5.805460933359994e-04 
9.585000000000001e+00 5.801983186388180e-04 
9.590000000000000e+00 5.798373779549435e-04 
9.595000000000001e+00 5.794640656449875e-04 
9.600000000000000e+00 5.790793301993168e-04 
9.605000000000000e+00 5.786842109360286e-04 
9.609999999999999e+00 5.782797602804533e-04 
9.615000000000000e+00 5.778670085049118e-04 
9.620000000000001e+00 5.774469398215920e-04 
9.625000000000000e+00 5.770204671407885e-04 
9.630000000000001e+00 5.765884229362838e-04 
9.635000000000000e+00 5.761514833581029e-04 
9.640000000000001e+00 5.757101757789938e-04 
9.645000000000000e+00 5.752648993983088e-04 
9.650000000000000e+00 5.748159056731502e-04 
9.654999999999999e+00 5.743632932444091e-04 
9.660000000000000e+00 5.739070077269179e-04 
9.665000000000001e+00 5.734468470356618e-04 
9.670000000000000e+00 5.729824758486880e-04 
9.675000000000001e+00 5.725134365926425e-04 
9.680000000000000e+00 5.720391648029108e-04 
9.685000000000000e+00 5.715590060965891e-04 
9.690000000000000e+00 5.710722336514347e-04 
9.695000000000000e+00 5.705780709145746e-04 
9.700000000000001e+00 5.700757165592798e-04 
9.705000000000000e+00 5.695643500772893e-04 
9.710000000000001e+00 5.690431765802303e-04 
9.715000000000000e+00 5.685114186909268e-04 
9.720000000000001e+00 5.679683537639394e-04 
9.725000000000000e+00 5.674133094187332e-04 
9.730000000000000e+00 5.668456868327459e-04 
9.734999999999999e+00 5.662649676966847e-04 
9.740000000000000e+00 5.656707225450524e-04 
9.745000000000001e+00 5.650626186297641e-04 
9.750000000000000e+00 5.644404243303739e-04 
9.755000000000001e+00 5.638040118890641e-04 
9.760000000000000e+00 5.631533588323627e-04 
9.765000000000001e+00 5.624885406377965e-04 
9.770000000000000e+00 5.618097315545801e-04 
9.775000000000000e+00 5.611172025372291e-04 
9.779999999999999e+00 5.604113181574606e-04 
9.785000000000000e+00 5.596925324062093e-04 
9.790000000000001e+00 5.589613816666010e-04 
9.795000000000000e+00 5.582184780015871e-04 
9.800000000000001e+00 5.574645038711442e-04 
9.805000000000000e+00 5.567002023828303e-04 
9.810000000000000e+00 5.559263724027913e-04 
9.815000000000000e+00 5.551438618630515e-04 
9.820000000000000e+00 5.543535584942797e-04 
9.825000000000001e+00 5.535563822317832e-04 
9.830000000000000e+00 5.527532778123236e-04 
9.835000000000001e+00 5.519452061045821e-04 
9.840000000000000e+00 5.511331376140245e-04 
9.845000000000001e+00 5.503180468341844e-04 
9.850000000000000e+00 5.495009055337724e-04 
9.855000000000000e+00 5.486826749610588e-04 
9.859999999999999e+00 5.478642998345472e-04 
9.865000000000000e+00 5.470467052730802e-04 
9.870000000000001e+00 5.462307915622416e-04 
9.875000000000000e+00 5.454174241309082e-04 
9.880000000000001e+00 5.446074382326759e-04 
9.885000000000000e+00 5.438016323589690e-04 
9.890000000000001e+00 5.430007588311245e-04 
9.895000000000000e+00 5.422055244972526e-04 
9.900000000000000e+00 5.414165919664579e-04 
9.904999999999999e+00 5.406345769410340e-04 
9.910000000000000e+00 5.398600529608391e-04 
9.915000000000001e+00 5.390935319734179e-04 
9.920000000000000e+00 5.383354810093511e-04 
9.925000000000001e+00 5.375863264397596e-04 
9.930000000000000e+00 5.368464422149059e-04 
9.935000000000000e+00 5.361161525345238e-04 
9.940000000000000e+00 5.353957335859659e-04 
9.945000000000000e+00 5.346854232427945e-04 
9.950000000000001e+00 5.339854099487975e-04 
9.955000000000000e+00 5.332958403953564e-04 
9.960000000000001e+00 5.326168207797109e-04 
9.965000000000000e+00 5.319484218154388e-04 
9.970000000000001e+00 5.312906791664119e-04 
9.975000000000000e+00 5.306435928652245e-04 
9.980000000000000e+00 5.300071331391458e-04 
9.984999999999999e+00 5.293812411453827e-04 
9.990000000000000e+00 5.287658397575137e-04 
9.995000000000001e+00 5.281608171784959e-04 
