1.0 0.025 1.0 0.0 1.0 0.0 0.005641895835477563 0.0
1.0 0.07500000000000001 1.0 0.0 1.0 0.0 0.005641895835477563 0.0
1.0 0.125 1.0 0.0 1.0 0.0 0.005641895835477563 0.0
1.0 0.17500000000000002 1.0 0.0 1.0 0.0 0.005641895835477563 0.0
1.0 0.225 1.0 0.0 1.0 0.0 0.005641895835477563 0.0
1.0 0.275 1.0 0.0 1.0 0.0 0.005641895835477563 0.0
1.0 0.32499999999999996 1.0 0.0 1.0 0.0 0.005641895835477563 0.0
1.0 0.375 1.0 0.0 1.0 0.0 0.005641895835477563 0.0
1.0 0.42499999999999993 1.0 0.0 1.0 0.0 0.005641895835477563 0.0
1.0 0.475 1.0 0.0 1.0 0.0 0.005641895835477563 0.0
1.0 0.5249999999999999 1.0 0.0 1.0 0.0 0.005641895835477563 0.0
1.0 0.575 1.0 0.0 1.0 0.0 0.005641895835477563 0.0
1.0 0.625 1.0 0.0 1.0 0.0 0.005641895835477563 0.0
1.0 0.675 1.0 0.0 1.0 0.0 0.005641895835477563 0.0
1.0 0.7250000000000001 1.0 0.0 1.0 0.0 0.005641895835477563 0.0
1.0 0.7750000000000001 1.0 0.0 1.0 0.0 0.005641895835477563 0.0
1.0 0.8250000000000002 1.0 0.0 1.0 0.0 0.005641895835477563 0.0
1.0 0.8750000000000002 1.0 0.0 1.0 0.0 0.005641895835477563 0.0
1.0 0.9250000000000003 1.0 0.0 1.0 0.0 0.005641895835477563 0.0
1.0 0.9750000000000001 1.0 0.0 1.0 0.0 0.005641895835477563 0.0
0.9843826238111394 1.0195217202360758 1.0 -0.6246950475544243 0.7808688094430303 0.0 0.005641895835477563 1.0
0.9531478714334182 1.0585651607082274 1.0 -0.6246950475544243 0.7808688094430303 0.0 0.005641895835477563 1.0
0.921913119055697 1.097608601180379 1.0 -0.6246950475544243 0.7808688094430303 0.0 0.005641895835477563 1.0
0.8906783666779757 1.1366520416525305 1.0 -0.6246950475544243 0.7808688094430303 0.0 0.005641895835477563 1.0
0.8594436143002545 1.1756954821246821 1.0 -0.6246950475544243 0.7808688094430303 0.0 0.005641895835477563 1.0
0.8282088619225333 1.2147389225968337 1.0 -0.6246950475544243 0.7808688094430303 0.0 0.005641895835477563 1.0
0.7969741095448121 1.2537823630689853 1.0 -0.6246950475544243 0.7808688094430303 0.0 0.005641895835477563 1.0
0.7657393571670909 1.2928258035411369 1.0 -0.6246950475544243 0.7808688094430303 0.0 0.005641895835477563 1.0
0.7345046047893696 1.3318692440132884 1.0 -0.6246950475544243 0.7808688094430303 0.0 0.005641895835477563 1.0
0.7032698524116484 1.37091268448544 1.0 -0.6246950475544243 0.7808688094430303 0.0 0.005641895835477563 1.0
0.6720351000339272 1.4099561249575916 1.0 -0.6246950475544243 0.7808688094430303 0.0 0.005641895835477563 1.0
0.640800347656206 1.4489995654297432 1.0 -0.6246950475544243 0.7808688094430303 0.0 0.005641895835477563 1.0
0.6095655952784848 1.4880430059018948 1.0 -0.6246950475544243 0.7808688094430303 0.0 0.005641895835477563 1.0
0.5783308429007635 1.5270864463740463 1.0 -0.6246950475544243 0.7808688094430303 0.0 0.005641895835477563 1.0
0.5470960905230423 1.566129886846198 1.0 -0.6246950475544243 0.7808688094430303 0.0 0.005641895835477563 1.0
0.5158613381453211 1.6051733273183495 1.0 -0.6246950475544243 0.7808688094430303 0.0 0.005641895835477563 1.0
0.48462658576759987 1.644216767790501 1.0 -0.6246950475544243 0.7808688094430303 0.0 0.005641895835477563 1.0
0.45339183338987865 1.6832602082626527 1.0 -0.6246950475544243 0.7808688094430303 0.0 0.005641895835477563 1.0
0.42215708101215743 1.7223036487348042 1.0 -0.6246950475544243 0.7808688094430303 0.0 0.005641895835477563 1.0
0.3909223286344362 1.7613470892069558 1.0 -0.6246950475544243 0.7808688094430303 0.0 0.005641895835477563 1.0
0.359687576256715 1.8003905296791074 1.0 -0.6246950475544243 0.7808688094430303 0.0 0.005641895835477563 1.0
0.32845282387899377 1.839433970151259 1.0 -0.6246950475544243 0.7808688094430303 0.0 0.005641895835477563 1.0
0.29721807150127255 1.8784774106234106 1.0 -0.6246950475544243 0.7808688094430303 0.0 0.005641895835477563 1.0
0.26598331912355133 1.9175208510955621 1.0 -0.6246950475544243 0.7808688094430303 0.0 0.005641895835477563 1.0
0.2347485667458301 1.9565642915677137 1.0 -0.6246950475544243 0.7808688094430303 0.0 0.005641895835477563 1.0
0.20956559527848476 1.9880430059018948 1.0 -0.6246950475544243 0.7808688094430303 0.0 0.005641895835477563 1.0
1.0156173761888607 1.0195217202360758 1.0 0.6246950475544243 0.7808688094430303 0.0 0.005641895835477563 2.0
1.0468521285665817 1.0585651607082274 1.0 0.6246950475544243 0.7808688094430303 0.0 0.005641895835477563 2.0
1.0780868809443032 1.097608601180379 1.0 0.6246950475544243 0.7808688094430303 0.0 0.005641895835477563 2.0
1.1093216333220242 1.1366520416525305 1.0 0.6246950475544243 0.7808688094430303 0.0 0.005641895835477563 2.0
1.1405563856997456 1.1756954821246821 1.0 0.6246950475544243 0.7808688094430303 0.0 0.005641895835477563 2.0
1.1717911380774666 1.2147389225968337 1.0 0.6246950475544243 0.7808688094430303 0.0 0.005641895835477563 2.0
1.203025890455188 1.2537823630689853 1.0 0.6246950475544243 0.7808688094430303 0.0 0.005641895835477563 2.0
1.234260642832909 1.2928258035411369 1.0 0.6246950475544243 0.7808688094430303 0.0 0.005641895835477563 2.0
1.2654953952106305 1.3318692440132884 1.0 0.6246950475544243 0.7808688094430303 0.0 0.005641895835477563 2.0
1.2967301475883515 1.37091268448544 1.0 0.6246950475544243 0.7808688094430303 0.0 0.005641895835477563 2.0
1.327964899966073 1.4099561249575916 1.0 0.6246950475544243 0.7808688094430303 0.0 0.005641895835477563 2.0
1.359199652343794 1.4489995654297432 1.0 0.6246950475544243 0.7808688094430303 0.0 0.005641895835477563 2.0
1.3904344047215154 1.4880430059018948 1.0 0.6246950475544243 0.7808688094430303 0.0 0.005641895835477563 2.0
1.4216691570992364 1.5270864463740463 1.0 0.6246950475544243 0.7808688094430303 0.0 0.005641895835477563 2.0
1.4529039094769578 1.566129886846198 1.0 0.6246950475544243 0.7808688094430303 0.0 0.005641895835477563 2.0
1.4841386618546788 1.6051733273183495 1.0 0.6246950475544243 0.7808688094430303 0.0 0.005641895835477563 2.0
1.5153734142324002 1.644216767790501 1.0 0.6246950475544243 0.7808688094430303 0.0 0.005641895835477563 2.0
1.5466081666101212 1.6832602082626527 1.0 0.6246950475544243 0.7808688094430303 0.0 0.005641895835477563 2.0
1.5778429189878427 1.7223036487348042 1.0 0.6246950475544243 0.7808688094430303 0.0 0.005641895835477563 2.0
1.6090776713655637 1.7613470892069558 1.0 0.6246950475544243 0.7808688094430303 0.0 0.005641895835477563 2.0
1.6403124237432851 1.8003905296791074 1.0 0.6246950475544243 0.7808688094430303 0.0 0.005641895835477563 2.0
1.6715471761210061 1.839433970151259 1.0 0.6246950475544243 0.7808688094430303 0.0 0.005641895835477563 2.0
1.7027819284987276 1.8784774106234106 1.0 0.6246950475544243 0.7808688094430303 0.0 0.005641895835477563 2.0
1.7340166808764486 1.9175208510955621 1.0 0.6246950475544243 0.7808688094430303 0.0 0.005641895835477563 2.0
1.76525143325417 1.9565642915677137 1.0 0.6246950475544243 0.7808688094430303 0.0 0.005641895835477563 2.0
1.7904344047215153 1.9880430059018948 1.0 0.6246950475544243 0.7808688094430303 0.0 0.005641895835477563 2.0
