0.000000000000000000e+00 3.099059336509999915e-03
5.000000000000781597e-03 3.089523970929999863e-03
9.999999999999786837e-03 3.080136647551000046e-03
1.500000000000056843e-02 3.070886536436999957e-03
1.999999999999957367e-02 3.061764244547000077e-03
2.500000000000035527e-02 3.052759795018000159e-03
2.999999999999936051e-02 3.043863633441000124e-03
3.500000000000014211e-02 3.035065749174999800e-03
3.999999999999914735e-02 3.026358117496999803e-03
4.499999999999992895e-02 3.017738688199999870e-03
5.000000000000071054e-02 3.010251437838000043e-03
5.499999999999971578e-02 3.010931216344000117e-03
6.000000000000049738e-02 3.031675435571000009e-03
6.499999999999950262e-02 3.083851072309999868e-03
7.000000000000028422e-02 3.171963595812999932e-03
7.499999999999928946e-02 3.296650545068999846e-03
8.000000000000007105e-02 3.455297023486000006e-03
8.500000000000085265e-02 3.641428686430000020e-03
8.999999999999985789e-02 3.845660647634000125e-03
9.500000000000063949e-02 4.058562538584000248e-03
9.999999999999964473e-02 4.270648385796000333e-03
1.050000000000004263e-01 4.475546663726999962e-03
1.099999999999994316e-01 4.667956840109999811e-03
1.150000000000002132e-01 4.844187317863999677e-03
1.199999999999992184e-01 5.002443128928999935e-03
1.250000000000000000e-01 5.141312660712000181e-03
1.300000000000007816e-01 5.260639868220000348e-03
1.349999999999997868e-01 5.360873589411000416e-03
1.400000000000005684e-01 5.442839041998000227e-03
1.449999999999995737e-01 5.507804253260999670e-03
1.500000000000003553e-01 5.557265772467999757e-03
1.549999999999993605e-01 5.592828761676000258e-03
1.600000000000001421e-01 5.616098182018000422e-03
1.649999999999991473e-01 5.628652784878999948e-03
1.699999999999999289e-01 5.631994272211999879e-03
1.750000000000007105e-01 5.627575899839000299e-03
1.799999999999997158e-01 5.616717530044000248e-03
1.850000000000004974e-01 5.600444043628000079e-03
1.899999999999995026e-01 5.579441909396999633e-03
1.950000000000002842e-01 5.554099781446999833e-03
1.999999999999992895e-01 5.524869042664999966e-03
2.050000000000000711e-01 5.492189848744000180e-03
2.100000000000008527e-01 5.456550404318000203e-03
2.149999999999998579e-01 5.418411400390000382e-03
2.200000000000006395e-01 5.378074172131999675e-03
2.249999999999996447e-01 5.335817818302999657e-03
2.300000000000004263e-01 5.291792308737000398e-03
2.349999999999994316e-01 5.246154453171000126e-03
2.400000000000002132e-01 5.199372018080000019e-03
2.449999999999992184e-01 5.152117876622000145e-03
2.500000000000000000e-01 5.104900957019999595e-03
2.550000000000007816e-01 5.058288304266999810e-03
2.599999999999997868e-01 5.012633081176999864e-03
2.650000000000005684e-01 4.968664746885000268e-03
2.699999999999995737e-01 4.927115148839000293e-03
2.750000000000003553e-01 4.888709171211000001e-03
2.799999999999993605e-01 4.854083229798000429e-03
2.850000000000001421e-01 4.823537761092000324e-03
2.899999999999991473e-01 4.797200060266000252e-03
2.949999999999999289e-01 4.774937669323999802e-03
3.000000000000007105e-01 4.756582706323999807e-03
3.049999999999997158e-01 4.741848773377000358e-03
3.100000000000004974e-01 4.730486148054999576e-03
3.149999999999995026e-01 4.722038031726999950e-03
3.200000000000002842e-01 4.716068015026999953e-03
3.249999999999992895e-01 4.712161264065000202e-03
3.300000000000000711e-01 4.709914853702999726e-03
3.350000000000008527e-01 4.708956552165999808e-03
3.399999999999998579e-01 4.708907813047999609e-03
3.450000000000006395e-01 4.709419275989000161e-03
3.499999999999996447e-01 4.710175156264999677e-03
3.550000000000004263e-01 4.710888827433999670e-03
3.599999999999994316e-01 4.711304428453000001e-03
3.650000000000002132e-01 4.711257638093000258e-03
3.699999999999992184e-01 4.710597210254000369e-03
3.750000000000000000e-01 4.709074896391000215e-03
3.800000000000007816e-01 4.706406406719000277e-03
3.849999999999997868e-01 4.702274158802999607e-03
3.900000000000005684e-01 4.696231872826000207e-03
3.949999999999995737e-01 4.687584957856000094e-03
4.000000000000003553e-01 4.674926982616000107e-03
4.049999999999993605e-01 4.656177353097999683e-03
4.100000000000001421e-01 4.628404209221999993e-03
4.149999999999991473e-01 4.588561977291000411e-03
4.199999999999999289e-01 4.533239749269999883e-03
4.250000000000007105e-01 4.461275586306000067e-03
4.299999999999997158e-01 4.374351357668999733e-03
4.350000000000004974e-01 4.278065299593999948e-03
4.399999999999995026e-01 4.182360436751999568e-03
4.450000000000002842e-01 4.098532387987000383e-03
4.499999999999992895e-01 4.035443347012999601e-03
4.550000000000000711e-01 3.997739511347999687e-03
4.600000000000008527e-01 3.984146908469999790e-03
4.649999999999998579e-01 3.990634762036000122e-03
4.700000000000006395e-01 4.012140638648999981e-03
4.749999999999996447e-01 4.043022575323999661e-03
4.800000000000004263e-01 4.078350643989999899e-03
4.849999999999994316e-01 4.114453039570999809e-03
4.900000000000002132e-01 4.148804634667000238e-03
4.949999999999992184e-01 4.179724570187000159e-03
5.000000000000000000e-01 4.206435325938000236e-03
5.050000000000007816e-01 4.228380690531999969e-03
5.099999999999997868e-01 4.245976623761999781e-03
5.150000000000005684e-01 4.258949167328000135e-03
5.199999999999995737e-01 4.267805194970999798e-03
5.250000000000003553e-01 4.273336031965000066e-03
5.299999999999993605e-01 4.275950726802000244e-03
5.350000000000001421e-01 4.276052152684999864e-03
5.399999999999991473e-01 4.274014131663999606e-03
5.449999999999999289e-01 4.270127697447999825e-03
5.500000000000007105e-01 4.264898137571000204e-03
5.549999999999997158e-01 4.258623014654999879e-03
5.600000000000004974e-01 4.251319630125999921e-03
5.649999999999995026e-01 4.243223503768000365e-03
5.700000000000002842e-01 4.234494614929000186e-03
5.749999999999992895e-01 4.225293657186999889e-03
5.800000000000000711e-01 4.215729995182999901e-03
5.850000000000008527e-01 4.205967853432000109e-03
5.899999999999998579e-01 4.196050838415999601e-03
5.950000000000006395e-01 4.186052780749000175e-03
5.999999999999996447e-01 4.176042365656999940e-03
6.050000000000004263e-01 4.166072634699999853e-03
6.099999999999994316e-01 4.156180312329000107e-03
6.150000000000002132e-01 4.146392591915000134e-03
6.199999999999992184e-01 4.136725672034999648e-03
6.250000000000000000e-01 4.127186327046000226e-03
6.300000000000007816e-01 4.117775419204000240e-03
6.349999999999997868e-01 4.108468989883999958e-03
6.400000000000005684e-01 4.099247792206999960e-03
6.449999999999995737e-01 4.090084338488999757e-03
6.500000000000003553e-01 4.080944967079999826e-03
6.549999999999993605e-01 4.071791090432999582e-03
6.600000000000001421e-01 4.062580070308999605e-03
6.649999999999991473e-01 4.053266849923999916e-03
6.699999999999999289e-01 4.043806377920999666e-03
6.750000000000007105e-01 4.034152737219000306e-03
6.799999999999997158e-01 4.024261879745000270e-03
6.850000000000004974e-01 4.014091402557999969e-03
6.899999999999995026e-01 4.003601984122999967e-03
6.950000000000002842e-01 3.992758826346000205e-03
6.999999999999992895e-01 3.981531894938999602e-03
7.050000000000000711e-01 3.969896036994999614e-03
7.100000000000008527e-01 3.957832052928000194e-03
7.149999999999998579e-01 3.945325817518999939e-03
7.200000000000006395e-01 3.932368855784999610e-03
7.249999999999996447e-01 3.918957686973000010e-03
7.300000000000004263e-01 3.905094493507000036e-03
7.349999999999994316e-01 3.890785711822000118e-03
7.400000000000002132e-01 3.876042632650999846e-03
7.449999999999992184e-01 3.860880824295000006e-03
7.500000000000000000e-01 3.845319602004999924e-03
7.550000000000007816e-01 3.829381678637000085e-03
7.599999999999997868e-01 3.813092669134000075e-03
7.650000000000005684e-01 3.796479163984000163e-03
7.699999999999995737e-01 3.779570413252999854e-03
7.750000000000003553e-01 3.762397113586999839e-03
7.799999999999993605e-01 3.744991468301000007e-03
7.850000000000001421e-01 3.727386616184000159e-03
7.899999999999991473e-01 3.709615926160000129e-03
7.949999999999999289e-01 3.691713003665999908e-03
8.000000000000007105e-01 3.673711674149000156e-03
8.049999999999997158e-01 3.655644590439000204e-03
8.100000000000004974e-01 3.637544843320000137e-03
8.149999999999995026e-01 3.619444371455999947e-03
8.200000000000002842e-01 3.601374069113000113e-03
8.249999999999992895e-01 3.583363635327999844e-03
8.300000000000000711e-01 3.565441445073000079e-03
8.350000000000008527e-01 3.547634026465999995e-03
8.399999999999998579e-01 3.529966601319000068e-03
8.450000000000006395e-01 3.512462819297000084e-03
8.499999999999996447e-01 3.495144563343999863e-03
8.550000000000004263e-01 3.478031525825999847e-03
8.599999999999994316e-01 3.461141596075999801e-03
8.650000000000002132e-01 3.444491253847999958e-03
8.699999999999992184e-01 3.428094854071000140e-03
8.750000000000000000e-01 3.411963564944000063e-03
8.800000000000007816e-01 3.396109387829999906e-03
8.849999999999997868e-01 3.380540406422999876e-03
8.900000000000005684e-01 3.365262599202000025e-03
8.949999999999995737e-01 3.350280627272999787e-03
9.000000000000003553e-01 3.335597978901999865e-03
9.049999999999993605e-01 3.321216199705000031e-03
9.100000000000001421e-01 3.307137297609999936e-03
9.149999999999991473e-01 3.293356089065000054e-03
9.199999999999999289e-01 3.279873005417999806e-03
9.250000000000007105e-01 3.266684633313999934e-03
9.299999999999997158e-01 3.253785880221000178e-03
9.350000000000004974e-01 3.241170945303999823e-03
9.399999999999995026e-01 3.228833590480999997e-03
9.450000000000002842e-01 3.216766379940999912e-03
9.499999999999992895e-01 3.204961802821999946e-03
9.550000000000000711e-01 3.193410805380999997e-03
9.600000000000008527e-01 3.182104610297999906e-03
9.649999999999998579e-01 3.171034420293000148e-03
9.700000000000006395e-01 3.160190702983000158e-03
9.749999999999996447e-01 3.149563651890000069e-03
9.800000000000004263e-01 3.139143671997000201e-03
9.849999999999994316e-01 3.128920874266000185e-03
9.900000000000002132e-01 3.118887907797999841e-03
9.949999999999992184e-01 3.109030611923999793e-03
1.000000000000000000e+00 3.099338777142000151e-03
