0.000000000000000000e+00 9.432356326974999683e+04
5.000000000000781597e-03 9.399714776632000576e+04
9.999999999999786837e-03 9.367454549875999510e+04
1.500000000000056843e-02 9.335565441638999619e+04
1.999999999999957367e-02 9.304037402757999371e+04
2.500000000000035527e-02 9.272859383274000720e+04
2.999999999999936051e-02 9.242020127247000346e+04
3.500000000000014211e-02 9.211507092836999800e+04
3.999999999999914735e-02 9.181309126287000254e+04
4.499999999999992895e-02 9.151419890238999506e+04
5.000000000000071054e-02 9.122611277072000667e+04
5.499999999999971578e-02 9.099909419606000301e+04
6.000000000000049738e-02 9.092451311458999407e+04
6.499999999999950262e-02 9.110522613733999606e+04
7.000000000000028422e-02 9.161033479193999665e+04
7.499999999999928946e-02 9.248550631895000697e+04
8.000000000000007105e-02 9.375178421240000171e+04
8.500000000000085265e-02 9.539735809136000171e+04
8.999999999999985789e-02 9.737085343390000344e+04
9.500000000000063949e-02 9.962907517978000396e+04
9.999999999999964473e-02 1.020947231615000055e+05
1.050000000000004263e-01 1.046966339532999991e+05
1.099999999999994316e-01 1.073748258211000066e+05
1.150000000000002132e-01 1.100731040255999978e+05
1.199999999999992184e-01 1.127452650426000037e+05
1.250000000000000000e-01 1.153490101759999961e+05
1.300000000000007816e-01 1.178520215356999979e+05
1.349999999999997868e-01 1.202288403895999945e+05
1.400000000000005684e-01 1.224605700429999997e+05
1.449999999999995737e-01 1.245345857108000055e+05
1.500000000000003553e-01 1.264437889712000033e+05
1.549999999999993605e-01 1.281855340230000002e+05
1.600000000000001421e-01 1.297606956409999984e+05
1.649999999999991473e-01 1.311730529705999943e+05
1.699999999999999289e-01 1.324286386047000124e+05
1.750000000000007105e-01 1.335354595900000131e+05
1.799999999999997158e-01 1.345026131323000009e+05
1.850000000000004974e-01 1.353388259294999880e+05
1.899999999999995026e-01 1.360516473100000003e+05
1.950000000000002842e-01 1.366471634380999894e+05
1.999999999999992895e-01 1.371319530913000053e+05
2.050000000000000711e-01 1.375125915651000105e+05
2.100000000000008527e-01 1.377960432952000119e+05
2.149999999999998579e-01 1.379892201549999882e+05
2.200000000000006395e-01 1.380980295343000034e+05
2.249999999999996447e-01 1.381278235637999896e+05
2.300000000000004263e-01 1.380826223992999876e+05
2.349999999999994316e-01 1.379678095585000119e+05
2.400000000000002132e-01 1.377903864946000103e+05
2.449999999999992184e-01 1.375577119150999933e+05
2.500000000000000000e-01 1.372771001732999866e+05
2.550000000000007816e-01 1.369564260463000101e+05
2.599999999999997868e-01 1.366023824546000105e+05
2.650000000000005684e-01 1.362241216091999959e+05
2.699999999999995737e-01 1.358314681376999943e+05
2.750000000000003553e-01 1.354340825810999959e+05
2.799999999999993605e-01 1.350404254101999977e+05
2.850000000000001421e-01 1.346591878467999923e+05
2.899999999999991473e-01 1.342969983214999957e+05
2.949999999999999289e-01 1.339587736529000103e+05
3.000000000000007105e-01 1.336481655862999905e+05
3.049999999999997158e-01 1.333677933137000073e+05
3.100000000000004974e-01 1.331183701335999940e+05
3.149999999999995026e-01 1.328996398861999915e+05
3.200000000000002842e-01 1.327106408737000020e+05
3.249999999999992895e-01 1.325498328737000120e+05
3.300000000000000711e-01 1.324151401387999940e+05
3.350000000000008527e-01 1.323041444515000039e+05
3.399999999999998579e-01 1.322139516570999986e+05
3.450000000000006395e-01 1.321414504221999960e+05
3.499999999999996447e-01 1.320834345426000073e+05
3.550000000000004263e-01 1.320366042038000014e+05
3.599999999999994316e-01 1.319977070131000073e+05
3.650000000000002132e-01 1.319639284447999962e+05
3.699999999999992184e-01 1.319325097101000138e+05
3.750000000000000000e-01 1.319000780690000101e+05
3.800000000000007816e-01 1.318629056226999965e+05
3.849999999999997868e-01 1.318168898555999913e+05
3.900000000000005684e-01 1.317568545970999985e+05
3.949999999999995737e-01 1.316784529893000145e+05
4.000000000000003553e-01 1.315678650895000028e+05
4.049999999999993605e-01 1.314064544379999861e+05
4.100000000000001421e-01 1.311686533761000028e+05
4.149999999999991473e-01 1.308209486170000018e+05
4.199999999999999289e-01 1.303259011452999985e+05
4.250000000000007105e-01 1.296649847391999938e+05
4.299999999999997158e-01 1.288323142350999988e+05
4.350000000000004974e-01 1.278514687627999956e+05
4.399999999999995026e-01 1.267825474050000048e+05
4.450000000000002842e-01 1.257071749481000006e+05
4.499999999999992895e-01 1.247053384082999983e+05
4.550000000000000711e-01 1.238390446706999937e+05
4.600000000000008527e-01 1.231356558589000051e+05
4.649999999999998579e-01 1.226002169139000034e+05
4.700000000000006395e-01 1.222223809513000015e+05
4.749999999999996447e-01 1.219793363477999956e+05
4.800000000000004263e-01 1.218440067623000068e+05
4.849999999999994316e-01 1.217904486417000007e+05
4.900000000000002132e-01 1.217953058366000041e+05
4.949999999999992184e-01 1.218382813347000047e+05
5.000000000000000000e-01 1.219033944254999951e+05
5.050000000000007816e-01 1.219765121057000069e+05
5.099999999999997868e-01 1.220500342374000029e+05
5.150000000000005684e-01 1.221136363439999986e+05
5.199999999999995737e-01 1.221626143129999982e+05
5.250000000000003553e-01 1.221955948878000054e+05
5.299999999999993605e-01 1.222104124022000033e+05
5.350000000000001421e-01 1.222061162940999930e+05
5.399999999999991473e-01 1.221822945402000041e+05
5.449999999999999289e-01 1.221388219365999976e+05
5.500000000000007105e-01 1.220774657252000034e+05
5.549999999999997158e-01 1.219995018331000028e+05
5.600000000000004974e-01 1.219049295336000068e+05
5.649999999999995026e-01 1.217950565988000017e+05
5.700000000000002842e-01 1.216710580290999933e+05
5.749999999999992895e-01 1.215342955349999975e+05
5.800000000000000711e-01 1.213860376486000023e+05
5.850000000000008527e-01 1.212278422374999936e+05
5.899999999999998579e-01 1.210606579264000029e+05
5.950000000000006395e-01 1.208856283237000025e+05
5.999999999999996447e-01 1.207038593687999964e+05
6.050000000000004263e-01 1.205163647721000016e+05
6.099999999999994316e-01 1.203240417479000025e+05
6.150000000000002132e-01 1.201276955644999980e+05
6.199999999999992184e-01 1.199280202958000009e+05
6.250000000000000000e-01 1.197256056413000042e+05
6.300000000000007816e-01 1.195209399921000004e+05
6.349999999999997868e-01 1.193143060472000070e+05
6.400000000000005684e-01 1.191059320674000046e+05
6.449999999999995737e-01 1.188959266109000018e+05
6.500000000000003553e-01 1.186842893380000023e+05
6.549999999999993605e-01 1.184709179888999934e+05
6.600000000000001421e-01 1.182556151442999981e+05
6.649999999999991473e-01 1.180381009701000003e+05
6.699999999999999289e-01 1.178180317090000026e+05
6.750000000000007105e-01 1.175950019811999955e+05
6.799999999999997158e-01 1.173685646797999943e+05
6.850000000000004974e-01 1.171382405832999939e+05
6.899999999999995026e-01 1.169035310551000002e+05
6.950000000000002842e-01 1.166639365118999995e+05
6.999999999999992895e-01 1.164189664656999958e+05
7.050000000000000711e-01 1.161681485415000061e+05
7.100000000000008527e-01 1.159110430721000012e+05
7.149999999999998579e-01 1.156472454584999941e+05
7.200000000000006395e-01 1.153763961190999980e+05
7.249999999999996447e-01 1.150981828118999983e+05
7.300000000000004263e-01 1.148123498226999945e+05
7.349999999999994316e-01 1.145186939177000022e+05
7.400000000000002132e-01 1.142170717545999942e+05
7.449999999999992184e-01 1.139073991279000038e+05
7.500000000000000000e-01 1.135896503353000007e+05
7.550000000000007816e-01 1.132638578205999947e+05
7.599999999999997868e-01 1.129301087674000009e+05
7.650000000000005684e-01 1.125885344687000033e+05
7.699999999999995737e-01 1.122393182861999958e+05
7.750000000000003553e-01 1.118826881078000006e+05
7.799999999999993605e-01 1.115189158350000071e+05
7.850000000000001421e-01 1.111483121871000039e+05
7.899999999999991473e-01 1.107712209295000066e+05
7.949999999999999289e-01 1.103880164748999960e+05
8.000000000000007105e-01 1.099991016698000021e+05
8.049999999999997158e-01 1.096048969593999936e+05
8.100000000000004974e-01 1.092058475202999980e+05
8.149999999999995026e-01 1.088024115848999936e+05
8.200000000000002842e-01 1.083950585202999937e+05
8.249999999999992895e-01 1.079842652153999952e+05
8.300000000000000711e-01 1.075705126989999990e+05
8.350000000000008527e-01 1.071542803039999999e+05
8.399999999999998579e-01 1.067360466657999932e+05
8.450000000000006395e-01 1.063162855493999959e+05
8.499999999999996447e-01 1.058954629105000058e+05
8.550000000000004263e-01 1.054740317068000004e+05
8.599999999999994316e-01 1.050524322434000060e+05
8.650000000000002132e-01 1.046310926299999992e+05
8.699999999999992184e-01 1.042104229516000050e+05
8.750000000000000000e-01 1.037908059492000029e+05
8.800000000000007816e-01 1.033726232688000018e+05
8.849999999999997868e-01 1.029562177909000020e+05
8.900000000000005684e-01 1.025419142410000059e+05
8.949999999999995737e-01 1.021300122204999934e+05
9.000000000000003553e-01 1.017207915976999939e+05
9.049999999999993605e-01 1.013145062126999983e+05
9.100000000000001421e-01 1.009113990159999958e+05
9.149999999999991473e-01 1.005116521506999998e+05
9.199999999999999289e-01 1.001154664120999951e+05
9.250000000000007105e-01 9.972300447342000552e+04
9.299999999999997158e-01 9.933440343049999501e+04
9.350000000000004974e-01 9.894977949284999340e+04
9.399999999999995026e-01 9.856923127048999595e+04
9.450000000000002842e-01 9.819283377800000017e+04
9.499999999999992895e-01 9.782064704399000038e+04
9.550000000000000711e-01 9.745270716715000162e+04
9.600000000000008527e-01 9.708903683362000447e+04
9.649999999999998579e-01 9.672964620058999571e+04
9.700000000000006395e-01 9.637452777920999506e+04
9.749999999999996447e-01 9.602366013809999276e+04
9.800000000000004263e-01 9.567701219552999828e+04
9.849999999999994316e-01 9.533453945993000525e+04
9.900000000000002132e-01 9.499620499548000225e+04
9.949999999999992184e-01 9.466191891035999288e+04
1.000000000000000000e+00 9.433160523878999811e+04
