0.000000000000e+00 5.232788651240e-04 0.000000000000e+00 0.000000000000e+00 1.000000000000e+05 1.000000000000e+05 1.000000000000e+05 5.232788651240e-04 0.000000000000e+00 1.800000000000e+06 1.000000000000e+05 1.240350000000e+07 4.961400000000e+07 0.000000000000e+00 0.000000000000e+00 0.000000000000e+00 1.294265000000e-04 1.110042101942e-04 0.000000000000e+00 
5.000000000000e-03 5.380492520616e-04 1.292310988739e-03 0.000000000000e+00 1.096843091243e+05 1.096843091243e+05 1.000000000000e+05 5.232788651240e-04 0.000000000000e+00 1.800000000000e+06 9.509695276930e+04 1.240350000000e+07 4.961400000000e+07 0.000000000000e+00 0.000000000000e+00 0.000000000000e+00 1.230806575760e-04 1.141374824234e-04 1.919748659491e-03 
1.000000000000e-02 5.412413207893e-04 1.507803391677e-03 0.000000000000e+00 1.116903198824e+05 1.116903198824e+05 1.000000000000e+05 5.232788651240e-04 0.000000000000e+00 1.800000000000e+06 9.302702204166e+04 1.240350000000e+07 4.961400000000e+07 0.000000000000e+00 0.000000000000e+00 0.000000000000e+00 1.204016186828e-04 1.148146224557e-04 1.876535912293e-03 
1.500000000000e-02 5.410985660554e-04 1.563581204727e-03 0.000000000000e+00 1.116012434397e+05 1.116012434397e+05 1.000000000000e+05 5.232788651240e-04 0.000000000000e+00 1.800000000000e+06 9.180401836451e+04 1.240350000000e+07 4.961400000000e+07 0.000000000000e+00 0.000000000000e+00 0.000000000000e+00 1.188187278285e-04 1.147843396037e-04 1.851418667477e-03 
2.000000000000e-02 5.400108140677e-04 1.575101352001e-03 0.000000000000e+00 1.109205582945e+05 1.109205582945e+05 1.000000000000e+05 5.232788651240e-04 0.000000000000e+00 1.800000000000e+06 9.085605180724e+04 1.240350000000e+07 4.961400000000e+07 0.000000000000e+00 0.000000000000e+00 0.000000000000e+00 1.175918078923e-04 1.145535925619e-04 1.832149151031e-03 
2.500000000000e-02 5.386848713395e-04 1.573917058898e-03 0.000000000000e+00 1.100861400784e+05 1.100861400784e+05 1.000000000000e+05 5.232788651240e-04 0.000000000000e+00 1.800000000000e+06 9.001279688738e+04 1.240350000000e+07 4.961400000000e+07 0.000000000000e+00 0.000000000000e+00 0.000000000000e+00 1.165004125634e-04 1.142723176338e-04 1.815082242865e-03 
3.000000000000e-02 5.373311950316e-04 1.568965806191e-03 0.000000000000e+00 1.092289239028e+05 1.092289239028e+05 1.000000000000e+05 5.232788651240e-04 0.000000000000e+00 1.800000000000e+06 8.922202598273e+04 1.240350000000e+07 4.961400000000e+07 0.000000000000e+00 0.000000000000e+00 0.000000000000e+00 1.154769454585e-04 1.139851595249e-04 1.799101829771e-03 
3.500000000000e-02 5.360101752454e-04 1.563002806359e-03 0.000000000000e+00 1.083871379995e+05 1.083871379995e+05 1.000000000000e+05 5.232788651240e-04 0.000000000000e+00 1.800000000000e+06 8.846712791005e+04 1.240350000000e+07 4.961400000000e+07 0.000000000000e+00 0.000000000000e+00 0.000000000000e+00 1.144999073045e-04 1.137049289103e-04 1.783853966525e-03 
4.000000000000e-02 5.347375668827e-04 1.556848598412e-03 0.000000000000e+00 1.075712572925e+05 1.075712572925e+05 1.000000000000e+05 5.232788651240e-04 0.000000000000e+00 1.800000000000e+06 8.774223193930e+04 1.240350000000e+07 4.961400000000e+07 0.000000000000e+00 0.000000000000e+00 0.000000000000e+00 1.135616998209e-04 1.134349679094e-04 1.769214546655e-03 
4.500000000000e-02 5.335158789718e-04 1.550739943623e-03 0.000000000000e+00 1.067834220046e+05 1.067834220046e+05 1.000000000000e+05 5.232788651240e-04 0.000000000000e+00 1.800000000000e+06 8.704471530730e+04 1.240350000000e+07 4.961400000000e+07 0.000000000000e+00 0.000000000000e+00 0.000000000000e+00 1.126589284572e-04 1.131758087675e-04 1.755128951753e-03 
5.000000000000e-02 5.323473412145e-04 1.545043726882e-03 0.000000000000e+00 1.060256134927e+05 1.060256134927e+05 1.000000000000e+05 5.232788651240e-04 0.000000000000e+00 1.800000000000e+06 8.637318272009e+04 1.240350000000e+07 4.961400000000e+07 0.000000000000e+00 0.000000000000e+00 0.000000000000e+00 1.117897873332e-04 1.129279244758e-04 1.741567895540e-03 
5.500000000000e-02 5.312575830940e-04 1.541877389011e-03 0.000000000000e+00 1.053151240521e+05 1.053151240521e+05 1.000000000000e+05 5.232788651240e-04 0.000000000000e+00 1.800000000000e+06 8.572883248422e+04 1.240350000000e+07 4.961400000000e+07 0.000000000000e+00 0.000000000000e+00 0.000000000000e+00 1.109558273752e-04 1.126967518688e-04 1.728550708306e-03 
6.000000000000e-02 5.303163786367e-04 1.545479214713e-03 0.000000000000e+00 1.046985391060e+05 1.046985391060e+05 1.000000000000e+05 5.232788651240e-04 0.000000000000e+00 1.800000000000e+06 8.512084650123e+04 1.240350000000e+07 4.961400000000e+07 0.000000000000e+00 0.000000000000e+00 0.000000000000e+00 1.101689323969e-04 1.124970922525e-04 1.716251422635e-03 
6.500000000000e-02 5.296314083434e-04 1.560563612922e-03 0.000000000000e+00 1.042480861368e+05 1.042480861368e+05 1.000000000000e+05 5.232788651240e-04 0.000000000000e+00 1.800000000000e+06 8.457144838128e+04 1.240350000000e+07 4.961400000000e+07 0.000000000000e+00 0.000000000000e+00 0.000000000000e+00 1.094578656392e-04 1.123517881107e-04 1.705103930212e-03 
7.000000000000e-02 5.293135632671e-04 1.589949866029e-03 0.000000000000e+00 1.040385672161e+05 1.040385672161e+05 1.000000000000e+05 5.232788651240e-04 0.000000000000e+00 1.800000000000e+06 8.411530902952e+04 1.240350000000e+07 4.961400000000e+07 0.000000000000e+00 0.000000000000e+00 0.000000000000e+00 1.088675004411e-04 1.122843629880e-04 1.695797028540e-03 
7.500000000000e-02 5.294553131919e-04 1.634316673261e-03 0.000000000000e+00 1.041320456752e+05 1.041320456752e+05 1.000000000000e+05 5.232788651240e-04 0.000000000000e+00 1.800000000000e+06 8.379331240379e+04 1.240350000000e+07 4.961400000000e+07 0.000000000000e+00 0.000000000000e+00 0.000000000000e+00 1.084507514783e-04 1.123144326880e-04 1.689151788549e-03 
8.000000000000e-02 5.301243136521e-04 1.693489553853e-03 0.000000000000e+00 1.045723797154e+05 1.045723797154e+05 1.000000000000e+05 5.232788651240e-04 0.000000000000e+00 1.800000000000e+06 8.364655191516e+04 1.240350000000e+07 4.961400000000e+07 0.000000000000e+00 0.000000000000e+00 0.000000000000e+00 1.082608045145e-04 1.124563491166e-04 1.685998428262e-03 
8.500000000000e-02 5.313565872762e-04 1.765673076563e-03 0.000000000000e+00 1.053798227416e+05 1.053798227416e+05 1.000000000000e+05 5.232788651240e-04 0.000000000000e+00 1.800000000000e+06 8.371137954884e+04 1.240350000000e+07 4.961400000000e+07 0.000000000000e+00 0.000000000000e+00 0.000000000000e+00 1.083447086518e-04 1.127177538273e-04 1.687077204725e-03 
9.000000000000e-02 5.331532368371e-04 1.847509490150e-03 0.000000000000e+00 1.065486909104e+05 1.065486909104e+05 1.000000000000e+05 5.232788651240e-04 0.000000000000e+00 1.800000000000e+06 8.401413739494e+04 1.240350000000e+07 4.961400000000e+07 0.000000000000e+00 0.000000000000e+00 0.000000000000e+00 1.087365575355e-04 1.130988807537e-04 1.692931097239e-03 
9.500000000000e-02 5.354856692302e-04 1.935182616132e-03 0.000000000000e+00 1.080514624034e+05 1.080514624034e+05 1.000000000000e+05 5.232788651240e-04 0.000000000000e+00 1.800000000000e+06 8.456800241801e+04 1.240350000000e+07 4.961400000000e+07 0.000000000000e+00 0.000000000000e+00 0.000000000000e+00 1.094534056495e-04 1.135936643822e-04 1.703839522170e-03 
1.000000000000e-01 5.383022467295e-04 2.024736272328e-03 0.000000000000e+00 1.098443922808e+05 1.098443922808e+05 1.000000000000e+05 5.232788651240e-04 0.000000000000e+00 1.800000000000e+06 8.537247625778e+04 1.240350000000e+07 4.961400000000e+07 0.000000000000e+00 0.000000000000e+00 0.000000000000e+00 1.104946079838e-04 1.141911506969e-04 1.719806017127e-03 
1.050000000000e-01 5.415404021000e-04 2.113058759626e-03 0.000000000000e+00 1.118767497322e+05 1.118767497322e+05 1.000000000000e+05 5.232788651240e-04 0.000000000000e+00 1.800000000000e+06 8.641465097016e+04 1.240350000000e+07 4.961400000000e+07 0.000000000000e+00 0.000000000000e+00 0.000000000000e+00 1.118434582379e-04 1.148780671825e-04 1.740581409692e-03 
1.100000000000e-01 5.451339331830e-04 2.197644066959e-03 0.000000000000e+00 1.140966282822e+05 1.140966282822e+05 1.000000000000e+05 5.232788651240e-04 0.000000000000e+00 1.800000000000e+06 8.767251098600e+04 1.240350000000e+07 4.961400000000e+07 0.000000000000e+00 0.000000000000e+00 0.000000000000e+00 1.134714624313e-04 1.156403702389e-04 1.765729710908e-03 
1.150000000000e-01 5.490146182252e-04 2.276639465590e-03 0.000000000000e+00 1.164528273585e+05 1.164528273585e+05 1.000000000000e+05 5.232788651240e-04 0.000000000000e+00 1.800000000000e+06 8.911775346769e+04 1.240350000000e+07 4.961400000000e+07 0.000000000000e+00 0.000000000000e+00 0.000000000000e+00 1.153419891919e-04 1.164635878422e-04 1.794685516005e-03 
1.200000000000e-01 5.531170918534e-04 2.348941245416e-03 0.000000000000e+00 1.188983876187e+05 1.188983876187e+05 1.000000000000e+05 5.232788651240e-04 0.000000000000e+00 1.800000000000e+06 9.071848083006e+04 1.240350000000e+07 4.961400000000e+07 0.000000000000e+00 0.000000000000e+00 0.000000000000e+00 1.174137545915e-04 1.173338538914e-04 1.826808221257e-03 
1.250000000000e-01 5.573787884141e-04 2.413804478478e-03 0.000000000000e+00 1.213907540824e+05 1.213907540824e+05 1.000000000000e+05 5.232788651240e-04 0.000000000000e+00 1.800000000000e+06 9.244161791086e+04 1.240350000000e+07 4.961400000000e+07 0.000000000000e+00 0.000000000000e+00 0.000000000000e+00 1.196439506054e-04 1.182378961812e-04 1.861431596750e-03 
1.300000000000e-01 5.617405885837e-04 2.470944661429e-03 0.000000000000e+00 1.238921670880e+05 1.238921670880e+05 1.000000000000e+05 5.232788651240e-04 0.000000000000e+00 1.800000000000e+06 9.425437207194e+04 1.240350000000e+07 4.961400000000e+07 0.000000000000e+00 0.000000000000e+00 0.000000000000e+00 1.219901348697e-04 1.191631735587e-04 1.897893717564e-03 
1.350000000000e-01 5.661486161827e-04 2.520395781357e-03 0.000000000000e+00 1.263705132283e+05 1.263705132283e+05 1.000000000000e+05 5.232788651240e-04 0.000000000000e+00 1.800000000000e+06 9.612556819690e+04 1.240350000000e+07 4.961400000000e+07 0.000000000000e+00 0.000000000000e+00 0.000000000000e+00 1.244119585224e-04 1.200982570711e-04 1.935564102619e-03 
1.400000000000e-01 5.705538788810e-04 2.562396245280e-03 0.000000000000e+00 1.287987833074e+05 1.287987833074e+05 1.000000000000e+05 5.232788651240e-04 0.000000000000e+00 1.800000000000e+06 9.802651402786e+04 1.240350000000e+07 4.961400000000e+07 0.000000000000e+00 0.000000000000e+00 0.000000000000e+00 1.268722861783e-04 1.210327550367e-04 1.973861671959e-03 
1.450000000000e-01 5.749127170918e-04 2.597367160796e-03 0.000000000000e+00 1.311549303408e+05 1.311549303408e+05 1.000000000000e+05 5.232788651240e-04 0.000000000000e+00 1.800000000000e+06 9.993148199851e+04 1.240350000000e+07 4.961400000000e+07 0.000000000000e+00 0.000000000000e+00 0.000000000000e+00 1.293378195488e-04 1.219574042538e-04 2.012264701317e-03 
1.500000000000e-01 5.791872082643e-04 2.625847731891e-03 0.000000000000e+00 1.334216519089e+05 1.334216519089e+05 1.000000000000e+05 5.232788651240e-04 0.000000000000e+00 1.800000000000e+06 1.018180211629e+05 1.240350000000e+07 4.961400000000e+07 0.000000000000e+00 0.000000000000e+00 0.000000000000e+00 1.317795011604e-04 1.228641607621e-04 2.050317296662e-03 
1.550000000000e-01 5.833450345160e-04 2.648441177744e-03 0.000000000000e+00 1.355858748691e+05 1.355858748691e+05 1.000000000000e+05 5.232788651240e-04 0.000000000000e+00 1.800000000000e+06 1.036670561035e+05 1.240350000000e+07 4.961400000000e+07 0.000000000000e+00 0.000000000000e+00 0.000000000000e+00 1.341726423679e-04 1.237461689033e-04 2.087631590401e-03 
1.600000000000e-01 5.873591250476e-04 2.665767820931e-03 0.000000000000e+00 1.376381568409e+05 1.376381568409e+05 1.000000000000e+05 5.232788651240e-04 0.000000000000e+00 1.800000000000e+06 1.054628099328e+05 1.240350000000e+07 4.961400000000e+07 0.000000000000e+00 0.000000000000e+00 0.000000000000e+00 1.364968236976e-04 1.245976860939e-04 2.123886348861e-03 
1.650000000000e-01 5.912073299322e-04 2.678443487685e-03 0.000000000000e+00 1.395721567759e+05 1.395721567759e+05 1.000000000000e+05 5.232788651240e-04 0.000000000000e+00 1.800000000000e+06 1.071926012313e+05 1.240350000000e+07 4.961400000000e+07 0.000000000000e+00 0.000000000000e+00 0.000000000000e+00 1.387356320326e-04 1.254140136247e-04 2.158822968897e-03 
1.700000000000e-01 5.948721081746e-04 2.687059660501e-03 0.000000000000e+00 1.413841678678e+05 1.413841678678e+05 1.000000000000e+05 5.232788651240e-04 0.000000000000e+00 1.800000000000e+06 1.088465823865e+05 1.240350000000e+07 4.961400000000e+07 0.000000000000e+00 0.000000000000e+00 0.000000000000e+00 1.408763219525e-04 1.261914304887e-04 2.192240248479e-03 
1.750000000000e-01 5.983403316554e-04 2.692185066441e-03 0.000000000000e+00 1.430727611143e+05 1.430727611143e+05 1.000000000000e+05 5.232788651240e-04 0.000000000000e+00 1.800000000000e+06 1.104174513788e+05 1.240350000000e+07 4.961400000000e+07 0.000000000000e+00 0.000000000000e+00 0.000000000000e+00 1.429094427088e-04 1.269271517913e-04 2.223988578431e-03 
1.800000000000e-01 6.016029217135e-04 2.694344806636e-03 0.000000000000e+00 1.446383966542e+05 1.446383966542e+05 1.000000000000e+05 5.232788651240e-04 0.000000000000e+00 1.800000000000e+06 1.119001700324e+05 1.240350000000e+07 4.961400000000e+07 0.000000000000e+00 0.000000000000e+00 0.000000000000e+00 1.448284735669e-04 1.276192516575e-04 2.253964273331e-03 
1.850000000000e-01 6.046537376886e-04 2.693972400433e-03 0.000000000000e+00 1.460827342568e+05 1.460827342568e+05 1.000000000000e+05 5.232788651240e-04 0.000000000000e+00 1.800000000000e+06 1.132916339500e+05 1.240350000000e+07 4.961400000000e+07 0.000000000000e+00 0.000000000000e+00 0.000000000000e+00 1.466293966143e-04 1.282664274568e-04 2.282103004190e-03 
1.900000000000e-01 6.074881247669e-04 2.691383490642e-03 0.000000000000e+00 1.474078562028e+05 1.474078562028e+05 1.000000000000e+05 5.232788651240e-04 0.000000000000e+00 1.800000000000e+06 1.145902476848e+05 1.240350000000e+07 4.961400000000e+07 0.000000000000e+00 0.000000000000e+00 0.000000000000e+00 1.483101469198e-04 1.288676917538e-04 2.308371315664e-03 
1.950000000000e-01 6.101017764318e-04 2.686777866076e-03 0.000000000000e+00 1.486157019470e+05 1.486157019470e+05 1.000000000000e+05 5.232788651240e-04 0.000000000000e+00 1.800000000000e+06 1.157954617982e+05 1.240350000000e+07 4.961400000000e+07 0.000000000000e+00 0.000000000000e+00 0.000000000000e+00 1.498700133642e-04 1.294221309986e-04 2.332757293618e-03 
2.000000000000e-01 6.124910973202e-04 2.680332537770e-03 0.000000000000e+00 1.497082270348e+05 1.497082270348e+05 1.000000000000e+05 5.232788651240e-04 0.000000000000e+00 1.800000000000e+06 1.169073949297e+05 1.240350000000e+07 4.961400000000e+07 0.000000000000e+00 0.000000000000e+00 0.000000000000e+00 1.513091494987e-04 1.299289824993e-04 2.355262756125e-03 
2.050000000000e-01 6.146578642665e-04 2.672369838095e-03 0.000000000000e+00 1.506901403280e+05 1.506901403280e+05 1.000006486489e+05 5.232788651240e-04 6.486488744462e-01 1.800000000000e+06 1.179273193011e+05 1.240350000000e+07 4.961400000000e+07 0.000000000000e+00 0.000000000000e+00 0.000000000000e+00 1.526292019153e-04 1.303886231795e-04 2.375912356062e-03 
2.100000000000e-01 6.165922354736e-04 2.662634052701e-03 0.000000000000e+00 1.515586175450e+05 1.515586175450e+05 1.000006486489e+05 5.232788651240e-04 6.486488744462e-01 1.800000000000e+06 1.188553432343e+05 1.240350000000e+07 4.961400000000e+07 0.000000000000e+00 0.000000000000e+00 0.000000000000e+00 1.538303108112e-04 1.307989652788e-04 2.394709216036e-03 
2.150000000000e-01 6.183019311211e-04 2.651665688712e-03 0.000000000000e+00 1.523203605800e+05 1.523203605800e+05 1.000006486489e+05 5.232788651240e-04 6.486488744462e-01 1.800000000000e+06 1.196930678991e+05 1.240350000000e+07 4.961400000000e+07 0.000000000000e+00 0.000000000000e+00 0.000000000000e+00 1.549145485245e-04 1.311616464945e-04 2.411684127937e-03 
2.200000000000e-01 6.197888803740e-04 2.639509274827e-03 0.000000000000e+00 1.529784299795e+05 1.529784299795e+05 1.000006486489e+05 5.232788651240e-04 6.486488744462e-01 1.800000000000e+06 1.204424994979e+05 1.240350000000e+07 4.961400000000e+07 0.000000000000e+00 0.000000000000e+00 0.000000000000e+00 1.558845116127e-04 1.314770760645e-04 2.426877341276e-03 
2.250000000000e-01 6.210560344279e-04 2.626268388062e-03 0.000000000000e+00 1.535359991832e+05 1.535359991832e+05 1.000006486489e+05 5.232788651240e-04 6.486488744462e-01 1.800000000000e+06 1.211058004018e+05 1.240350000000e+07 4.961400000000e+07 0.000000000000e+00 0.000000000000e+00 0.000000000000e+00 1.567429987570e-04 1.317458800317e-04 2.440332290477e-03 
2.300000000000e-01 6.221069007747e-04 2.612012349948e-03 0.000000000000e+00 1.539961611392e+05 1.539961611392e+05 1.000006486489e+05 5.232788651240e-04 6.486488744462e-01 1.800000000000e+06 1.216852519919e+05 1.240350000000e+07 4.961400000000e+07 0.000000000000e+00 0.000000000000e+00 0.000000000000e+00 1.574929626693e-04 1.319688024475e-04 2.452094878592e-03 
2.350000000000e-01 6.229453375077e-04 2.596801613057e-03 0.000000000000e+00 1.543618561958e+05 1.543618561958e+05 1.000006486489e+05 5.232788651240e-04 6.486488744462e-01 1.800000000000e+06 1.221831740355e+05 1.240350000000e+07 4.961400000000e+07 0.000000000000e+00 0.000000000000e+00 0.000000000000e+00 1.581374057431e-04 1.321466617373e-04 2.462211847704e-03 
2.400000000000e-01 6.235768597677e-04 2.580772774403e-03 0.000000000000e+00 1.546364589565e+05 1.546364589565e+05 1.000006486489e+05 5.232788651240e-04 6.486488744462e-01 1.800000000000e+06 1.226019362141e+05 1.240350000000e+07 4.961400000000e+07 0.000000000000e+00 0.000000000000e+00 0.000000000000e+00 1.586793949742e-04 1.322806278390e-04 2.470730835554e-03 
2.450000000000e-01 6.240099818163e-04 2.564140813783e-03 0.000000000000e+00 1.548243742539e+05 1.548243742539e+05 1.000006486489e+05 5.232788651240e-04 6.486488744462e-01 1.800000000000e+06 1.229441508606e+05 1.240350000000e+07 4.961400000000e+07 0.000000000000e+00 0.000000000000e+00 0.000000000000e+00 1.591223114135e-04 1.323725069002e-04 2.477704141360e-03 
2.500000000000e-01 6.242555158786e-04 2.547108345949e-03 0.000000000000e+00 1.549307516033e+05 1.549307516033e+05 1.000006486489e+05 5.232788651240e-04 6.486488744462e-01 1.800000000000e+06 1.232128461294e+05 1.240350000000e+07 4.961400000000e+07 0.000000000000e+00 0.000000000000e+00 0.000000000000e+00 1.594700742957e-04 1.324245925403e-04 2.483192366775e-03 
2.550000000000e-01 6.243259324377e-04 2.529892172403e-03 0.000000000000e+00 1.549612394149e+05 1.549612394149e+05 1.000006486489e+05 5.232788651240e-04 6.486488744462e-01 1.800000000000e+06 1.234114686232e+05 1.240350000000e+07 4.961400000000e+07 0.000000000000e+00 0.000000000000e+00 0.000000000000e+00 1.597271444376e-04 1.324395301483e-04 2.487264556972e-03 
2.600000000000e-01 6.242353788538e-04 2.512509714016e-03 0.000000000000e+00 1.549220313579e+05 1.549220313579e+05 1.000006486489e+05 5.232788651240e-04 6.486488744462e-01 1.800000000000e+06 1.235437841014e+05 1.240350000000e+07 4.961400000000e+07 0.000000000000e+00 0.000000000000e+00 0.000000000000e+00 1.598983957301e-04 1.324203208323e-04 2.489996400566e-03 
2.650000000000e-01 6.239986798734e-04 2.495372791019e-03 0.000000000000e+00 1.548194750786e+05 1.548194750786e+05 1.000006486489e+05 5.232788651240e-04 6.486488744462e-01 1.800000000000e+06 1.236139681759e+05 1.240350000000e+07 4.961400000000e+07 0.000000000000e+00 0.000000000000e+00 0.000000000000e+00 1.599892325212e-04 1.323701093961e-04 2.491471429940e-03 
2.700000000000e-01 6.236333730085e-04 2.478781910262e-03 0.000000000000e+00 1.546609971748e+05 1.546609971748e+05 1.000006486489e+05 5.232788651240e-04 6.486488744462e-01 1.800000000000e+06 1.236267556079e+05 1.240350000000e+07 4.961400000000e+07 0.000000000000e+00 0.000000000000e+00 0.000000000000e+00 1.600057828469e-04 1.322926161077e-04 2.491784586088e-03 
2.750000000000e-01 6.231592127287e-04 2.463030377369e-03 0.000000000000e+00 1.544549359049e+05 1.544549359049e+05 1.000006486489e+05 5.232788651240e-04 6.486488744462e-01 1.800000000000e+06 1.235874054613e+05 1.240350000000e+07 4.961400000000e+07 0.000000000000e+00 0.000000000000e+00 0.000000000000e+00 1.599548533294e-04 1.321920315230e-04 2.491041308698e-03 
2.800000000000e-01 6.225974415087e-04 2.448399066998e-03 0.000000000000e+00 1.542102722481e+05 1.542102722481e+05 1.000006486489e+05 5.232788651240e-04 6.486488744462e-01 1.800000000000e+06 1.235017327566e+05 1.240350000000e+07 4.961400000000e+07 0.000000000000e+00 0.000000000000e+00 0.000000000000e+00 1.598439701462e-04 1.320728618513e-04 2.489358258477e-03 
2.850000000000e-01 6.219691917749e-04 2.435080515557e-03 0.000000000000e+00 1.539359750246e+05 1.539359750246e+05 1.000006486489e+05 5.232788651240e-04 6.486488744462e-01 1.800000000000e+06 1.233760156482e+05 1.240350000000e+07 4.961400000000e+07 0.000000000000e+00 0.000000000000e+00 0.000000000000e+00 1.596812588930e-04 1.319395899573e-04 2.486861615178e-03 
2.900000000000e-01 6.212942279638e-04 2.423195752156e-03 0.000000000000e+00 1.536404786030e+05 1.536404786030e+05 1.000006486489e+05 5.232788651240e-04 6.486488744462e-01 1.800000000000e+06 1.232167515566e+05 1.240350000000e+07 4.961400000000e+07 0.000000000000e+00 0.000000000000e+00 0.000000000000e+00 1.594751289534e-04 1.317964085110e-04 2.483682235508e-03 
2.950000000000e-01 6.205901625139e-04 2.412774054452e-03 0.000000000000e+00 1.533313514101e+05 1.533313514101e+05 1.000006486489e+05 5.232788651240e-04 6.486488744462e-01 1.800000000000e+06 1.230304072038e+05 1.240350000000e+07 4.961400000000e+07 0.000000000000e+00 0.000000000000e+00 0.000000000000e+00 1.592339499796e-04 1.316470536748e-04 2.479950619294e-03 
3.000000000000e-01 6.198722923641e-04 2.403803977446e-03 0.000000000000e+00 1.530152237045e+05 1.530152237045e+05 1.000006486489e+05 5.232788651240e-04 6.486488744462e-01 1.800000000000e+06 1.228231776044e+05 1.240350000000e+07 4.961400000000e+07 0.000000000000e+00 0.000000000000e+00 0.000000000000e+00 1.589657399622e-04 1.314947704196e-04 2.475791982385e-03 
3.050000000000e-01 6.191539969339e-04 2.396234488481e-03 0.000000000000e+00 1.526980034122e+05 1.526980034122e+05 1.000006963823e+05 5.232788651240e-04 6.963823400313e-01 1.800000000000e+06 1.226008920550e+05 1.240350000000e+07 4.961400000000e+07 0.000000000000e+00 0.000000000000e+00 0.000000000000e+00 1.586780435556e-04 1.313423969488e-04 2.471324252806e-03 
3.100000000000e-01 6.184456410607e-04 2.389979042202e-03 0.000000000000e+00 1.523841884105e+05 1.523841884105e+05 1.000006963823e+05 5.232788651240e-04 6.963823400313e-01 1.800000000000e+06 1.223687516462e+05 1.240350000000e+07 4.961400000000e+07 0.000000000000e+00 0.000000000000e+00 0.000000000000e+00 1.583775923494e-04 1.311921319764e-04 2.466652898669e-03 
3.150000000000e-01 6.177565130907e-04 2.384926610038e-03 0.000000000000e+00 1.520779951677e+05 1.520779951677e+05 1.000006963823e+05 5.232788651240e-04 6.963823400313e-01 1.800000000000e+06 1.221314772173e+05 1.240350000000e+07 4.961400000000e+07 0.000000000000e+00 0.000000000000e+00 0.000000000000e+00 1.580704963606e-04 1.310459458582e-04 2.461873602372e-03 
3.200000000000e-01 6.170928922594e-04 2.380931795678e-03 0.000000000000e+00 1.517822963997e+05 1.517822963997e+05 1.000006963823e+05 5.232788651240e-04 6.963823400313e-01 1.800000000000e+06 1.218931332883e+05 1.240350000000e+07 4.961400000000e+07 0.000000000000e+00 0.000000000000e+00 0.000000000000e+00 1.577620161554e-04 1.309051706213e-04 2.457068986975e-03 
3.250000000000e-01 6.164591571425e-04 2.377847905769e-03 0.000000000000e+00 1.514991431917e+05 1.514991431917e+05 1.000006963823e+05 5.232788651240e-04 6.963823400313e-01 1.800000000000e+06 1.216570928864e+05 1.240350000000e+07 4.961400000000e+07 0.000000000000e+00 0.000000000000e+00 0.000000000000e+00 1.574565173246e-04 1.307707351017e-04 2.452307725082e-03 
3.300000000000e-01 6.158580470715e-04 2.375527960005e-03 0.000000000000e+00 1.512298683790e+05 1.512298683790e+05 1.000006963823e+05 5.232788651240e-04 6.963823400313e-01 1.800000000000e+06 1.214260649869e+05 1.240350000000e+07 4.961400000000e+07 0.000000000000e+00 0.000000000000e+00 0.000000000000e+00 1.571575060003e-04 1.306432203995e-04 2.447645069518e-03 
3.350000000000e-01 6.152908888018e-04 2.373830717028e-03 0.000000000000e+00 1.509751771580e+05 1.509751771580e+05 1.000006963823e+05 5.232788651240e-04 6.963823400313e-01 1.800000000000e+06 1.212021353213e+05 1.240350000000e+07 4.961400000000e+07 0.000000000000e+00 0.000000000000e+00 0.000000000000e+00 1.568676816716e-04 1.305229079620e-04 2.443123663446e-03 
3.400000000000e-01 6.147577013809e-04 2.372613192760e-03 0.000000000000e+00 1.507351854793e+05 1.507351854793e+05 1.000006963823e+05 5.232788651240e-04 6.963823400313e-01 1.800000000000e+06 1.209868140489e+05 1.240350000000e+07 4.961400000000e+07 0.000000000000e+00 0.000000000000e+00 0.000000000000e+00 1.565889988850e-04 1.304098018297e-04 2.438774507301e-03 
3.450000000000e-01 6.142573185492e-04 2.371737845687e-03 0.000000000000e+00 1.505094682026e+05 1.505094682026e+05 1.000006963823e+05 5.232788651240e-04 6.963823400313e-01 1.800000000000e+06 1.207810733963e+05 1.240350000000e+07 4.961400000000e+07 0.000000000000e+00 0.000000000000e+00 0.000000000000e+00 1.563227159593e-04 1.303036546017e-04 2.434617717802e-03 
3.500000000000e-01 6.137876242653e-04 2.371076155821e-03 0.000000000000e+00 1.502971602738e+05 1.502971602738e+05 1.000006963823e+05 5.232788651240e-04 6.963823400313e-01 1.800000000000e+06 1.205853962827e+05 1.240350000000e+07 4.961400000000e+07 0.000000000000e+00 0.000000000000e+00 0.000000000000e+00 1.560694579198e-04 1.302040173977e-04 2.430663495034e-03 
3.550000000000e-01 6.133457347272e-04 2.370508916445e-03 0.000000000000e+00 1.500970358474e+05 1.500970358474e+05 1.000006963823e+05 5.232788651240e-04 6.963823400313e-01 1.800000000000e+06 1.203998326411e+05 1.240350000000e+07 4.961400000000e+07 0.000000000000e+00 0.000000000000e+00 0.000000000000e+00 1.558292893932e-04 1.301102784711e-04 2.426913254731e-03 
3.600000000000e-01 6.129281488014e-04 2.369927031279e-03 0.000000000000e+00 1.499075746193e+05 1.499075746193e+05 1.000006963823e+05 5.232788651240e-04 6.963823400313e-01 1.800000000000e+06 1.202240555211e+05 1.240350000000e+07 4.961400000000e+07 0.000000000000e+00 0.000000000000e+00 0.000000000000e+00 1.556017872191e-04 1.300216951191e-04 2.423360760285e-03 
3.650000000000e-01 6.125311067188e-04 2.369247987716e-03 0.000000000000e+00 1.497271239858e+05 1.497271239858e+05 1.000006963823e+05 5.232788651240e-04 6.963823400313e-01 1.800000000000e+06 1.200574258080e+05 1.240350000000e+07 4.961400000000e+07 0.000000000000e+00 0.000000000000e+00 0.000000000000e+00 1.553861242134e-04 1.299374697744e-04 2.419993402185e-03 
3.700000000000e-01 6.121507650528e-04 2.368400803626e-03 0.000000000000e+00 1.495539792345e+05 1.495539792345e+05 1.000006963823e+05 5.232788651240e-04 6.963823400313e-01 1.800000000000e+06 1.198990770470e+05 1.240350000000e+07 4.961400000000e+07 0.000000000000e+00 0.000000000000e+00 0.000000000000e+00 1.551811789542e-04 1.298567871231e-04 2.416793914371e-03 
3.750000000000e-01 6.117827413380e-04 2.367292538988e-03 0.000000000000e+00 1.493861767161e+05 1.493861767161e+05 1.000006963823e+05 5.232788651240e-04 6.963823400313e-01 1.800000000000e+06 1.197479526013e+05 1.240350000000e+07 4.961400000000e+07 0.000000000000e+00 0.000000000000e+00 0.000000000000e+00 1.549855838735e-04 1.297787175038e-04 2.413741202598e-03 
3.800000000000e-01 6.114217595254e-04 2.365813287237e-03 0.000000000000e+00 1.492213309636e+05 1.492213309636e+05 1.000006963823e+05 5.232788651240e-04 6.963823400313e-01 1.800000000000e+06 1.196027702351e+05 1.240350000000e+07 4.961400000000e+07 0.000000000000e+00 0.000000000000e+00 0.000000000000e+00 1.547976794183e-04 1.297021416975e-04 2.410809670118e-03 
3.850000000000e-01 6.110616108462e-04 2.363837875737e-03 0.000000000000e+00 1.490566144660e+05 1.490566144660e+05 1.000006963823e+05 5.232788651240e-04 6.963823400313e-01 1.800000000000e+06 1.194619831081e+05 1.240350000000e+07 4.961400000000e+07 0.000000000000e+00 0.000000000000e+00 0.000000000000e+00 1.546154635674e-04 1.296257426255e-04 2.407968422296e-03 
3.900000000000e-01 6.106947695201e-04 2.361201066382e-03 0.000000000000e+00 1.488885785777e+05 1.488885785777e+05 1.000006963823e+05 5.232788651240e-04 6.963823400313e-01 1.800000000000e+06 1.193237322010e+05 1.240350000000e+07 4.961400000000e+07 0.000000000000e+00 0.000000000000e+00 0.000000000000e+00 1.544365302571e-04 1.295479238287e-04 2.405180344352e-03 
3.950000000000e-01 6.103114159106e-04 2.357657648030e-03 0.000000000000e+00 1.487126997659e+05 1.487126997659e+05 1.000006963823e+05 5.232788651240e-04 6.963823400313e-01 1.800000000000e+06 1.191857283967e+05 1.240350000000e+07 4.961400000000e+07 0.000000000000e+00 0.000000000000e+00 0.000000000000e+00 1.542579167633e-04 1.294666022477e-04 2.402399821050e-03 
4.000000000000e-01 6.098967676199e-04 2.352745996907e-03 0.000000000000e+00 1.485221412518e+05 1.485221412518e+05 1.000006963823e+05 5.232788651240e-04 6.963823400313e-01 1.800000000000e+06 1.190449662126e+05 1.240350000000e+07 4.961400000000e+07 0.000000000000e+00 0.000000000000e+00 0.000000000000e+00 1.540757331951e-04 1.293786420622e-04 2.399567241278e-03 
4.050000000000e-01 6.094270751553e-04 2.345759027707e-03 0.000000000000e+00 1.483063468706e+05 1.483063468706e+05 1.000011621439e+05 5.232788651240e-04 1.162143852164e+00 1.800000000000e+06 1.188971464589e+05 1.240350000000e+07 4.961400000000e+07 0.000000000000e+00 0.000000000000e+00 0.000000000000e+00 1.538844152616e-04 1.292790052442e-04 2.396597583922e-03 
4.100000000000e-01 6.088705830819e-04 2.335642745835e-03 0.000000000000e+00 1.480495631490e+05 1.480495631490e+05 1.000011621439e+05 5.232788651240e-04 1.162143852164e+00 1.800000000000e+06 1.187359201090e+05 1.240350000000e+07 4.961400000000e+07 0.000000000000e+00 0.000000000000e+00 0.000000000000e+00 1.536757456399e-04 1.291609554486e-04 2.393365342405e-03 
4.150000000000e-01 6.081818996508e-04 2.321241146911e-03 0.000000000000e+00 1.477309406921e+05 1.477309406921e+05 1.000011621439e+05 5.232788651240e-04 1.162143852164e+00 1.800000000000e+06 1.185521833506e+05 1.240350000000e+07 4.961400000000e+07 0.000000000000e+00 0.000000000000e+00 0.000000000000e+00 1.534379415842e-04 1.290148636313e-04 2.389690020774e-03 
4.200000000000e-01 6.073064041639e-04 2.301206818578e-03 0.000000000000e+00 1.473245400702e+05 1.473245400702e+05 1.000011621439e+05 5.232788651240e-04 1.162143852164e+00 1.800000000000e+06 1.183336695401e+05 1.240350000000e+07 4.961400000000e+07 0.000000000000e+00 0.000000000000e+00 0.000000000000e+00 1.531551268073e-04 1.288291429926e-04 2.385327730731e-03 
4.250000000000e-01 6.061881283807e-04 2.274722875011e-03 0.000000000000e+00 1.468032353419e+05 1.468032353419e+05 1.000011621439e+05 5.232788651240e-04 1.162143852164e+00 1.800000000000e+06 1.180650334334e+05 1.240350000000e+07 4.961400000000e+07 0.000000000000e+00 0.000000000000e+00 0.000000000000e+00 1.528074404967e-04 1.285919208758e-04 2.379971721930e-03 
4.300000000000e-01 6.047849512984e-04 2.241931538442e-03 0.000000000000e+00 1.461455950206e+05 1.461455950206e+05 1.000011621439e+05 5.232788651240e-04 1.162143852164e+00 1.800000000000e+06 1.177295514091e+05 1.240350000000e+07 4.961400000000e+07 0.000000000000e+00 0.000000000000e+00 0.000000000000e+00 1.523732378546e-04 1.282942620668e-04 2.373285035300e-03 
4.350000000000e-01 6.030834761691e-04 2.204354857183e-03 0.000000000000e+00 1.453428465398e+05 1.453428465398e+05 1.000011621439e+05 5.232788651240e-04 1.162143852164e+00 1.800000000000e+06 1.173121521914e+05 1.240350000000e+07 4.961400000000e+07 0.000000000000e+00 0.000000000000e+00 0.000000000000e+00 1.518330126559e-04 1.279333246862e-04 2.364960598865e-03 
4.400000000000e-01 6.011202775476e-04 2.164899467516e-03 0.000000000000e+00 1.444093292781e+05 1.444093292781e+05 1.000011621439e+05 5.232788651240e-04 1.162143852164e+00 1.800000000000e+06 1.168032396713e+05 1.240350000000e+07 4.961400000000e+07 0.000000000000e+00 0.000000000000e+00 0.000000000000e+00 1.511743449932e-04 1.275168673688e-04 2.354797075380e-03 
4.450000000000e-01 5.989796077533e-04 2.127575418511e-03 0.000000000000e+00 1.433824268282e+05 1.433824268282e+05 1.000011621439e+05 5.232788651240e-04 1.162143852164e+00 1.800000000000e+06 1.162033127063e+05 1.240350000000e+07 4.961400000000e+07 0.000000000000e+00 0.000000000000e+00 0.000000000000e+00 1.503978805198e-04 1.270627627304e-04 2.342792893503e-03 
4.500000000000e-01 5.967768356899e-04 2.096079089037e-03 0.000000000000e+00 1.423158204963e+05 1.423158204963e+05 1.000011621439e+05 5.232788651240e-04 1.162143852164e+00 1.800000000000e+06 1.155248558592e+05 1.240350000000e+07 4.961400000000e+07 0.000000000000e+00 0.000000000000e+00 0.000000000000e+00 1.495197775686e-04 1.265954842114e-04 2.329187713633e-03 
4.550000000000e-01 5.946319485730e-04 2.073053612563e-03 0.000000000000e+00 1.412674638059e+05 1.412674638059e+05 1.000011621439e+05 5.232788651240e-04 1.162143852164e+00 1.800000000000e+06 1.147910735363e+05 1.240350000000e+07 4.961400000000e+07 0.000000000000e+00 0.000000000000e+00 0.000000000000e+00 1.485700687904e-04 1.261404849438e-04 2.314439997844e-03 
4.600000000000e-01 5.926412421161e-04 2.059236275627e-03 0.000000000000e+00 1.402857301024e+05 1.402857301024e+05 1.000011621439e+05 5.232788651240e-04 1.162143852164e+00 1.800000000000e+06 1.140316620099e+05 1.240350000000e+07 4.961400000000e+07 0.000000000000e+00 0.000000000000e+00 0.000000000000e+00 1.475871890312e-04 1.257181923333e-04 2.299144566285e-03 
4.650000000000e-01 5.908643656394e-04 2.053974997596e-03 0.000000000000e+00 1.394022657793e+05 1.394022657793e+05 1.000011621439e+05 5.232788651240e-04 1.162143852164e+00 1.800000000000e+06 1.132769859024e+05 1.240350000000e+07 4.961400000000e+07 0.000000000000e+00 0.000000000000e+00 0.000000000000e+00 1.466104381589e-04 1.253412599115e-04 2.283915269835e-03 
4.700000000000e-01 5.893283459197e-04 2.055717920459e-03 0.000000000000e+00 1.386330412953e+05 1.386330412953e+05 1.000011621439e+05 5.232788651240e-04 1.162143852164e+00 1.800000000000e+06 1.125535015471e+05 1.240350000000e+07 4.961400000000e+07 0.000000000000e+00 0.000000000000e+00 0.000000000000e+00 1.456740576799e-04 1.250154209236e-04 2.269290769543e-03 
4.750000000000e-01 5.880335506708e-04 2.062679910597e-03 0.000000000000e+00 1.379806133110e+05 1.379806133110e+05 1.000011621439e+05 5.232788651240e-04 1.162143852164e+00 1.800000000000e+06 1.118813615366e+05 1.240350000000e+07 4.961400000000e+07 0.000000000000e+00 0.000000000000e+00 0.000000000000e+00 1.448041303892e-04 1.247407533734e-04 2.255684193007e-03 
4.800000000000e-01 5.869622998343e-04 2.072855400385e-03 0.000000000000e+00 1.374380350170e+05 1.374380350170e+05 1.000011621439e+05 5.232788651240e-04 1.162143852164e+00 1.800000000000e+06 1.112735506319e+05 1.240350000000e+07 4.961400000000e+07 0.000000000000e+00 0.000000000000e+00 0.000000000000e+00 1.440174620086e-04 1.245135067541e-04 2.243364677474e-03 
4.850000000000e-01 5.860869555258e-04 2.084523903433e-03 0.000000000000e+00 1.369927936935e+05 1.369927936935e+05 1.000011621439e+05 5.232788651240e-04 1.162143852164e+00 1.800000000000e+06 1.107360202956e+05 1.240350000000e+07 4.961400000000e+07 0.000000000000e+00 0.000000000000e+00 0.000000000000e+00 1.433217553079e-04 1.243278181852e-04 2.232458618546e-03 
4.900000000000e-01 5.853766171511e-04 2.096442303145e-03 0.000000000000e+00 1.366302279523e+05 1.366302279523e+05 1.000011621439e+05 5.232788651240e-04 1.162143852164e+00 1.800000000000e+06 1.102691843840e+05 1.240350000000e+07 4.961400000000e+07 0.000000000000e+00 0.000000000000e+00 0.000000000000e+00 1.427175459268e-04 1.241771326607e-04 2.222979190157e-03 
4.950000000000e-01 5.848006179968e-04 2.107718663454e-03 0.000000000000e+00 1.363354022557e+05 1.363354022557e+05 1.000011621439e+05 5.232788651240e-04 1.162143852164e+00 1.800000000000e+06 1.098694607224e+05 1.240350000000e+07 4.961400000000e+07 0.000000000000e+00 0.000000000000e+00 0.000000000000e+00 1.422001975818e-04 1.240549447883e-04 2.214857524977e-03 
5.000000000000e-01 5.843309536455e-04 2.117818905572e-03 0.000000000000e+00 1.360944532040e+05 1.360944532040e+05 1.000011621439e+05 5.232788651240e-04 1.162143852164e+00 1.800000000000e+06 1.095306763881e+05 1.240350000000e+07 4.961400000000e+07 0.000000000000e+00 0.000000000000e+00 0.000000000000e+00 1.417617208754e-04 1.239553139340e-04 2.207971171767e-03 
5.050000000000e-01 5.839416233353e-04 2.126361397508e-03 0.000000000000e+00 1.358941300985e+05 1.358941300985e+05 1.000009509897e+05 5.232788651240e-04 9.509897000052e-01 1.800000000000e+06 1.092450860866e+05 1.240350000000e+07 4.961400000000e+07 0.000000000000e+00 0.000000000000e+00 0.000000000000e+00 1.413920913439e-04 1.238727245032e-04 2.202165162650e-03 
5.100000000000e-01 5.836143439670e-04 2.133381835275e-03 0.000000000000e+00 1.357256473146e+05 1.357256473146e+05 1.000009509897e+05 5.232788651240e-04 9.509897000052e-01 1.800000000000e+06 1.090048543100e+05 1.240350000000e+07 4.961400000000e+07 0.000000000000e+00 0.000000000000e+00 0.000000000000e+00 1.410811677636e-04 1.238032980650e-04 2.197281258348e-03 
5.150000000000e-01 5.833295802912e-04 2.138717588179e-03 0.000000000000e+00 1.355788546636e+05 1.355788546636e+05 1.000009509897e+05 5.232788651240e-04 9.509897000052e-01 1.800000000000e+06 1.088020306532e+05 1.240350000000e+07 4.961400000000e+07 0.000000000000e+00 0.000000000000e+00 0.000000000000e+00 1.408186602033e-04 1.237428905672e-04 2.193159281917e-03 
5.200000000000e-01 5.830719156995e-04 2.142456184792e-03 0.000000000000e+00 1.354458731733e+05 1.354458731733e+05 1.000009509897e+05 5.232788651240e-04 9.509897000052e-01 1.800000000000e+06 1.086289606256e+05 1.240350000000e+07 4.961400000000e+07 0.000000000000e+00 0.000000000000e+00 0.000000000000e+00 1.405946617241e-04 1.236882316532e-04 2.189644426307e-03 
5.250000000000e-01 5.828306654964e-04 2.144821835003e-03 0.000000000000e+00 1.353212268177e+05 1.353212268177e+05 1.000009509897e+05 5.232788651240e-04 9.509897000052e-01 1.800000000000e+06 1.084787623526e+05 1.240350000000e+07 4.961400000000e+07 0.000000000000e+00 0.000000000000e+00 0.000000000000e+00 1.404002653563e-04 1.236370547568e-04 2.186596999454e-03 
5.300000000000e-01 5.825979101539e-04 2.145983342761e-03 0.000000000000e+00 1.352008443036e+05 1.352008443036e+05 1.000009509897e+05 5.232788651240e-04 9.509897000052e-01 1.800000000000e+06 1.083456038706e+05 1.240350000000e+07 4.961400000000e+07 0.000000000000e+00 0.000000000000e+00 0.000000000000e+00 1.402279229936e-04 1.235876798925e-04 2.183898430662e-03 
5.350000000000e-01 5.823670000374e-04 2.146093082068e-03 0.000000000000e+00 1.350812945057e+05 1.350812945057e+05 1.000009509897e+05 5.232788651240e-04 9.509897000052e-01 1.800000000000e+06 1.082245732507e+05 1.240350000000e+07 4.961400000000e+07 0.000000000000e+00 0.000000000000e+00 0.000000000000e+00 1.400712772984e-04 1.235386964597e-04 2.181448857151e-03 
5.400000000000e-01 5.821326482694e-04 2.145292443740e-03 0.000000000000e+00 1.349598388023e+05 1.349598388023e+05 1.000009509897e+05 5.232788651240e-04 9.509897000052e-01 1.800000000000e+06 1.081115589417e+05 1.240350000000e+07 4.961400000000e+07 0.000000000000e+00 0.000000000000e+00 0.000000000000e+00 1.399250068336e-04 1.234889829424e-04 2.179164646154e-03 
5.450000000000e-01 5.818906217053e-04 2.143698463789e-03 0.000000000000e+00 1.348342741916e+05 1.348342741916e+05 1.000009509897e+05 5.232788651240e-04 9.509897000052e-01 1.800000000000e+06 1.080031522352e+05 1.240350000000e+07 4.961400000000e+07 0.000000000000e+00 0.000000000000e+00 0.000000000000e+00 1.397846998277e-04 1.234376413550e-04 2.176976439116e-03 
5.500000000000e-01 5.816383601259e-04 2.141480184347e-03 0.000000000000e+00 1.347032573547e+05 1.347032573547e+05 1.000009509897e+05 5.232788651240e-04 9.509897000052e-01 1.800000000000e+06 1.078965808663e+05 1.240350000000e+07 4.961400000000e+07 0.000000000000e+00 0.000000000000e+00 0.000000000000e+00 1.396467682349e-04 1.233841285930e-04 2.174827689554e-03 
5.550000000000e-01 5.813746609217e-04 2.138768791855e-03 0.000000000000e+00 1.345661447284e+05 1.345661447284e+05 1.000009509897e+05 5.232788651240e-04 9.509897000052e-01 1.800000000000e+06 1.077897414741e+05 1.240350000000e+07 4.961400000000e+07 0.000000000000e+00 0.000000000000e+00 0.000000000000e+00 1.395084897490e-04 1.233281895443e-04 2.172675371157e-03 
5.600000000000e-01 5.810980484184e-04 2.135608244862e-03 0.000000000000e+00 1.344221467155e+05 1.344221467155e+05 1.000009509897e+05 5.232788651240e-04 9.509897000052e-01 1.800000000000e+06 1.076810418874e+05 1.240350000000e+07 4.961400000000e+07 0.000000000000e+00 0.000000000000e+00 0.000000000000e+00 1.393678036784e-04 1.232695111713e-04 2.170487007011e-03 
5.650000000000e-01 5.808072705751e-04 2.132074234819e-03 0.000000000000e+00 1.342705854835e+05 1.342705854835e+05 1.000009509897e+05 5.232788651240e-04 9.509897000052e-01 1.800000000000e+06 1.075691923786e+05 1.240350000000e+07 4.961400000000e+07 0.000000000000e+00 0.000000000000e+00 0.000000000000e+00 1.392230407739e-04 1.232078278758e-04 2.168236307503e-03 
5.700000000000e-01 5.805018300974e-04 2.128232773131e-03 0.000000000000e+00 1.341111726452e+05 1.341111726452e+05 1.000009509897e+05 5.232788651240e-04 9.509897000052e-01 1.800000000000e+06 1.074532088122e+05 1.240350000000e+07 4.961400000000e+07 0.000000000000e+00 0.000000000000e+00 0.000000000000e+00 1.390729273033e-04 1.231430341659e-04 2.165903137563e-03 
5.750000000000e-01 5.801816793649e-04 2.124147572372e-03 0.000000000000e+00 1.339438520465e+05 1.339438520465e+05 1.000009509897e+05 5.232788651240e-04 9.509897000052e-01 1.800000000000e+06 1.073323828760e+05 1.240350000000e+07 4.961400000000e+07 0.000000000000e+00 0.000000000000e+00 0.000000000000e+00 1.389165465230e-04 1.230751199397e-04 2.163472957701e-03 
5.800000000000e-01 5.798470726473e-04 2.119868281497e-03 0.000000000000e+00 1.337687239097e+05 1.337687239097e+05 1.000009509897e+05 5.232788651240e-04 9.509897000052e-01 1.800000000000e+06 1.072062467989e+05 1.240350000000e+07 4.961400000000e+07 0.000000000000e+00 0.000000000000e+00 0.000000000000e+00 1.387532930131e-04 1.230041391360e-04 2.160936121730e-03 
5.850000000000e-01 5.794986703645e-04 2.115455452632e-03 0.000000000000e+00 1.335861007128e+05 1.335861007128e+05 1.000009509897e+05 5.232788651240e-04 9.509897000052e-01 1.800000000000e+06 1.070745347859e+05 1.240350000000e+07 4.961400000000e+07 0.000000000000e+00 0.000000000000e+00 0.000000000000e+00 1.385828227647e-04 1.229302318510e-04 2.158287068662e-03 
5.900000000000e-01 5.791372646571e-04 2.110940772441e-03 0.000000000000e+00 1.333963647757e+05 1.333963647757e+05 1.000009509897e+05 5.232788651240e-04 9.509897000052e-01 1.800000000000e+06 1.069371679560e+05 1.240350000000e+07 4.961400000000e+07 0.000000000000e+00 0.000000000000e+00 0.000000000000e+00 1.384050336845e-04 1.228535661231e-04 2.155524054444e-03 
5.950000000000e-01 5.787636279655e-04 2.106355060416e-03 0.000000000000e+00 1.331998893457e+05 1.331998893457e+05 1.000009509897e+05 5.232788651240e-04 9.509897000052e-01 1.800000000000e+06 1.067941857290e+05 1.240350000000e+07 4.961400000000e+07 0.000000000000e+00 0.000000000000e+00 0.000000000000e+00 1.382199767926e-04 1.227743058116e-04 2.152647770893e-03 
6.000000000000e-01 5.783786904587e-04 2.101727681258e-03 0.000000000000e+00 1.329971322774e+05 1.329971322774e+05 1.000009509897e+05 5.232788651240e-04 9.509897000052e-01 1.800000000000e+06 1.066457236666e+05 1.240350000000e+07 4.961400000000e+07 0.000000000000e+00 0.000000000000e+00 0.000000000000e+00 1.380278275413e-04 1.226926482351e-04 2.149660858835e-03 
6.050000000000e-01 5.779837559228e-04 2.097066650196e-03 0.000000000000e+00 1.327882038838e+05 1.327882038838e+05 1.000004038881e+05 5.232788651240e-04 4.038881088941e-01 1.800000000000e+06 1.064918945163e+05 1.240350000000e+07 4.961400000000e+07 0.000000000000e+00 0.000000000000e+00 0.000000000000e+00 1.378287318562e-04 1.226088699686e-04 2.146565602502e-03 
6.100000000000e-01 5.775795692249e-04 2.092436023543e-03 0.000000000000e+00 1.325745640009e+05 1.325745640009e+05 1.000004038881e+05 5.232788651240e-04 4.038881088941e-01 1.800000000000e+06 1.063331460372e+05 1.240350000000e+07 4.961400000000e+07 0.000000000000e+00 0.000000000000e+00 0.000000000000e+00 1.376232692558e-04 1.225231290221e-04 2.143370734617e-03 
6.150000000000e-01 5.771670040905e-04 2.087813803116e-03 0.000000000000e+00 1.323561015120e+05 1.323561015120e+05 1.000004038881e+05 5.232788651240e-04 4.038881088941e-01 1.800000000000e+06 1.061697803447e+05 1.240350000000e+07 4.961400000000e+07 0.000000000000e+00 0.000000000000e+00 0.000000000000e+00 1.374118307578e-04 1.224356107408e-04 2.140082505042e-03 
6.200000000000e-01 5.767471468866e-04 2.083216618763e-03 0.000000000000e+00 1.321333680407e+05 1.321333680407e+05 1.000004038881e+05 5.232788651240e-04 4.038881088941e-01 1.800000000000e+06 1.060021234721e+05 1.240350000000e+07 4.961400000000e+07 0.000000000000e+00 0.000000000000e+00 0.000000000000e+00 1.371948383356e-04 1.223465455781e-04 2.136707437885e-03 
6.250000000000e-01 5.763209394282e-04 2.078652034517e-03 0.000000000000e+00 1.319068420684e+05 1.319068420684e+05 1.000004038881e+05 5.232788651240e-04 4.038881088941e-01 1.800000000000e+06 1.058305274770e+05 1.240350000000e+07 4.961400000000e+07 0.000000000000e+00 0.000000000000e+00 0.000000000000e+00 1.369727476450e-04 1.222561333228e-04 2.133252616560e-03 
6.300000000000e-01 5.758892212523e-04 2.074123793709e-03 0.000000000000e+00 1.316769509243e+05 1.316769509243e+05 1.000004038881e+05 5.232788651240e-04 4.038881088941e-01 1.800000000000e+06 1.056553469189e+05 1.240350000000e+07 4.961400000000e+07 0.000000000000e+00 0.000000000000e+00 0.000000000000e+00 1.367460175800e-04 1.221645520679e-04 2.129725192266e-03 
6.350000000000e-01 5.754526738073e-04 2.069627519939e-03 0.000000000000e+00 1.314440406028e+05 1.314440406028e+05 1.000004038881e+05 5.232788651240e-04 4.038881088941e-01 1.800000000000e+06 1.054769222454e+05 1.240350000000e+07 4.961400000000e+07 0.000000000000e+00 0.000000000000e+00 0.000000000000e+00 1.365150887699e-04 1.220719463703e-04 2.126132051690e-03 
6.400000000000e-01 5.750118243726e-04 2.065157356493e-03 0.000000000000e+00 1.312083771544e+05 1.312083771544e+05 1.000004038881e+05 5.232788651240e-04 4.038881088941e-01 1.800000000000e+06 1.052955608502e+05 1.240350000000e+07 4.961400000000e+07 0.000000000000e+00 0.000000000000e+00 0.000000000000e+00 1.362803590637e-04 1.219784280829e-04 2.122479427937e-03 
6.450000000000e-01 5.745670737229e-04 2.060704577389e-03 0.000000000000e+00 1.309701607917e+05 1.309701607917e+05 1.000004038881e+05 5.232788651240e-04 4.038881088941e-01 1.800000000000e+06 1.051115306842e+05 1.240350000000e+07 4.961400000000e+07 0.000000000000e+00 0.000000000000e+00 0.000000000000e+00 1.360421752610e-04 1.218840822228e-04 2.118772764263e-03 
6.500000000000e-01 5.741186757815e-04 2.056257677189e-03 0.000000000000e+00 1.307295143459e+05 1.307295143459e+05 1.000004038881e+05 5.232788651240e-04 4.038881088941e-01 1.800000000000e+06 1.049250540617e+05 1.240350000000e+07 4.961400000000e+07 0.000000000000e+00 0.000000000000e+00 0.000000000000e+00 1.358008250951e-04 1.217889626553e-04 2.115016590529e-03 
6.550000000000e-01 5.736667325642e-04 2.051802736212e-03 0.000000000000e+00 1.304864797974e+05 1.304864797974e+05 1.000004038881e+05 5.232788651240e-04 4.038881088941e-01 1.800000000000e+06 1.047363018275e+05 1.240350000000e+07 4.961400000000e+07 0.000000000000e+00 0.000000000000e+00 0.000000000000e+00 1.355565296848e-04 1.216930910212e-04 2.111214404451e-03 
6.600000000000e-01 5.732111939013e-04 2.047323765812e-03 0.000000000000e+00 1.302410173246e+05 1.302410173246e+05 1.000004038881e+05 5.232788651240e-04 4.038881088941e-01 1.800000000000e+06 1.045453889229e+05 1.240350000000e+07 4.961400000000e+07 0.000000000000e+00 0.000000000000e+00 0.000000000000e+00 1.353094377943e-04 1.215964566779e-04 2.107368580756e-03 
6.650000000000e-01 5.727518624365e-04 2.042803262068e-03 0.000000000000e+00 1.299930071764e+05 1.299930071764e+05 1.000004038881e+05 5.232788651240e-04 4.038881088941e-01 1.800000000000e+06 1.043523714796e+05 1.240350000000e+07 4.961400000000e+07 0.000000000000e+00 0.000000000000e+00 0.000000000000e+00 1.350596220730e-04 1.214990177598e-04 2.103480310890e-03 
6.700000000000e-01 5.722884075999e-04 2.038223052434e-03 0.000000000000e+00 1.297422564124e+05 1.297422564124e+05 1.000004038881e+05 5.232788651240e-04 4.038881088941e-01 1.800000000000e+06 1.041572459868e+05 1.240350000000e+07 4.961400000000e+07 0.000000000000e+00 0.000000000000e+00 0.000000000000e+00 1.348070779771e-04 1.214007041425e-04 2.099549583777e-03 
6.750000000000e-01 5.718203769815e-04 2.033564338410e-03 0.000000000000e+00 1.294885042968e+05 1.294885042968e+05 1.000004038881e+05 5.232788651240e-04 4.038881088941e-01 1.800000000000e+06 1.039599505644e+05 1.240350000000e+07 4.961400000000e+07 0.000000000000e+00 0.000000000000e+00 0.000000000000e+00 1.345517254172e-04 1.213014198553e-04 2.095575210217e-03 
6.800000000000e-01 5.713472109447e-04 2.028808468862e-03 0.000000000000e+00 1.292314295025e+05 1.292314295025e+05 1.000004038881e+05 5.232788651240e-04 4.038881088941e-01 1.800000000000e+06 1.037603671209e+05 1.240350000000e+07 4.961400000000e+07 0.000000000000e+00 0.000000000000e+00 0.000000000000e+00 1.342934115518e-04 1.212010461813e-04 2.091554865018e-03 
6.850000000000e-01 5.708682598357e-04 2.023937144822e-03 0.000000000000e+00 1.289706587989e+05 1.289706587989e+05 1.000004038881e+05 5.232788651240e-04 4.038881088941e-01 1.800000000000e+06 1.035583251870e+05 1.240350000000e+07 4.961400000000e+07 0.000000000000e+00 0.000000000000e+00 0.000000000000e+00 1.340319157482e-04 1.210994453082e-04 2.087485162974e-03 
6.900000000000e-01 5.703828010841e-04 2.018932895151e-03 0.000000000000e+00 1.287057757658e+05 1.287057757658e+05 1.000004038881e+05 5.232788651240e-04 4.038881088941e-01 1.800000000000e+06 1.033536065765e+05 1.240350000000e+07 4.961400000000e+07 0.000000000000e+00 0.000000000000e+00 0.000000000000e+00 1.337669556158e-04 1.209964639556e-04 2.083361751925e-03 
6.950000000000e-01 5.698900616413e-04 2.013779648205e-03 0.000000000000e+00 1.284363325169e+05 1.284363325169e+05 1.000004038881e+05 5.232788651240e-04 4.038881088941e-01 1.800000000000e+06 1.031459512461e+05 1.240350000000e+07 4.961400000000e+07 0.000000000000e+00 0.000000000000e+00 0.000000000000e+00 1.334981945896e-04 1.208919381352e-04 2.079179429472e-03 
7.000000000000e-01 5.693892429538e-04 2.008462443421e-03 0.000000000000e+00 1.281618629407e+05 1.281618629407e+05 1.000004038881e+05 5.232788651240e-04 4.038881088941e-01 1.800000000000e+06 1.029350645610e+05 1.240350000000e+07 4.961400000000e+07 0.000000000000e+00 0.000000000000e+00 0.000000000000e+00 1.332252513340e-04 1.207856973671e-04 2.074932288006e-03 
7.050000000000e-01 5.688789584871e-04 2.002968039426e-03 0.000000000000e+00 1.278818183009e+05 1.278818183009e+05 1.000006491366e+05 5.232788651240e-04 6.491366196174e-01 1.800000000000e+06 1.027206054562e+05 1.240350000000e+07 4.961400000000e+07 0.000000000000e+00 0.000000000000e+00 0.000000000000e+00 1.329476844208e-04 1.206774497711e-04 2.070613492036e-03 
7.100000000000e-01 5.683595919796e-04 1.997290068589e-03 0.000000000000e+00 1.275958821175e+05 1.275958821175e+05 1.000006491366e+05 5.232788651240e-04 6.491366196174e-01 1.800000000000e+06 1.025022622466e+05 1.240350000000e+07 4.961400000000e+07 0.000000000000e+00 0.000000000000e+00 0.000000000000e+00 1.326650904465e-04 1.205672755787e-04 2.066216736616e-03 
7.150000000000e-01 5.678297360494e-04 1.991417021912e-03 0.000000000000e+00 1.273034851904e+05 1.273034851904e+05 1.000006491366e+05 5.232788651240e-04 6.491366196174e-01 1.800000000000e+06 1.022796772929e+05 1.240350000000e+07 4.961400000000e+07 0.000000000000e+00 0.000000000000e+00 0.000000000000e+00 1.323770065314e-04 1.204548762394e-04 2.061734851311e-03 
7.200000000000e-01 5.672886763938e-04 1.985342739801e-03 0.000000000000e+00 1.270041885613e+05 1.270041885613e+05 1.000006491366e+05 5.232788651240e-04 6.491366196174e-01 1.800000000000e+06 1.020524896357e+05 1.240350000000e+07 4.961400000000e+07 0.000000000000e+00 0.000000000000e+00 0.000000000000e+00 1.320829654984e-04 1.203401002269e-04 2.057160557302e-03 
7.250000000000e-01 5.667357482086e-04 1.979063692080e-03 0.000000000000e+00 1.266975757462e+05 1.266975757462e+05 1.000006491366e+05 5.232788651240e-04 6.491366196174e-01 1.800000000000e+06 1.018203445325e+05 1.240350000000e+07 4.961400000000e+07 0.000000000000e+00 0.000000000000e+00 0.000000000000e+00 1.317825082164e-04 1.202228065150e-04 2.052486696019e-03 
7.300000000000e-01 5.661703521510e-04 1.972578223963e-03 0.000000000000e+00 1.263832617170e+05 1.263832617170e+05 1.000006491366e+05 5.232788651240e-04 6.491366196174e-01 1.800000000000e+06 1.015828984640e+05 1.240350000000e+07 4.961400000000e+07 0.000000000000e+00 0.000000000000e+00 0.000000000000e+00 1.314751900806e-04 1.201028679639e-04 2.047706329585e-03 
7.350000000000e-01 5.655919676550e-04 1.965886668533e-03 0.000000000000e+00 1.260609005549e+05 1.260609005549e+05 1.000006491366e+05 5.232788651240e-04 6.491366196174e-01 1.800000000000e+06 1.013398248868e+05 1.240350000000e+07 4.961400000000e+07 0.000000000000e+00 0.000000000000e+00 0.000000000000e+00 1.311605884571e-04 1.199801741450e-04 2.042812856609e-03 
7.400000000000e-01 5.650001617243e-04 1.958991396900e-03 0.000000000000e+00 1.257301907140e+05 1.257301907140e+05 1.000006491366e+05 5.232788651240e-04 6.491366196174e-01 1.800000000000e+06 1.010908195345e+05 1.240350000000e+07 4.961400000000e+07 0.000000000000e+00 0.000000000000e+00 0.000000000000e+00 1.308383095448e-04 1.198546332059e-04 2.037800119486e-03 
7.450000000000e-01 5.643945972725e-04 1.951896711740e-03 0.000000000000e+00 1.253908801468e+05 1.253908801468e+05 1.000006491366e+05 5.232788651240e-04 6.491366196174e-01 1.800000000000e+06 1.008356054734e+05 1.240350000000e+07 4.961400000000e+07 0.000000000000e+00 0.000000000000e+00 0.000000000000e+00 1.305079949181e-04 1.197261736400e-04 2.032662506653e-03 
7.500000000000e-01 5.637750377169e-04 1.944608678333e-03 0.000000000000e+00 1.250427694415e+05 1.250427694415e+05 1.000006491366e+05 5.232788651240e-04 6.491366196174e-01 1.800000000000e+06 1.005739375412e+05 1.240350000000e+07 4.961400000000e+07 0.000000000000e+00 0.000000000000e+00 0.000000000000e+00 1.301693272718e-04 1.195947452605e-04 2.027395042817e-03 
7.550000000000e-01 5.631413497889e-04 1.937134984230e-03 0.000000000000e+00 1.246857140508e+05 1.246857140508e+05 1.000006491366e+05 5.232788651240e-04 6.491366196174e-01 1.800000000000e+06 1.003056060117e+05 1.240350000000e+07 4.961400000000e+07 0.000000000000e+00 0.000000000000e+00 0.000000000000e+00 1.298220351647e-04 1.194603197969e-04 2.021993463579e-03 
7.600000000000e-01 5.624935046735e-04 1.929484764857e-03 0.000000000000e+00 1.243196256605e+05 1.243196256605e+05 1.000006491366e+05 5.232788651240e-04 6.491366196174e-01 1.800000000000e+06 1.000304395372e+05 1.240350000000e+07 4.961400000000e+07 0.000000000000e+00 0.000000000000e+00 0.000000000000e+00 1.294658968276e-04 1.193228911368e-04 2.016454275455e-03 
7.650000000000e-01 5.618315726632e-04 1.921668020660e-03 0.000000000000e+00 1.239444699508e+05 1.239444699508e+05 1.000006491366e+05 5.232788651240e-04 6.491366196174e-01 1.800000000000e+06 9.974830712284e+04 1.240350000000e+07 4.961400000000e+07 0.000000000000e+00 0.000000000000e+00 0.000000000000e+00 1.291007427183e-04 1.191824741915e-04 2.010774797146e-03 
7.700000000000e-01 5.611557211049e-04 1.913695889991e-03 0.000000000000e+00 1.235602662423e+05 1.235602662423e+05 1.000006491366e+05 5.232788651240e-04 6.491366196174e-01 1.800000000000e+06 9.945911875989e+04 1.240350000000e+07 4.961400000000e+07 0.000000000000e+00 0.000000000000e+00 0.000000000000e+00 1.287264563418e-04 1.190391044608e-04 2.004953172719e-03 
7.750000000000e-01 5.604662142972e-04 1.905580414091e-03 0.000000000000e+00 1.231670882955e+05 1.231670882955e+05 1.000006491366e+05 5.232788651240e-04 6.491366196174e-01 1.800000000000e+06 9.916282630290e+04 1.240350000000e+07 4.961400000000e+07 0.000000000000e+00 0.000000000000e+00 0.000000000000e+00 1.283429753849e-04 1.188928380111e-04 1.998988389346e-03 
7.800000000000e-01 5.597634099164e-04 1.897334473214e-03 0.000000000000e+00 1.227650631828e+05 1.227650631828e+05 1.000006491366e+05 5.232788651240e-04 6.491366196174e-01 1.800000000000e+06 9.885942381164e+04 1.240350000000e+07 4.961400000000e+07 0.000000000000e+00 0.000000000000e+00 0.000000000000e+00 1.279502921596e-04 1.187437507169e-04 1.992880284700e-03 
7.850000000000e-01 5.590477549613e-04 1.888971609021e-03 0.000000000000e+00 1.223543699037e+05 1.223543699037e+05 1.000006491366e+05 5.232788651240e-04 6.491366196174e-01 1.800000000000e+06 9.854894752938e+04 1.240350000000e+07 4.961400000000e+07 0.000000000000e+00 0.000000000000e+00 0.000000000000e+00 1.275484535741e-04 1.185919374014e-04 1.986629546946e-03 
7.900000000000e-01 5.583197788606e-04 1.880505767808e-03 0.000000000000e+00 1.219352363744e+05 1.219352363744e+05 1.000006491366e+05 5.232788651240e-04 6.491366196174e-01 1.800000000000e+06 9.823147527883e+04 1.240350000000e+07 4.961400000000e+07 0.000000000000e+00 0.000000000000e+00 0.000000000000e+00 1.271375603518e-04 1.184375103733e-04 1.980237703271e-03 
7.950000000000e-01 5.575800867109e-04 1.871951214995e-03 0.000000000000e+00 1.215079364653e+05 1.215079364653e+05 1.000006491366e+05 5.232788651240e-04 6.491366196174e-01 1.800000000000e+06 9.790712521594e+04 1.240350000000e+07 4.961400000000e+07 0.000000000000e+00 0.000000000000e+00 0.000000000000e+00 1.267177654176e-04 1.182805979933e-04 1.973707095223e-03 
8.000000000000e-01 5.568293539981e-04 1.863322499480e-03 0.000000000000e+00 1.210727878646e+05 1.210727878646e+05 1.000006491366e+05 5.232788651240e-04 6.491366196174e-01 1.800000000000e+06 9.757605435564e+04 1.240350000000e+07 4.961400000000e+07 0.000000000000e+00 0.000000000000e+00 0.000000000000e+00 1.262892719906e-04 1.181213435538e-04 1.967040849093e-03 
8.050000000000e-01 5.560679258915e-04 1.854623125497e-03 0.000000000000e+00 1.206298314770e+05 1.206298314770e+05 1.000005610879e+05 5.232788651240e-04 5.610878655265e-01 1.800000000000e+06 9.723836989342e+04 1.240350000000e+07 4.961400000000e+07 0.000000000000e+00 0.000000000000e+00 0.000000000000e+00 1.258522188101e-04 1.179598202763e-04 1.960241156577e-03 
8.100000000000e-01 5.552975750611e-04 1.845896640489e-03 0.000000000000e+00 1.201802082292e+05 1.201802082292e+05 1.000005610879e+05 5.232788651240e-04 5.610878655265e-01 1.800000000000e+06 9.689443948523e+04 1.240350000000e+07 4.961400000000e+07 0.000000000000e+00 0.000000000000e+00 0.000000000000e+00 1.254070817204e-04 1.177964042013e-04 1.953315207781e-03 
8.150000000000e-01 5.545184280542e-04 1.837134743786e-03 0.000000000000e+00 1.197238422441e+05 1.197238422441e+05 1.000005610879e+05 5.232788651240e-04 5.610878655265e-01 1.800000000000e+06 9.654450195912e+04 1.240350000000e+07 4.961400000000e+07 0.000000000000e+00 0.000000000000e+00 0.000000000000e+00 1.249541698281e-04 1.176311221735e-04 1.946267938798e-03 
8.200000000000e-01 5.537314519634e-04 1.828354788493e-03 0.000000000000e+00 1.192612405517e+05 1.192612405517e+05 1.000005610879e+05 5.232788651240e-04 5.610878655265e-01 1.800000000000e+06 9.618882916974e+04 1.240350000000e+07 4.961400000000e+07 0.000000000000e+00 0.000000000000e+00 0.000000000000e+00 1.244938349854e-04 1.174641793445e-04 1.939104775383e-03 
8.250000000000e-01 5.529375875467e-04 1.819571711778e-03 0.000000000000e+00 1.187929017279e+05 1.187929017279e+05 1.000005610879e+05 5.232788651240e-04 5.610878655265e-01 1.800000000000e+06 9.582773425265e+04 1.240350000000e+07 4.961400000000e+07 0.000000000000e+00 0.000000000000e+00 0.000000000000e+00 1.240264824725e-04 1.172957752794e-04 1.931831994931e-03 
8.300000000000e-01 5.521377823417e-04 1.810799310102e-03 0.000000000000e+00 1.183193355229e+05 1.183193355229e+05 1.000005610879e+05 5.232788651240e-04 5.610878655265e-01 1.800000000000e+06 9.546155943555e+04 1.240350000000e+07 4.961400000000e+07 0.000000000000e+00 0.000000000000e+00 0.000000000000e+00 1.235525552229e-04 1.171261109815e-04 1.924456469290e-03 
8.350000000000e-01 5.513329946079e-04 1.802050559098e-03 0.000000000000e+00 1.178410655289e+05 1.178410655289e+05 1.000005610879e+05 5.232788651240e-04 5.610878655265e-01 1.800000000000e+06 9.509067008366e+04 1.240350000000e+07 4.961400000000e+07 0.000000000000e+00 0.000000000000e+00 0.000000000000e+00 1.230725261158e-04 1.169553897284e-04 1.916985541461e-03 
8.400000000000e-01 5.505241906334e-04 1.793337855681e-03 0.000000000000e+00 1.173586279188e+05 1.173586279188e+05 1.000005610879e+05 5.232788651240e-04 5.610878655265e-01 1.800000000000e+06 9.471545059957e+04 1.240350000000e+07 4.961400000000e+07 0.000000000000e+00 0.000000000000e+00 0.000000000000e+00 1.225868926703e-04 1.167838165010e-04 1.909426941732e-03 
8.450000000000e-01 5.497123404407e-04 1.784673013038e-03 0.000000000000e+00 1.168725691707e+05 1.168725691707e+05 1.000005610879e+05 5.232788651240e-04 5.610878655265e-01 1.800000000000e+06 9.433630123968e+04 1.240350000000e+07 4.961400000000e+07 0.000000000000e+00 0.000000000000e+00 0.000000000000e+00 1.220961729240e-04 1.166115970722e-04 1.901788722957e-03 
8.500000000000e-01 5.488984115003e-04 1.776067192928e-03 0.000000000000e+00 1.163834425177e+05 1.163834425177e+05 1.000005610879e+05 5.232788651240e-04 5.610878655265e-01 1.800000000000e+06 9.395363516036e+04 1.240350000000e+07 4.961400000000e+07 0.000000000000e+00 0.000000000000e+00 0.000000000000e+00 1.216009016108e-04 1.164389366737e-04 1.894079200965e-03 
8.550000000000e-01 5.480833611479e-04 1.767530753802e-03 0.000000000000e+00 1.158918035065e+05 1.158918035065e+05 1.000005610879e+05 5.232788651240e-04 5.610878655265e-01 1.800000000000e+06 9.356787538917e+04 1.240350000000e+07 4.961400000000e+07 0.000000000000e+00 0.000000000000e+00 0.000000000000e+00 1.211016262406e-04 1.162660383871e-04 1.886306893715e-03 
8.600000000000e-01 5.472681304934e-04 1.759073300267e-03 0.000000000000e+00 1.153982063347e+05 1.153982063347e+05 1.000005610879e+05 5.232788651240e-04 5.610878655265e-01 1.800000000000e+06 9.317945166092e+04 1.240350000000e+07 4.961400000000e+07 0.000000000000e+00 0.000000000000e+00 0.000000000000e+00 1.205989030039e-04 1.160931018522e-04 1.878480457449e-03 
8.650000000000e-01 5.464536412934e-04 1.750703803148e-03 0.000000000000e+00 1.149032018835e+05 1.149032018835e+05 1.000005610879e+05 5.232788651240e-04 5.610878655265e-01 1.800000000000e+06 9.278879759021e+04 1.240350000000e+07 4.961400000000e+07 0.000000000000e+00 0.000000000000e+00 0.000000000000e+00 1.200932931131e-04 1.159203226030e-04 1.870608629206e-03 
8.700000000000e-01 5.456407909161e-04 1.742430427834e-03 0.000000000000e+00 1.144073345166e+05 1.144073345166e+05 1.000005610879e+05 5.232788651240e-04 5.610878655265e-01 1.800000000000e+06 9.239634817577e+04 1.240350000000e+07 4.961400000000e+07 0.000000000000e+00 0.000000000000e+00 0.000000000000e+00 1.195853595717e-04 1.157478910002e-04 1.862700176524e-03 
8.750000000000e-01 5.448304425257e-04 1.734260165147e-03 0.000000000000e+00 1.139111358514e+05 1.139111358514e+05 1.000005610879e+05 5.232788651240e-04 5.610878655265e-01 1.800000000000e+06 9.200253685613e+04 1.240350000000e+07 4.961400000000e+07 0.000000000000e+00 0.000000000000e+00 0.000000000000e+00 1.190756633641e-04 1.155759901487e-04 1.854763838894e-03 
8.800000000000e-01 5.440234287405e-04 1.726199843308e-03 0.000000000000e+00 1.134151266668e+05 1.134151266668e+05 1.000005610879e+05 5.232788651240e-04 5.610878655265e-01 1.800000000000e+06 9.160779260650e+04 1.240350000000e+07 4.961400000000e+07 0.000000000000e+00 0.000000000000e+00 0.000000000000e+00 1.185647596978e-04 1.154047966736e-04 1.846808267581e-03 
8.850000000000e-01 5.432205464250e-04 1.718255113291e-03 0.000000000000e+00 1.129198133599e+05 1.129198133599e+05 1.000005610879e+05 5.232788651240e-04 5.610878655265e-01 1.800000000000e+06 9.121253858752e+04 1.240350000000e+07 4.961400000000e+07 0.000000000000e+00 0.000000000000e+00 0.000000000000e+00 1.180531962550e-04 1.152344796153e-04 1.838841998834e-03 
8.900000000000e-01 5.424225465553e-04 1.710430605657e-03 0.000000000000e+00 1.124256812527e+05 1.124256812527e+05 1.000005610879e+05 5.232788651240e-04 5.610878655265e-01 1.800000000000e+06 9.081718909508e+04 1.240350000000e+07 4.961400000000e+07 0.000000000000e+00 0.000000000000e+00 0.000000000000e+00 1.175415092441e-04 1.150651982800e-04 1.830873393406e-03 
8.950000000000e-01 5.416301348374e-04 1.702730212354e-03 0.000000000000e+00 1.119331944370e+05 1.119331944370e+05 1.000005610879e+05 5.232788651240e-04 5.610878655265e-01 1.800000000000e+06 9.042214690795e+04 1.240350000000e+07 4.961400000000e+07 0.000000000000e+00 0.000000000000e+00 0.000000000000e+00 1.170302199678e-04 1.148971023706e-04 1.822910582095e-03 
9.000000000000e-01 5.408439729580e-04 1.695157213206e-03 0.000000000000e+00 1.114427960071e+05 1.114427960071e+05 1.000005610879e+05 5.232788651240e-04 5.610878655265e-01 1.800000000000e+06 9.002780157123e+04 1.240350000000e+07 4.961400000000e+07 0.000000000000e+00 0.000000000000e+00 0.000000000000e+00 1.165198326006e-04 1.147303322521e-04 1.814961430382e-03 
9.050000000000e-01 5.400645359678e-04 1.687697735770e-03 0.000000000000e+00 1.109543845679e+05 1.109543845679e+05 1.000001275919e+05 5.232788651240e-04 1.275918716339e-01 1.800000000000e+06 8.963438213599e+04 1.240350000000e+07 4.961400000000e+07 0.000000000000e+00 0.000000000000e+00 0.000000000000e+00 1.160106435952e-04 1.145649886979e-04 1.807030681243e-03 
9.100000000000e-01 5.392929921833e-04 1.680397233214e-03 0.000000000000e+00 1.104695999152e+05 1.104695999152e+05 1.000001275919e+05 5.232788651240e-04 1.275918716339e-01 1.800000000000e+06 8.924248437470e+04 1.240350000000e+07 4.961400000000e+07 0.000000000000e+00 0.000000000000e+00 0.000000000000e+00 1.155034240392e-04 1.144013195454e-04 1.799130049669e-03 
9.150000000000e-01 5.385291917290e-04 1.673222357917e-03 0.000000000000e+00 1.099879591432e+05 1.099879591432e+05 1.000001275919e+05 5.232788651240e-04 1.275918716339e-01 1.800000000000e+06 8.885240725286e+04 1.240350000000e+07 4.961400000000e+07 0.000000000000e+00 0.000000000000e+00 0.000000000000e+00 1.149985608731e-04 1.142392930013e-04 1.791265841435e-03 
9.200000000000e-01 5.377737464838e-04 1.666178222708e-03 0.000000000000e+00 1.095098943163e+05 1.095098943163e+05 1.000001275919e+05 5.232788651240e-04 1.275918716339e-01 1.800000000000e+06 8.846443884082e+04 1.240350000000e+07 4.961400000000e+07 0.000000000000e+00 0.000000000000e+00 0.000000000000e+00 1.144964269363e-04 1.140790388647e-04 1.783443838147e-03 
9.250000000000e-01 5.370271260026e-04 1.659266755519e-03 0.000000000000e+00 1.090357522997e+05 1.090357522997e+05 1.000001275919e+05 5.232788651240e-04 1.275918716339e-01 1.800000000000e+06 8.807887245969e+04 1.240350000000e+07 4.961400000000e+07 0.000000000000e+00 0.000000000000e+00 0.000000000000e+00 1.139974018640e-04 1.139206567432e-04 1.775669957918e-03 
9.300000000000e-01 5.362897177160e-04 1.652487784697e-03 0.000000000000e+00 1.085658315191e+05 1.085658315191e+05 1.000001275919e+05 5.232788651240e-04 1.275918716339e-01 1.800000000000e+06 8.769598900443e+04 1.240350000000e+07 4.961400000000e+07 0.000000000000e+00 0.000000000000e+00 0.000000000000e+00 1.135018492088e-04 1.137642288232e-04 1.767949879002e-03 
9.350000000000e-01 5.355618504700e-04 1.645840231785e-03 0.000000000000e+00 1.081003960528e+05 1.081003960528e+05 1.000001275919e+05 5.232788651240e-04 1.275918716339e-01 1.800000000000e+06 8.731605065473e+04 1.240350000000e+07 4.961400000000e+07 0.000000000000e+00 0.000000000000e+00 0.000000000000e+00 1.130101083006e-04 1.136098248636e-04 1.760288905972e-03 
9.400000000000e-01 5.348438054542e-04 1.639322579334e-03 0.000000000000e+00 1.076396819399e+05 1.076396819399e+05 1.000001275919e+05 5.232788651240e-04 1.275918716339e-01 1.800000000000e+06 8.693929905484e+04 1.240350000000e+07 4.961400000000e+07 0.000000000000e+00 0.000000000000e+00 0.000000000000e+00 1.125224918912e-04 1.134575045137e-04 1.752691930274e-03 
9.450000000000e-01 5.341358162773e-04 1.632932664513e-03 0.000000000000e+00 1.071838966408e+05 1.071838966408e+05 1.000001275919e+05 5.232788651240e-04 1.275918716339e-01 1.800000000000e+06 8.656595467192e+04 1.240350000000e+07 4.961400000000e+07 0.000000000000e+00 0.000000000000e+00 0.000000000000e+00 1.120392853234e-04 1.133073173293e-04 1.745163417153e-03 
9.500000000000e-01 5.334380754969e-04 1.626668192376e-03 0.000000000000e+00 1.067332226861e+05 1.067332226861e+05 1.000001275919e+05 5.232788651240e-04 1.275918716339e-01 1.800000000000e+06 8.619621676822e+04 1.240350000000e+07 4.961400000000e+07 0.000000000000e+00 0.000000000000e+00 0.000000000000e+00 1.115607464955e-04 1.131593041581e-04 1.737707403998e-03 
9.550000000000e-01 5.327507314394e-04 1.620526216350e-03 0.000000000000e+00 1.062878151163e+05 1.062878151163e+05 1.000001275919e+05 5.232788651240e-04 1.275918716339e-01 1.800000000000e+06 8.583026354262e+04 1.240350000000e+07 4.961400000000e+07 0.000000000000e+00 0.000000000000e+00 0.000000000000e+00 1.110871060440e-04 1.130134964649e-04 1.730327503966e-03 
9.600000000000e-01 5.320738917181e-04 1.614503631373e-03 0.000000000000e+00 1.058478032558e+05 1.058478032558e+05 1.000001275919e+05 5.232788651240e-04 1.275918716339e-01 1.800000000000e+06 8.546825190813e+04 1.240350000000e+07 4.961400000000e+07 0.000000000000e+00 0.000000000000e+00 0.000000000000e+00 1.106185670559e-04 1.128699170779e-04 1.723026900937e-03 
9.650000000000e-01 5.314076284906e-04 1.608597223920e-03 0.000000000000e+00 1.054132936784e+05 1.054132936784e+05 1.000001275919e+05 5.232788651240e-04 1.275918716339e-01 1.800000000000e+06 8.511031822085e+04 1.240350000000e+07 4.961400000000e+07 0.000000000000e+00 0.000000000000e+00 0.000000000000e+00 1.101553060121e-04 1.127285813040e-04 1.715808363514e-03 
9.700000000000e-01 5.307519786068e-04 1.602803480013e-03 0.000000000000e+00 1.049843699034e+05 1.049843699034e+05 1.000001275919e+05 5.232788651240e-04 1.275918716339e-01 1.800000000000e+06 8.475657906933e+04 1.240350000000e+07 4.961400000000e+07 0.000000000000e+00 0.000000000000e+00 0.000000000000e+00 1.096974738092e-04 1.125894969603e-04 1.708674261329e-03 
9.750000000000e-01 5.301069446106e-04 1.597118657795e-03 0.000000000000e+00 1.045610926668e+05 1.045610926668e+05 1.000001275919e+05 5.232788651240e-04 1.275918716339e-01 1.800000000000e+06 8.440713169307e+04 1.240350000000e+07 4.961400000000e+07 0.000000000000e+00 0.000000000000e+00 0.000000000000e+00 1.092451963007e-04 1.124526645865e-04 1.701626573581e-03 
9.800000000000e-01 5.294724979313e-04 1.591538955291e-03 0.000000000000e+00 1.041435016597e+05 1.041435016597e+05 1.000001275919e+05 5.232788651240e-04 1.275918716339e-01 1.800000000000e+06 8.406205454846e+04 1.240350000000e+07 4.961400000000e+07 0.000000000000e+00 0.000000000000e+00 0.000000000000e+00 1.087985750302e-04 1.123180781217e-04 1.694666900114e-03 
9.850000000000e-01 5.288485813947e-04 1.586060421125e-03 0.000000000000e+00 1.037316168678e+05 1.037316168678e+05 1.000001275919e+05 5.232788651240e-04 1.275918716339e-01 1.800000000000e+06 8.372140820487e+04 1.240350000000e+07 4.961400000000e+07 0.000000000000e+00 0.000000000000e+00 0.000000000000e+00 1.083576883903e-04 1.121857254375e-04 1.687796479398e-03 
9.900000000000e-01 5.282351189758e-04 1.580679748679e-03 0.000000000000e+00 1.033254447532e+05 1.033254447532e+05 1.000001275919e+05 5.232788651240e-04 1.275918716339e-01 1.800000000000e+06 8.338523664292e+04 1.240350000000e+07 4.961400000000e+07 0.000000000000e+00 0.000000000000e+00 0.000000000000e+00 1.079225933037e-04 1.120555904066e-04 1.681016213319e-03 
9.950000000000e-01 5.276320011225e-04 1.575391628373e-03 0.000000000000e+00 1.029249683145e+05 1.029249683145e+05 1.000001275919e+05 5.232788651240e-04 1.275918716339e-01 1.800000000000e+06 8.305356848657e+04 1.240350000000e+07 4.961400000000e+07 0.000000000000e+00 0.000000000000e+00 0.000000000000e+00 1.074933268173e-04 1.119276487766e-04 1.674326695409e-03 
1.000000000000e+00 5.270390752812e-04 1.570191945330e-03 0.000000000000e+00 1.025301404579e+05 1.025301404579e+05 1.000001275919e+05 5.232788651240e-04 1.275918716339e-01 1.800000000000e+06 8.272641435693e+04 1.240350000000e+07 4.961400000000e+07 0.000000000000e+00 0.000000000000e+00 0.000000000000e+00 1.070699026777e-04 1.118018706587e-04 1.667728158897e-03 
