0.000000000000e+00 5.232788651240e-04 0.000000000000e+00 0.000000000000e+00 1.000000000000e+05 1.000000000000e+05 1.000000000000e+05 5.232788651240e-04 0.000000000000e+00 1.800000000000e+06 1.000000000000e+05 1.240350000000e+07 4.961400000000e+07 0.000000000000e+00 0.000000000000e+00 0.000000000000e+00 1.294265000000e-04 1.110042101942e-04 0.000000000000e+00 
5.000000000000e-03 5.380492520616e-04 1.292310988740e-03 0.000000000000e+00 1.096843091243e+05 1.096843091243e+05 1.000000000000e+05 5.232788651240e-04 0.000000000000e+00 1.800000000000e+06 9.509695276930e+04 1.240350000000e+07 4.961400000000e+07 0.000000000000e+00 0.000000000000e+00 0.000000000000e+00 1.230806575760e-04 1.141374824234e-04 1.919748659491e-03 
1.000000000000e-02 5.412413207893e-04 1.507803391676e-03 0.000000000000e+00 1.116903198824e+05 1.116903198824e+05 1.000000000000e+05 5.232788651240e-04 0.000000000000e+00 1.800000000000e+06 9.302702204166e+04 1.240350000000e+07 4.961400000000e+07 0.000000000000e+00 0.000000000000e+00 0.000000000000e+00 1.204016186828e-04 1.148146224557e-04 1.876535912293e-03 
1.500000000000e-02 5.410985660554e-04 1.563581204734e-03 0.000000000000e+00 1.116012434397e+05 1.116012434397e+05 1.000000000000e+05 5.232788651240e-04 0.000000000000e+00 1.800000000000e+06 9.180401836451e+04 1.240350000000e+07 4.961400000000e+07 0.000000000000e+00 0.000000000000e+00 0.000000000000e+00 1.188187278285e-04 1.147843396037e-04 1.851418667477e-03 
2.000000000000e-02 5.400108140677e-04 1.575101352006e-03 0.000000000000e+00 1.109205582945e+05 1.109205582945e+05 1.000000000000e+05 5.232788651240e-04 0.000000000000e+00 1.800000000000e+06 9.085605180724e+04 1.240350000000e+07 4.961400000000e+07 0.000000000000e+00 0.000000000000e+00 0.000000000000e+00 1.175918078923e-04 1.145535925619e-04 1.832149151031e-03 
2.500000000000e-02 5.386848713395e-04 1.573917058902e-03 0.000000000000e+00 1.100861400784e+05 1.100861400784e+05 1.000000000000e+05 5.232788651240e-04 0.000000000000e+00 1.800000000000e+06 9.001279688738e+04 1.240350000000e+07 4.961400000000e+07 0.000000000000e+00 0.000000000000e+00 0.000000000000e+00 1.165004125634e-04 1.142723176338e-04 1.815082242865e-03 
3.000000000000e-02 5.373311950316e-04 1.568965806182e-03 0.000000000000e+00 1.092289239028e+05 1.092289239028e+05 1.000000000000e+05 5.232788651240e-04 0.000000000000e+00 1.800000000000e+06 8.922202598273e+04 1.240350000000e+07 4.961400000000e+07 0.000000000000e+00 0.000000000000e+00 0.000000000000e+00 1.154769454585e-04 1.139851595249e-04 1.799101829771e-03 
3.500000000000e-02 5.360101752454e-04 1.563002806355e-03 0.000000000000e+00 1.083871379995e+05 1.083871379995e+05 1.000000000000e+05 5.232788651240e-04 0.000000000000e+00 1.800000000000e+06 8.846712791004e+04 1.240350000000e+07 4.961400000000e+07 0.000000000000e+00 0.000000000000e+00 0.000000000000e+00 1.144999073045e-04 1.137049289103e-04 1.783853966525e-03 
4.000000000000e-02 5.347375668827e-04 1.556848598412e-03 0.000000000000e+00 1.075712572925e+05 1.075712572925e+05 1.000000000000e+05 5.232788651240e-04 0.000000000000e+00 1.800000000000e+06 8.774223193929e+04 1.240350000000e+07 4.961400000000e+07 0.000000000000e+00 0.000000000000e+00 0.000000000000e+00 1.135616998209e-04 1.134349679094e-04 1.769214546655e-03 
4.500000000000e-02 5.335158789718e-04 1.550739943631e-03 0.000000000000e+00 1.067834220046e+05 1.067834220046e+05 1.000000000000e+05 5.232788651240e-04 0.000000000000e+00 1.800000000000e+06 8.704471530729e+04 1.240350000000e+07 4.961400000000e+07 0.000000000000e+00 0.000000000000e+00 0.000000000000e+00 1.126589284572e-04 1.131758087675e-04 1.755128951753e-03 
5.000000000000e-02 5.323473412145e-04 1.545043726887e-03 0.000000000000e+00 1.060256134927e+05 1.060256134927e+05 1.000000000000e+05 5.232788651240e-04 0.000000000000e+00 1.800000000000e+06 8.637318272009e+04 1.240350000000e+07 4.961400000000e+07 0.000000000000e+00 0.000000000000e+00 0.000000000000e+00 1.117897873332e-04 1.129279244758e-04 1.741567895540e-03 
5.500000000000e-02 5.312575830940e-04 1.541877389016e-03 0.000000000000e+00 1.053151240521e+05 1.053151240521e+05 1.000000000000e+05 5.232788651240e-04 0.000000000000e+00 1.800000000000e+06 8.572883248422e+04 1.240350000000e+07 4.961400000000e+07 0.000000000000e+00 0.000000000000e+00 0.000000000000e+00 1.109558273752e-04 1.126967518688e-04 1.728550708306e-03 
6.000000000000e-02 5.303163786367e-04 1.545479214714e-03 0.000000000000e+00 1.046985391060e+05 1.046985391060e+05 1.000000000000e+05 5.232788651240e-04 0.000000000000e+00 1.800000000000e+06 8.512084650123e+04 1.240350000000e+07 4.961400000000e+07 0.000000000000e+00 0.000000000000e+00 0.000000000000e+00 1.101689323969e-04 1.124970922525e-04 1.716251422635e-03 
6.500000000000e-02 5.296314083434e-04 1.560563612918e-03 0.000000000000e+00 1.042480861368e+05 1.042480861368e+05 1.000000000000e+05 5.232788651240e-04 0.000000000000e+00 1.800000000000e+06 8.457144838128e+04 1.240350000000e+07 4.961400000000e+07 0.000000000000e+00 0.000000000000e+00 0.000000000000e+00 1.094578656392e-04 1.123517881107e-04 1.705103930212e-03 
7.000000000000e-02 5.293135632671e-04 1.589949866029e-03 0.000000000000e+00 1.040385672161e+05 1.040385672161e+05 1.000000000000e+05 5.232788651240e-04 0.000000000000e+00 1.800000000000e+06 8.411530902952e+04 1.240350000000e+07 4.961400000000e+07 0.000000000000e+00 0.000000000000e+00 0.000000000000e+00 1.088675004411e-04 1.122843629880e-04 1.695797028540e-03 
7.500000000000e-02 5.294553131919e-04 1.634316673261e-03 0.000000000000e+00 1.041320456752e+05 1.041320456752e+05 1.000000000000e+05 5.232788651240e-04 0.000000000000e+00 1.800000000000e+06 8.379331240379e+04 1.240350000000e+07 4.961400000000e+07 0.000000000000e+00 0.000000000000e+00 0.000000000000e+00 1.084507514783e-04 1.123144326880e-04 1.689151788549e-03 
8.000000000000e-02 5.301243136521e-04 1.693489553852e-03 0.000000000000e+00 1.045723797154e+05 1.045723797154e+05 1.000000000000e+05 5.232788651240e-04 0.000000000000e+00 1.800000000000e+06 8.364655191516e+04 1.240350000000e+07 4.961400000000e+07 0.000000000000e+00 0.000000000000e+00 0.000000000000e+00 1.082608045145e-04 1.124563491166e-04 1.685998428262e-03 
8.500000000000e-02 5.313565872762e-04 1.765673076565e-03 0.000000000000e+00 1.053798227416e+05 1.053798227416e+05 1.000000000000e+05 5.232788651240e-04 0.000000000000e+00 1.800000000000e+06 8.371137954884e+04 1.240350000000e+07 4.961400000000e+07 0.000000000000e+00 0.000000000000e+00 0.000000000000e+00 1.083447086518e-04 1.127177538273e-04 1.687077204725e-03 
9.000000000000e-02 5.331532368371e-04 1.847509490150e-03 0.000000000000e+00 1.065486909104e+05 1.065486909104e+05 1.000000000000e+05 5.232788651240e-04 0.000000000000e+00 1.800000000000e+06 8.401413739494e+04 1.240350000000e+07 4.961400000000e+07 0.000000000000e+00 0.000000000000e+00 0.000000000000e+00 1.087365575355e-04 1.130988807537e-04 1.692931097239e-03 
9.500000000000e-02 5.354856692302e-04 1.935182616132e-03 0.000000000000e+00 1.080514624034e+05 1.080514624034e+05 1.000000000000e+05 5.232788651240e-04 0.000000000000e+00 1.800000000000e+06 8.456800241801e+04 1.240350000000e+07 4.961400000000e+07 0.000000000000e+00 0.000000000000e+00 0.000000000000e+00 1.094534056495e-04 1.135936643822e-04 1.703839522170e-03 
1.000000000000e-01 5.383022467295e-04 2.024736272329e-03 0.000000000000e+00 1.098443922808e+05 1.098443922808e+05 1.000000000000e+05 5.232788651240e-04 0.000000000000e+00 1.800000000000e+06 8.537247625778e+04 1.240350000000e+07 4.961400000000e+07 0.000000000000e+00 0.000000000000e+00 0.000000000000e+00 1.104946079838e-04 1.141911506969e-04 1.719806017127e-03 
1.050000000000e-01 5.415404021000e-04 2.113058759621e-03 0.000000000000e+00 1.118767497322e+05 1.118767497322e+05 1.000000000000e+05 5.232788651240e-04 0.000000000000e+00 1.800000000000e+06 8.641465097016e+04 1.240350000000e+07 4.961400000000e+07 0.000000000000e+00 0.000000000000e+00 0.000000000000e+00 1.118434582379e-04 1.148780671825e-04 1.740581409692e-03 
1.100000000000e-01 5.451339331830e-04 2.197644066959e-03 0.000000000000e+00 1.140966282822e+05 1.140966282822e+05 1.000000000000e+05 5.232788651240e-04 0.000000000000e+00 1.800000000000e+06 8.767251098600e+04 1.240350000000e+07 4.961400000000e+07 0.000000000000e+00 0.000000000000e+00 0.000000000000e+00 1.134714624313e-04 1.156403702389e-04 1.765729710908e-03 
1.150000000000e-01 5.490146182252e-04 2.276639465586e-03 0.000000000000e+00 1.164528273585e+05 1.164528273585e+05 1.000000000000e+05 5.232788651240e-04 0.000000000000e+00 1.800000000000e+06 8.911775346769e+04 1.240350000000e+07 4.961400000000e+07 0.000000000000e+00 0.000000000000e+00 0.000000000000e+00 1.153419891919e-04 1.164635878422e-04 1.794685516005e-03 
1.200000000000e-01 5.531170918534e-04 2.348941245421e-03 0.000000000000e+00 1.188983876187e+05 1.188983876187e+05 1.000000000000e+05 5.232788651240e-04 0.000000000000e+00 1.800000000000e+06 9.071848083006e+04 1.240350000000e+07 4.961400000000e+07 0.000000000000e+00 0.000000000000e+00 0.000000000000e+00 1.174137545915e-04 1.173338538914e-04 1.826808221257e-03 
1.250000000000e-01 5.573787884141e-04 2.413804478478e-03 0.000000000000e+00 1.213907540824e+05 1.213907540824e+05 1.000000000000e+05 5.232788651240e-04 0.000000000000e+00 1.800000000000e+06 9.244161791086e+04 1.240350000000e+07 4.961400000000e+07 0.000000000000e+00 0.000000000000e+00 0.000000000000e+00 1.196439506054e-04 1.182378961812e-04 1.861431596750e-03 
1.300000000000e-01 5.617405885837e-04 2.470944661427e-03 0.000000000000e+00 1.238921670880e+05 1.238921670880e+05 1.000000000000e+05 5.232788651240e-04 0.000000000000e+00 1.800000000000e+06 9.425437207194e+04 1.240350000000e+07 4.961400000000e+07 0.000000000000e+00 0.000000000000e+00 0.000000000000e+00 1.219901348697e-04 1.191631735587e-04 1.897893717564e-03 
1.350000000000e-01 5.661486161827e-04 2.520395781354e-03 0.000000000000e+00 1.263705132283e+05 1.263705132283e+05 1.000000000000e+05 5.232788651240e-04 0.000000000000e+00 1.800000000000e+06 9.612556819690e+04 1.240350000000e+07 4.961400000000e+07 0.000000000000e+00 0.000000000000e+00 0.000000000000e+00 1.244119585224e-04 1.200982570711e-04 1.935564102619e-03 
1.400000000000e-01 5.705538788810e-04 2.562396245284e-03 0.000000000000e+00 1.287987833074e+05 1.287987833074e+05 1.000000000000e+05 5.232788651240e-04 0.000000000000e+00 1.800000000000e+06 9.802651402786e+04 1.240350000000e+07 4.961400000000e+07 0.000000000000e+00 0.000000000000e+00 0.000000000000e+00 1.268722861783e-04 1.210327550367e-04 1.973861671959e-03 
1.450000000000e-01 5.749127170918e-04 2.597367160800e-03 0.000000000000e+00 1.311549303408e+05 1.311549303408e+05 1.000000000000e+05 5.232788651240e-04 0.000000000000e+00 1.800000000000e+06 9.993148199851e+04 1.240350000000e+07 4.961400000000e+07 0.000000000000e+00 0.000000000000e+00 0.000000000000e+00 1.293378195488e-04 1.219574042538e-04 2.012264701317e-03 
1.500000000000e-01 5.791872082643e-04 2.625847731895e-03 0.000000000000e+00 1.334216519089e+05 1.334216519089e+05 1.000000000000e+05 5.232788651240e-04 0.000000000000e+00 1.800000000000e+06 1.018180211629e+05 1.240350000000e+07 4.961400000000e+07 0.000000000000e+00 0.000000000000e+00 0.000000000000e+00 1.317795011604e-04 1.228641607621e-04 2.050317296662e-03 
1.550000000000e-01 5.833450345160e-04 2.648441177744e-03 0.000000000000e+00 1.355858748691e+05 1.355858748691e+05 1.000000000000e+05 5.232788651240e-04 0.000000000000e+00 1.800000000000e+06 1.036670561035e+05 1.240350000000e+07 4.961400000000e+07 0.000000000000e+00 0.000000000000e+00 0.000000000000e+00 1.341726423679e-04 1.237461689033e-04 2.087631590401e-03 
1.600000000000e-01 5.873591250476e-04 2.665767820942e-03 0.000000000000e+00 1.376381568409e+05 1.376381568409e+05 1.000000000000e+05 5.232788651240e-04 0.000000000000e+00 1.800000000000e+06 1.054628099328e+05 1.240350000000e+07 4.961400000000e+07 0.000000000000e+00 0.000000000000e+00 0.000000000000e+00 1.364968236976e-04 1.245976860939e-04 2.123886348861e-03 
1.650000000000e-01 5.912073299322e-04 2.678443487685e-03 0.000000000000e+00 1.395721567759e+05 1.395721567759e+05 1.000000000000e+05 5.232788651240e-04 0.000000000000e+00 1.800000000000e+06 1.071926012312e+05 1.240350000000e+07 4.961400000000e+07 0.000000000000e+00 0.000000000000e+00 0.000000000000e+00 1.387356320326e-04 1.254140136247e-04 2.158822968897e-03 
1.700000000000e-01 5.948721081746e-04 2.687059660495e-03 0.000000000000e+00 1.413841678678e+05 1.413841678678e+05 1.000000000000e+05 5.232788651240e-04 0.000000000000e+00 1.800000000000e+06 1.088465823865e+05 1.240350000000e+07 4.961400000000e+07 0.000000000000e+00 0.000000000000e+00 0.000000000000e+00 1.408763219525e-04 1.261914304887e-04 2.192240248479e-03 
1.750000000000e-01 5.983403316554e-04 2.692185066444e-03 0.000000000000e+00 1.430727611143e+05 1.430727611143e+05 1.000000000000e+05 5.232788651240e-04 0.000000000000e+00 1.800000000000e+06 1.104174513788e+05 1.240350000000e+07 4.961400000000e+07 0.000000000000e+00 0.000000000000e+00 0.000000000000e+00 1.429094427088e-04 1.269271517913e-04 2.223988578431e-03 
1.800000000000e-01 6.016029217135e-04 2.694344806633e-03 0.000000000000e+00 1.446383966542e+05 1.446383966542e+05 1.000000000000e+05 5.232788651240e-04 0.000000000000e+00 1.800000000000e+06 1.119001700324e+05 1.240350000000e+07 4.961400000000e+07 0.000000000000e+00 0.000000000000e+00 0.000000000000e+00 1.448284735669e-04 1.276192516575e-04 2.253964273331e-03 
1.850000000000e-01 6.046537376886e-04 2.693972400428e-03 0.000000000000e+00 1.460827342568e+05 1.460827342568e+05 1.000000000000e+05 5.232788651240e-04 0.000000000000e+00 1.800000000000e+06 1.132916339500e+05 1.240350000000e+07 4.961400000000e+07 0.000000000000e+00 0.000000000000e+00 0.000000000000e+00 1.466293966143e-04 1.282664274568e-04 2.282103004190e-03 
1.900000000000e-01 6.074881247669e-04 2.691383490644e-03 0.000000000000e+00 1.474078562028e+05 1.474078562028e+05 1.000000000000e+05 5.232788651240e-04 0.000000000000e+00 1.800000000000e+06 1.145902476848e+05 1.240350000000e+07 4.961400000000e+07 0.000000000000e+00 0.000000000000e+00 0.000000000000e+00 1.483101469198e-04 1.288676917538e-04 2.308371315664e-03 
1.950000000000e-01 6.101017764318e-04 2.686777866071e-03 0.000000000000e+00 1.486157019470e+05 1.486157019470e+05 1.000000000000e+05 5.232788651240e-04 0.000000000000e+00 1.800000000000e+06 1.157954617982e+05 1.240350000000e+07 4.961400000000e+07 0.000000000000e+00 0.000000000000e+00 0.000000000000e+00 1.498700133642e-04 1.294221309986e-04 2.332757293618e-03 
2.000000000000e-01 6.124910973202e-04 2.680332537768e-03 0.000000000000e+00 1.497082270348e+05 1.497082270348e+05 1.000000000000e+05 5.232788651240e-04 0.000000000000e+00 1.800000000000e+06 1.169073949297e+05 1.240350000000e+07 4.961400000000e+07 0.000000000000e+00 0.000000000000e+00 0.000000000000e+00 1.513091494987e-04 1.299289824993e-04 2.355262756125e-03 
2.050000000000e-01 6.146439080713e-04 2.672244405338e-03 0.000000000000e+00 1.506901939908e+05 1.506901939908e+05 1.000069939939e+05 5.232788651240e-04 6.993993912860e+00 1.800000000000e+06 1.179273249709e+05 1.240350000000e+07 4.961400000000e+07 0.000000000000e+00 0.000000000000e+00 0.000000000000e+00 1.526292092534e-04 1.303856626234e-04 2.375912434580e-03 
2.100000000000e-01 6.165780265449e-04 2.662631629045e-03 0.000000000000e+00 1.515586092361e+05 1.515586092361e+05 1.000069939939e+05 5.232788651240e-04 6.993993912860e+00 1.800000000000e+06 1.188553409576e+05 1.240350000000e+07 4.961400000000e+07 0.000000000000e+00 0.000000000000e+00 0.000000000000e+00 1.538303078645e-04 1.307959511098e-04 2.394709174680e-03 
2.150000000000e-01 6.182876187420e-04 2.651662753340e-03 0.000000000000e+00 1.523203518226e+05 1.523203518226e+05 1.000069939939e+05 5.232788651240e-04 6.993993912860e+00 1.800000000000e+06 1.196930619100e+05 1.240350000000e+07 4.961400000000e+07 0.000000000000e+00 0.000000000000e+00 0.000000000000e+00 1.549145407730e-04 1.311586103805e-04 2.411684010327e-03 
2.200000000000e-01 6.197744785205e-04 2.639506822355e-03 0.000000000000e+00 1.529784212449e+05 1.529784212449e+05 1.000069939939e+05 5.232788651240e-04 6.993993912860e+00 1.800000000000e+06 1.204424909945e+05 1.240350000000e+07 4.961400000000e+07 0.000000000000e+00 0.000000000000e+00 0.000000000000e+00 1.558845006070e-04 1.314740209700e-04 2.426877171967e-03 
2.250000000000e-01 6.210415560165e-04 2.626266348488e-03 0.000000000000e+00 1.535359904699e+05 1.535359904699e+05 1.000069939939e+05 5.232788651240e-04 6.993993912860e+00 1.800000000000e+06 1.211057902133e+05 1.240350000000e+07 4.961400000000e+07 0.000000000000e+00 0.000000000000e+00 0.000000000000e+00 1.567429855704e-04 1.317428086968e-04 2.440332086513e-03 
2.300000000000e-01 6.220923586749e-04 2.612010676203e-03 0.000000000000e+00 1.539961524530e+05 1.539961524530e+05 1.000069939939e+05 5.232788651240e-04 6.993993912860e+00 1.800000000000e+06 1.216852406808e+05 1.240350000000e+07 4.961400000000e+07 0.000000000000e+00 0.000000000000e+00 0.000000000000e+00 1.574929480297e-04 1.319657176023e-04 2.452094651534e-03 
2.350000000000e-01 6.229307444740e-04 2.596800271543e-03 0.000000000000e+00 1.543618475412e+05 1.543618475412e+05 1.000069939939e+05 5.232788651240e-04 6.993993912860e+00 1.800000000000e+06 1.221831619840e+05 1.240350000000e+07 4.961400000000e+07 0.000000000000e+00 0.000000000000e+00 0.000000000000e+00 1.581373901452e-04 1.321435660874e-04 2.462211605403e-03 
2.400000000000e-01 6.235622283129e-04 2.580771737496e-03 0.000000000000e+00 1.546364503374e+05 1.546364503374e+05 1.000069939939e+05 5.232788651240e-04 6.993993912860e+00 1.800000000000e+06 1.226019236820e+05 1.240350000000e+07 4.961400000000e+07 0.000000000000e+00 0.000000000000e+00 0.000000000000e+00 1.586793787543e-04 1.322775240387e-04 2.470730583350e-03 
2.450000000000e-01 6.239953240020e-04 2.564140055738e-03 0.000000000000e+00 1.548243656733e+05 1.548243656733e+05 1.000069939939e+05 5.232788651240e-04 6.993993912860e+00 1.800000000000e+06 1.229441380247e+05 1.240350000000e+07 4.961400000000e+07 0.000000000000e+00 0.000000000000e+00 0.000000000000e+00 1.591222948006e-04 1.323693975083e-04 2.477703882887e-03 
2.500000000000e-01 6.242408431499e-04 2.547107843166e-03 0.000000000000e+00 1.549307430634e+05 1.549307430634e+05 1.000069939939e+05 5.232788651240e-04 6.993993912860e+00 1.800000000000e+06 1.232128331104e+05 1.240350000000e+07 4.961400000000e+07 0.000000000000e+00 0.000000000000e+00 0.000000000000e+00 1.594700574456e-04 1.324214799846e-04 2.483192104509e-03 
2.550000000000e-01 6.243112555004e-04 2.529891901537e-03 0.000000000000e+00 1.549612309174e+05 1.549612309174e+05 1.000069939939e+05 5.232788651240e-04 6.993993912860e+00 1.800000000000e+06 1.234114555031e+05 1.240350000000e+07 4.961400000000e+07 0.000000000000e+00 0.000000000000e+00 0.000000000000e+00 1.597271274567e-04 1.324364166997e-04 2.487264292600e-03 
2.600000000000e-01 6.242207074423e-04 2.512509650631e-03 0.000000000000e+00 1.549220228553e+05 1.549220228553e+05 1.000069939939e+05 5.232788651240e-04 6.993993912860e+00 1.800000000000e+06 1.235437709367e+05 1.240350000000e+07 4.961400000000e+07 0.000000000000e+00 0.000000000000e+00 0.000000000000e+00 1.598983786913e-04 1.324172085560e-04 2.489996135246e-03 
2.650000000000e-01 6.239840229316e-04 2.495372913659e-03 0.000000000000e+00 1.548194665769e+05 1.548194665769e+05 1.000069939939e+05 5.232788651240e-04 6.993993912860e+00 1.800000000000e+06 1.236139550050e+05 1.240350000000e+07 4.961400000000e+07 0.000000000000e+00 0.000000000000e+00 0.000000000000e+00 1.599892154745e-04 1.323670001892e-04 2.491471164465e-03 
2.700000000000e-01 6.236187383892e-04 2.478782192340e-03 0.000000000000e+00 1.546609886792e+05 1.546609886792e+05 1.000069939939e+05 5.232788651240e-04 6.993993912860e+00 1.800000000000e+06 1.236267424566e+05 1.240350000000e+07 4.961400000000e+07 0.000000000000e+00 0.000000000000e+00 0.000000000000e+00 1.600057658255e-04 1.322895116362e-04 2.491784320986e-03 
2.750000000000e-01 6.231446070549e-04 2.463030790323e-03 0.000000000000e+00 1.544549274207e+05 1.544549274207e+05 1.000069939939e+05 5.232788651240e-04 6.993993912860e+00 1.800000000000e+06 1.235873923461e+05 1.240350000000e+07 4.961400000000e+07 0.000000000000e+00 0.000000000000e+00 0.000000000000e+00 1.599548363548e-04 1.321889331917e-04 2.491041044309e-03 
2.800000000000e-01 6.225828700817e-04 2.448399581301e-03 0.000000000000e+00 1.542102637798e+05 1.542102637798e+05 1.000069939939e+05 5.232788651240e-04 6.993993912860e+00 1.800000000000e+06 1.235017196873e+05 1.240350000000e+07 4.961400000000e+07 0.000000000000e+00 0.000000000000e+00 0.000000000000e+00 1.598439532311e-04 1.320697707849e-04 2.489357995010e-03 
2.850000000000e-01 6.219546585835e-04 2.435081103443e-03 0.000000000000e+00 1.539359665759e+05 1.539359665759e+05 1.000069939939e+05 5.232788651240e-04 6.993993912860e+00 1.800000000000e+06 1.233760026302e+05 1.240350000000e+07 4.961400000000e+07 0.000000000000e+00 0.000000000000e+00 0.000000000000e+00 1.596812420442e-04 1.319365070018e-04 2.486861352740e-03 
2.900000000000e-01 6.212797357739e-04 2.423196388253e-03 0.000000000000e+00 1.536404701765e+05 1.536404701765e+05 1.000069939939e+05 5.232788651240e-04 6.993993912860e+00 1.800000000000e+06 1.232167385914e+05 1.240350000000e+07 4.961400000000e+07 0.000000000000e+00 0.000000000000e+00 0.000000000000e+00 1.594751121730e-04 1.317933342532e-04 2.483681974134e-03 
2.950000000000e-01 6.205757130066e-04 2.412774717049e-03 0.000000000000e+00 1.533313430073e+05 1.533313430073e+05 1.000069939939e+05 5.232788651240e-04 6.993993912860e+00 1.800000000000e+06 1.230303942906e+05 1.240350000000e+07 4.961400000000e+07 0.000000000000e+00 0.000000000000e+00 0.000000000000e+00 1.592339332665e-04 1.316439884714e-04 2.479950358968e-03 
3.000000000000e-01 6.198578862846e-04 2.403804647715e-03 0.000000000000e+00 1.530152153262e+05 1.530152153262e+05 1.000069939939e+05 5.232788651240e-04 6.993993912860e+00 1.800000000000e+06 1.228231647405e+05 1.240350000000e+07 4.961400000000e+07 0.000000000000e+00 0.000000000000e+00 0.000000000000e+00 1.589657233128e-04 1.314917144286e-04 2.475791723056e-03 
3.050000000000e-01 6.191385781193e-04 2.396233425506e-03 0.000000000000e+00 1.526979943397e+05 1.526979943397e+05 1.000075082134e+05 5.232788651240e-04 7.508213405074e+00 1.800000000000e+06 1.226008796295e+05 1.240350000000e+07 4.961400000000e+07 0.000000000000e+00 0.000000000000e+00 0.000000000000e+00 1.586780274736e-04 1.313391261243e-04 2.471324002775e-03 
3.100000000000e-01 6.184302683007e-04 2.389979658738e-03 0.000000000000e+00 1.523841794740e+05 1.523841794740e+05 1.000075082134e+05 5.232788651240e-04 7.508213405074e+00 1.800000000000e+06 1.223687388096e+05 1.240350000000e+07 4.961400000000e+07 0.000000000000e+00 0.000000000000e+00 0.000000000000e+00 1.583775757355e-04 1.311888709215e-04 2.466652640247e-03 
3.150000000000e-01 6.177411847947e-04 2.384927217209e-03 0.000000000000e+00 1.520779862542e+05 1.520779862542e+05 1.000075082134e+05 5.232788651240e-04 7.508213405074e+00 1.800000000000e+06 1.221314641352e+05 1.240350000000e+07 4.961400000000e+07 0.000000000000e+00 0.000000000000e+00 0.000000000000e+00 1.580704794289e-04 1.310426942356e-04 2.461873338894e-03 
3.200000000000e-01 6.170776066965e-04 2.380932378262e-03 0.000000000000e+00 1.517822875087e+05 1.517822875087e+05 1.000075082134e+05 5.232788651240e-04 7.508213405074e+00 1.800000000000e+06 1.218931200472e+05 1.240350000000e+07 4.961400000000e+07 0.000000000000e+00 0.000000000000e+00 0.000000000000e+00 1.577619990179e-04 1.309019280637e-04 2.457068720221e-03 
3.250000000000e-01 6.164439123082e-04 2.377848454047e-03 0.000000000000e+00 1.514991343220e+05 1.514991343220e+05 1.000075082134e+05 5.232788651240e-04 7.508213405074e+00 1.800000000000e+06 1.216570795433e+05 1.240350000000e+07 4.961400000000e+07 0.000000000000e+00 0.000000000000e+00 0.000000000000e+00 1.574565000552e-04 1.307675011840e-04 2.452307456227e-03 
3.300000000000e-01 6.158428407967e-04 2.375528468025e-03 0.000000000000e+00 1.512298595291e+05 1.512298595291e+05 1.000075082134e+05 5.232788651240e-04 7.508213405074e+00 1.800000000000e+06 1.214260515792e+05 1.240350000000e+07 4.961400000000e+07 0.000000000000e+00 0.000000000000e+00 0.000000000000e+00 1.571574886471e-04 1.306399946615e-04 2.447644799329e-03 
3.350000000000e-01 6.152757188437e-04 2.373831181726e-03 0.000000000000e+00 1.509751683261e+05 1.509751683261e+05 1.000075082134e+05 5.232788651240e-04 7.508213405074e+00 1.800000000000e+06 1.212021218730e+05 1.240350000000e+07 4.961400000000e+07 0.000000000000e+00 0.000000000000e+00 0.000000000000e+00 1.568676642660e-04 1.305196899279e-04 2.443123392420e-03 
3.400000000000e-01 6.147425655064e-04 2.372613613628e-03 0.000000000000e+00 1.507351766638e+05 1.507351766638e+05 1.000075082134e+05 5.232788651240e-04 7.508213405074e+00 1.800000000000e+06 1.209868005755e+05 1.240350000000e+07 4.961400000000e+07 0.000000000000e+00 0.000000000000e+00 0.000000000000e+00 1.565889814469e-04 1.304065910258e-04 2.438774235757e-03 
3.450000000000e-01 6.142422146101e-04 2.371738224146e-03 0.000000000000e+00 1.505094594016e+05 1.505094594016e+05 1.000075082134e+05 5.232788651240e-04 7.508213405074e+00 1.800000000000e+06 1.207810599076e+05 1.240350000000e+07 4.961400000000e+07 0.000000000000e+00 0.000000000000e+00 0.000000000000e+00 1.563226985014e-04 1.303004505723e-04 2.434617445941e-03 
3.500000000000e-01 6.137725502577e-04 2.371076494793e-03 0.000000000000e+00 1.502971514857e+05 1.502971514857e+05 1.000075082134e+05 5.232788651240e-04 7.508213405074e+00 1.800000000000e+06 1.205853827848e+05 1.240350000000e+07 4.961400000000e+07 0.000000000000e+00 0.000000000000e+00 0.000000000000e+00 1.560694404500e-04 1.302008197178e-04 2.430663222984e-03 
3.550000000000e-01 6.133306888389e-04 2.370509219992e-03 0.000000000000e+00 1.500970270706e+05 1.500970270706e+05 1.000075082134e+05 5.232788651240e-04 7.508213405074e+00 1.800000000000e+06 1.203998191379e+05 1.240350000000e+07 4.961400000000e+07 0.000000000000e+00 0.000000000000e+00 0.000000000000e+00 1.558292719165e-04 1.301070867562e-04 2.426912982570e-03 
3.600000000000e-01 6.129131294497e-04 2.369927304350e-03 0.000000000000e+00 1.499075658523e+05 1.499075658523e+05 1.000075082134e+05 5.232788651240e-04 7.508213405074e+00 1.800000000000e+06 1.202240420151e+05 1.240350000000e+07 4.961400000000e+07 0.000000000000e+00 0.000000000000e+00 0.000000000000e+00 1.556017697387e-04 1.300185090335e-04 2.423360488064e-03 
3.650000000000e-01 6.125161125660e-04 2.369248235363e-03 0.000000000000e+00 1.497271152275e+05 1.497271152275e+05 1.000075082134e+05 5.232788651240e-04 7.508213405074e+00 1.800000000000e+06 1.200574123009e+05 1.240350000000e+07 4.961400000000e+07 0.000000000000e+00 0.000000000000e+00 0.000000000000e+00 1.553861067316e-04 1.299342890343e-04 2.419993129941e-03 
3.700000000000e-01 6.121357950094e-04 2.368401031123e-03 0.000000000000e+00 1.495539704839e+05 1.495539704839e+05 1.000075082134e+05 5.232788651240e-04 7.508213405074e+00 1.800000000000e+06 1.198990635401e+05 1.240350000000e+07 4.961400000000e+07 0.000000000000e+00 0.000000000000e+00 0.000000000000e+00 1.551811614727e-04 1.298536114973e-04 2.416793642131e-03 
3.750000000000e-01 6.117677945952e-04 2.367292752795e-03 0.000000000000e+00 1.493861679721e+05 1.493861679721e+05 1.000075082134e+05 5.232788651240e-04 7.508213405074e+00 1.800000000000e+06 1.197479390959e+05 1.240350000000e+07 4.961400000000e+07 0.000000000000e+00 0.000000000000e+00 0.000000000000e+00 1.549855663939e-04 1.297755468208e-04 2.413740930386e-03 
3.800000000000e-01 6.114068356103e-04 2.365813495055e-03 0.000000000000e+00 1.492213222252e+05 1.492213222252e+05 1.000075082134e+05 5.232788651240e-04 7.508213405074e+00 1.800000000000e+06 1.196027567324e+05 1.240350000000e+07 4.961400000000e+07 0.000000000000e+00 0.000000000000e+00 0.000000000000e+00 1.547976619422e-04 1.296989758570e-04 2.410809397959e-03 
3.850000000000e-01 6.110467096792e-04 2.363838086551e-03 0.000000000000e+00 1.490566057322e+05 1.490566057322e+05 1.000075082134e+05 5.232788651240e-04 7.508213405074e+00 1.800000000000e+06 1.194619696095e+05 1.240350000000e+07 4.961400000000e+07 0.000000000000e+00 0.000000000000e+00 0.000000000000e+00 1.546154460966e-04 1.296225816106e-04 2.407968150218e-03 
3.900000000000e-01 6.106798914959e-04 2.361201291361e-03 0.000000000000e+00 1.488885698472e+05 1.488885698472e+05 1.000075082134e+05 5.232788651240e-04 7.508213405074e+00 1.800000000000e+06 1.193237187083e+05 1.240350000000e+07 4.961400000000e+07 0.000000000000e+00 0.000000000000e+00 0.000000000000e+00 1.544365127939e-04 1.295447677232e-04 2.405180072391e-03 
3.950000000000e-01 6.102965620398e-04 2.357657902138e-03 0.000000000000e+00 1.487126910372e+05 1.487126910372e+05 1.000075082134e+05 5.232788651240e-04 7.508213405074e+00 1.800000000000e+06 1.191857149121e+05 1.240350000000e+07 4.961400000000e+07 0.000000000000e+00 0.000000000000e+00 0.000000000000e+00 1.542578993107e-04 1.294634512658e-04 2.402399549251e-03 
4.000000000000e-01 6.098819398365e-04 2.352746304093e-03 0.000000000000e+00 1.485221325219e+05 1.485221325219e+05 1.000075082134e+05 5.232788651240e-04 7.508213405074e+00 1.800000000000e+06 1.190449527392e+05 1.240350000000e+07 4.961400000000e+07 0.000000000000e+00 0.000000000000e+00 0.000000000000e+00 1.540757157570e-04 1.293754966144e-04 2.399566969700e-03 
4.050000000000e-01 6.094123173893e-04 2.345759485003e-03 0.000000000000e+00 1.483063381735e+05 1.483063381735e+05 1.000079553388e+05 5.232788651240e-04 7.955338845511e+00 1.800000000000e+06 1.188971329850e+05 1.240350000000e+07 4.961400000000e+07 0.000000000000e+00 0.000000000000e+00 0.000000000000e+00 1.538843978228e-04 1.292758746493e-04 2.396597312305e-03 
4.100000000000e-01 6.088558600787e-04 2.335643285260e-03 0.000000000000e+00 1.480495544261e+05 1.480495544261e+05 1.000079553388e+05 5.232788651240e-04 7.955338845511e+00 1.800000000000e+06 1.187359066747e+05 1.240350000000e+07 4.961400000000e+07 0.000000000000e+00 0.000000000000e+00 0.000000000000e+00 1.536757282524e-04 1.291578322280e-04 2.393365071589e-03 
4.150000000000e-01 6.081672196195e-04 2.321241891852e-03 0.000000000000e+00 1.477309319519e+05 1.477309319519e+05 1.000079553388e+05 5.232788651240e-04 7.955338845511e+00 1.800000000000e+06 1.185521699586e+05 1.240350000000e+07 4.961400000000e+07 0.000000000000e+00 0.000000000000e+00 0.000000000000e+00 1.534379242514e-04 1.290117495264e-04 2.389689750804e-03 
4.200000000000e-01 6.072917786305e-04 2.301207847913e-03 0.000000000000e+00 1.473245313069e+05 1.473245313069e+05 1.000079553388e+05 5.232788651240e-04 7.955338845511e+00 1.800000000000e+06 1.183336562000e+05 1.240350000000e+07 4.961400000000e+07 0.000000000000e+00 0.000000000000e+00 0.000000000000e+00 1.531551095416e-04 1.288260404485e-04 2.385327461793e-03 
4.250000000000e-01 6.061735722628e-04 2.274724258674e-03 0.000000000000e+00 1.468032265554e+05 1.468032265554e+05 1.000079553388e+05 5.232788651240e-04 7.955338845511e+00 1.800000000000e+06 1.180650201606e+05 1.240350000000e+07 4.961400000000e+07 0.000000000000e+00 0.000000000000e+00 0.000000000000e+00 1.528074233181e-04 1.285888330569e-04 2.379971454330e-03 
4.300000000000e-01 6.047704782971e-04 2.241933911894e-03 0.000000000000e+00 1.461455844873e+05 1.461455844873e+05 1.000079553388e+05 5.232788651240e-04 7.955338845511e+00 1.800000000000e+06 1.177295382086e+05 1.240350000000e+07 4.961400000000e+07 0.000000000000e+00 0.000000000000e+00 0.000000000000e+00 1.523732207696e-04 1.282911918796e-04 2.373284769263e-03 
4.350000000000e-01 6.030691084765e-04 2.204357298763e-03 0.000000000000e+00 1.453428362345e+05 1.453428362345e+05 1.000079553388e+05 5.232788651240e-04 7.955338845511e+00 1.800000000000e+06 1.173121390804e+05 1.240350000000e+07 4.961400000000e+07 0.000000000000e+00 0.000000000000e+00 0.000000000000e+00 1.518329956870e-04 1.279302768383e-04 2.364960334507e-03 
4.400000000000e-01 6.011060303998e-04 2.164902205347e-03 0.000000000000e+00 1.444093190993e+05 1.444093190993e+05 1.000079553388e+05 5.232788651240e-04 7.955338845511e+00 1.800000000000e+06 1.168032266749e+05 1.240350000000e+07 4.961400000000e+07 0.000000000000e+00 0.000000000000e+00 0.000000000000e+00 1.511743281723e-04 1.275138450923e-04 2.354796813301e-03 
4.450000000000e-01 5.989654912444e-04 2.127578311276e-03 0.000000000000e+00 1.433824167938e+05 1.433824167938e+05 1.000079553388e+05 5.232788651240e-04 7.955338845511e+00 1.800000000000e+06 1.162032998475e+05 1.240350000000e+07 4.961400000000e+07 0.000000000000e+00 0.000000000000e+00 0.000000000000e+00 1.503978638771e-04 1.270597681667e-04 2.342792634181e-03 
4.500000000000e-01 5.967628527049e-04 2.096081973222e-03 0.000000000000e+00 1.423158106012e+05 1.423158106012e+05 1.000079553388e+05 5.232788651240e-04 7.955338845511e+00 1.800000000000e+06 1.155248431499e+05 1.240350000000e+07 4.961400000000e+07 0.000000000000e+00 0.000000000000e+00 0.000000000000e+00 1.495197611195e-04 1.265925179724e-04 2.329187457319e-03 
4.550000000000e-01 5.946180947143e-04 2.073056338353e-03 0.000000000000e+00 1.412674540315e+05 1.412674540315e+05 1.000079553388e+05 5.232788651240e-04 7.955338845511e+00 1.800000000000e+06 1.147910609751e+05 1.240350000000e+07 4.961400000000e+07 0.000000000000e+00 0.000000000000e+00 0.000000000000e+00 1.485700525330e-04 1.261375460966e-04 2.314439744524e-03 
4.600000000000e-01 5.926275073122e-04 2.059238743115e-03 0.000000000000e+00 1.402857204224e+05 1.402857204224e+05 1.000079553388e+05 5.232788651240e-04 7.955338845511e+00 1.800000000000e+06 1.140316495826e+05 1.240350000000e+07 4.961400000000e+07 0.000000000000e+00 0.000000000000e+00 0.000000000000e+00 1.475871729471e-04 1.257152787414e-04 2.299144315683e-03 
4.650000000000e-01 5.908507364651e-04 2.053977155059e-03 0.000000000000e+00 1.394022561699e+05 1.394022561699e+05 1.000079553388e+05 5.232788651240e-04 7.955338845511e+00 1.800000000000e+06 1.132769735850e+05 1.240350000000e+07 4.961400000000e+07 0.000000000000e+00 0.000000000000e+00 0.000000000000e+00 1.466104222169e-04 1.253383687271e-04 2.283915021475e-03 
4.700000000000e-01 5.893148075522e-04 2.055719754082e-03 0.000000000000e+00 1.386330317252e+05 1.386330317252e+05 1.000079553388e+05 5.232788651240e-04 7.955338845511e+00 1.800000000000e+06 1.125534893104e+05 1.240350000000e+07 4.961400000000e+07 0.000000000000e+00 0.000000000000e+00 0.000000000000e+00 1.456740418423e-04 1.250125490021e-04 2.269290522838e-03 
4.750000000000e-01 5.880200914364e-04 2.062681182598e-03 0.000000000000e+00 1.379806052484e+05 1.379806052484e+05 1.000079553388e+05 5.232788651240e-04 7.955338845511e+00 1.800000000000e+06 1.118813493754e+05 1.240350000000e+07 4.961400000000e+07 0.000000000000e+00 0.000000000000e+00 0.000000000000e+00 1.448041146494e-04 1.247378982386e-04 2.255683947827e-03 
4.800000000000e-01 5.869489034514e-04 2.072856388776e-03 0.000000000000e+00 1.374380270003e+05 1.374380270003e+05 1.000079553388e+05 5.232788651240e-04 7.955338845511e+00 1.800000000000e+06 1.112735385143e+05 1.240350000000e+07 4.961400000000e+07 0.000000000000e+00 0.000000000000e+00 0.000000000000e+00 1.440174463252e-04 1.245106649521e-04 2.243364433210e-03 
4.850000000000e-01 5.860736103340e-04 2.084524653065e-03 0.000000000000e+00 1.369927857074e+05 1.369927857074e+05 1.000079553388e+05 5.232788651240e-04 7.955338845511e+00 1.800000000000e+06 1.107360081910e+05 1.240350000000e+07 4.961400000000e+07 0.000000000000e+00 0.000000000000e+00 0.000000000000e+00 1.433217396413e-04 1.243249872425e-04 2.232458374569e-03 
4.900000000000e-01 5.853633133845e-04 2.096442856400e-03 0.000000000000e+00 1.366302199834e+05 1.366302199834e+05 1.000079553388e+05 5.232788651240e-04 7.955338845511e+00 1.800000000000e+06 1.102691722696e+05 1.240350000000e+07 4.961400000000e+07 0.000000000000e+00 0.000000000000e+00 0.000000000000e+00 1.427175302475e-04 1.241743105056e-04 2.222978946002e-03 
4.950000000000e-01 5.847873477418e-04 2.107719060575e-03 0.000000000000e+00 1.363353942939e+05 1.363353942939e+05 1.000079553388e+05 5.232788651240e-04 7.955338845511e+00 1.800000000000e+06 1.098694485827e+05 1.240350000000e+07 4.961400000000e+07 0.000000000000e+00 0.000000000000e+00 0.000000000000e+00 1.422001818699e-04 1.240521297421e-04 2.214857280325e-03 
5.000000000000e-01 5.843177106618e-04 2.117819181410e-03 0.000000000000e+00 1.360944452430e+05 1.360944452430e+05 1.000079553388e+05 5.232788651240e-04 7.955338845511e+00 1.800000000000e+06 1.095306642140e+05 1.240350000000e+07 4.961400000000e+07 0.000000000000e+00 0.000000000000e+00 0.000000000000e+00 1.417617051189e-04 1.239525046729e-04 2.207970926429e-03 
5.050000000000e-01 5.839319886613e-04 2.126364683605e-03 0.000000000000e+00 1.358941272754e+05 1.358941272754e+05 1.000059046251e+05 5.232788651240e-04 5.904625108735e+00 1.800000000000e+06 1.092450722238e+05 1.240350000000e+07 4.961400000000e+07 0.000000000000e+00 0.000000000000e+00 0.000000000000e+00 1.413920734018e-04 1.238706806802e-04 2.202164879750e-03 
5.100000000000e-01 5.836047172743e-04 2.133382191665e-03 0.000000000000e+00 1.357256414858e+05 1.357256414858e+05 1.000059046251e+05 5.232788651240e-04 5.904625108735e+00 1.800000000000e+06 1.090048420657e+05 1.240350000000e+07 4.961400000000e+07 0.000000000000e+00 0.000000000000e+00 0.000000000000e+00 1.410811519161e-04 1.238012559351e-04 2.197281010270e-03 
5.150000000000e-01 5.833199656150e-04 2.138717825227e-03 0.000000000000e+00 1.355788488348e+05 1.355788488348e+05 1.000059046251e+05 5.232788651240e-04 5.904625108735e+00 1.800000000000e+06 1.088020194503e+05 1.240350000000e+07 4.961400000000e+07 0.000000000000e+00 0.000000000000e+00 0.000000000000e+00 1.408186457038e-04 1.237408509864e-04 2.193159055253e-03 
5.200000000000e-01 5.830623118866e-04 2.142456344620e-03 0.000000000000e+00 1.354458673442e+05 1.354458673442e+05 1.000059046251e+05 5.232788651240e-04 5.904625108735e+00 1.800000000000e+06 1.086289501223e+05 1.240350000000e+07 4.961400000000e+07 0.000000000000e+00 0.000000000000e+00 0.000000000000e+00 1.405946481300e-04 1.236861943768e-04 2.189644214027e-03 
5.250000000000e-01 5.828210718466e-04 2.144821944499e-03 0.000000000000e+00 1.353212209880e+05 1.353212209880e+05 1.000059046251e+05 5.232788651240e-04 5.904625108735e+00 1.800000000000e+06 1.084787523192e+05 1.240350000000e+07 4.961400000000e+07 0.000000000000e+00 0.000000000000e+00 0.000000000000e+00 1.404002523704e-04 1.236350196363e-04 2.186596796835e-03 
5.300000000000e-01 5.825883263023e-04 2.145983421550e-03 0.000000000000e+00 1.352008384734e+05 1.352008384734e+05 1.000059046251e+05 5.232788651240e-04 5.904625108735e+00 1.800000000000e+06 1.083455941530e+05 1.240350000000e+07 4.961400000000e+07 0.000000000000e+00 0.000000000000e+00 0.000000000000e+00 1.402279104164e-04 1.235856468505e-04 2.183898234535e-03 
5.350000000000e-01 5.823574258999e-04 2.146093144313e-03 0.000000000000e+00 1.350812886754e+05 1.350812886754e+05 1.000059046251e+05 5.232788651240e-04 5.904625108735e+00 1.800000000000e+06 1.082245637459e+05 1.240350000000e+07 4.961400000000e+07 0.000000000000e+00 0.000000000000e+00 0.000000000000e+00 1.400712649966e-04 1.235366654785e-04 2.181448665398e-03 
5.400000000000e-01 5.821230839851e-04 2.145292499559e-03 0.000000000000e+00 1.349598329725e+05 1.349598329725e+05 1.000059046251e+05 5.232788651240e-04 5.904625108735e+00 1.800000000000e+06 1.081115495811e+05 1.240350000000e+07 4.961400000000e+07 0.000000000000e+00 0.000000000000e+00 0.000000000000e+00 1.399249947185e-04 1.234869540513e-04 2.179164457365e-03 
5.450000000000e-01 5.818810675905e-04 2.143698520608e-03 0.000000000000e+00 1.348342683628e+05 1.348342683628e+05 1.000059046251e+05 5.232788651240e-04 5.904625108735e+00 1.800000000000e+06 1.080031429734e+05 1.240350000000e+07 4.961400000000e+07 0.000000000000e+00 0.000000000000e+00 0.000000000000e+00 1.397846878404e-04 1.234356146212e-04 2.176976252355e-03 
5.500000000000e-01 5.816288166043e-04 2.141480246178e-03 0.000000000000e+00 1.347032515280e+05 1.347032515280e+05 1.000059046251e+05 5.232788651240e-04 5.904625108735e+00 1.800000000000e+06 1.078965716733e+05 1.240350000000e+07 4.961400000000e+07 0.000000000000e+00 0.000000000000e+00 0.000000000000e+00 1.396467563368e-04 1.233821041063e-04 2.174827504206e-03 
5.550000000000e-01 5.813651284665e-04 2.138768861289e-03 0.000000000000e+00 1.345661389047e+05 1.345661389047e+05 1.000059046251e+05 5.232788651240e-04 5.904625108735e+00 1.800000000000e+06 1.077897323305e+05 1.240350000000e+07 4.961400000000e+07 0.000000000000e+00 0.000000000000e+00 0.000000000000e+00 1.395084779147e-04 1.233261674052e-04 2.172675186819e-03 
5.600000000000e-01 5.810885275625e-04 2.135608324747e-03 0.000000000000e+00 1.344221408952e+05 1.344221408952e+05 1.000059046251e+05 5.232788651240e-04 5.904625108735e+00 1.800000000000e+06 1.076810327804e+05 1.240350000000e+07 4.961400000000e+07 0.000000000000e+00 0.000000000000e+00 0.000000000000e+00 1.393677918915e-04 1.232674914927e-04 2.170486823420e-03 
5.650000000000e-01 5.807977619029e-04 2.132074326594e-03 0.000000000000e+00 1.342705796673e+05 1.342705796673e+05 1.000059046251e+05 5.232788651240e-04 5.904625108735e+00 1.800000000000e+06 1.075691833000e+05 1.240350000000e+07 4.961400000000e+07 0.000000000000e+00 0.000000000000e+00 0.000000000000e+00 1.392230290238e-04 1.232058107818e-04 2.168236124493e-03 
5.700000000000e-01 5.804923342122e-04 2.128232877555e-03 0.000000000000e+00 1.341111668338e+05 1.341111668338e+05 1.000059046251e+05 5.232788651240e-04 5.904625108735e+00 1.800000000000e+06 1.074531997570e+05 1.240350000000e+07 4.961400000000e+07 0.000000000000e+00 0.000000000000e+00 0.000000000000e+00 1.390729155835e-04 1.231410197845e-04 2.165902955028e-03 
5.750000000000e-01 5.801721968705e-04 2.124147689609e-03 0.000000000000e+00 1.339438462406e+05 1.339438462406e+05 1.000059046251e+05 5.232788651240e-04 5.904625108735e+00 1.800000000000e+06 1.073323738411e+05 1.240350000000e+07 4.961400000000e+07 0.000000000000e+00 0.000000000000e+00 0.000000000000e+00 1.389165348294e-04 1.230731083989e-04 2.163472775577e-03 
5.800000000000e-01 5.798376041347e-04 2.119868411435e-03 0.000000000000e+00 1.337687181097e+05 1.337687181097e+05 1.000059046251e+05 5.232788651240e-04 5.904625108735e+00 1.800000000000e+06 1.072062377824e+05 1.240350000000e+07 4.961400000000e+07 0.000000000000e+00 0.000000000000e+00 0.000000000000e+00 1.387532813434e-04 1.230021305612e-04 2.160935939980e-03 
5.850000000000e-01 5.794892163957e-04 2.115455594535e-03 0.000000000000e+00 1.335860949193e+05 1.335860949193e+05 1.000059046251e+05 5.232788651240e-04 5.904625108735e+00 1.800000000000e+06 1.070745257869e+05 1.240350000000e+07 4.961400000000e+07 0.000000000000e+00 0.000000000000e+00 0.000000000000e+00 1.385828111175e-04 1.229282263614e-04 2.158286887264e-03 
5.900000000000e-01 5.791278257587e-04 2.110940925741e-03 0.000000000000e+00 1.333963589893e+05 1.333963589893e+05 1.000059046251e+05 5.232788651240e-04 5.904625108735e+00 1.800000000000e+06 1.069371589738e+05 1.240350000000e+07 4.961400000000e+07 0.000000000000e+00 0.000000000000e+00 0.000000000000e+00 1.384050220592e-04 1.228515638303e-04 2.155523873387e-03 
5.950000000000e-01 5.787542046301e-04 2.106355224365e-03 0.000000000000e+00 1.331998835667e+05 1.331998835667e+05 1.000059046251e+05 5.232788651240e-04 5.904625108735e+00 1.800000000000e+06 1.067941767634e+05 1.240350000000e+07 4.961400000000e+07 0.000000000000e+00 0.000000000000e+00 0.000000000000e+00 1.382199651887e-04 1.227723068203e-04 2.152647590170e-03 
6.000000000000e-01 5.783692831387e-04 2.101727854954e-03 0.000000000000e+00 1.329971265062e+05 1.329971265062e+05 1.000059046251e+05 5.232788651240e-04 5.904625108735e+00 1.800000000000e+06 1.066457147175e+05 1.240350000000e+07 4.961400000000e+07 0.000000000000e+00 0.000000000000e+00 0.000000000000e+00 1.380278159588e-04 1.226906526412e-04 2.149660678444e-03 
6.050000000000e-01 5.779762706156e-04 2.097068125865e-03 0.000000000000e+00 1.327882010110e+05 1.327882010110e+05 1.000043540371e+05 5.232788651240e-04 4.354037123374e+00 1.800000000000e+06 1.064918846827e+05 1.240350000000e+07 4.961400000000e+07 0.000000000000e+00 0.000000000000e+00 0.000000000000e+00 1.378287191289e-04 1.226072820952e-04 2.146565402269e-03 
6.100000000000e-01 5.775720940146e-04 2.092436322471e-03 0.000000000000e+00 1.325745594023e+05 1.325745594023e+05 1.000043540371e+05 5.232788651240e-04 4.354037123374e+00 1.800000000000e+06 1.063331371116e+05 1.240350000000e+07 4.961400000000e+07 0.000000000000e+00 0.000000000000e+00 0.000000000000e+00 1.376232577038e-04 1.225215432905e-04 2.143370553983e-03 
6.150000000000e-01 5.771595425226e-04 2.087814059757e-03 0.000000000000e+00 1.323560969228e+05 1.323560969228e+05 1.000043540371e+05 5.232788651240e-04 4.354037123374e+00 1.800000000000e+06 1.061697720182e+05 1.240350000000e+07 4.961400000000e+07 0.000000000000e+00 0.000000000000e+00 0.000000000000e+00 1.374118199811e-04 1.224340279033e-04 2.140082336716e-03 
6.200000000000e-01 5.767396991840e-04 2.083216848147e-03 0.000000000000e+00 1.321333634609e+05 1.321333634609e+05 1.000043540371e+05 5.232788651240e-04 4.354037123374e+00 1.800000000000e+06 1.060021155555e+05 1.240350000000e+07 4.961400000000e+07 0.000000000000e+00 0.000000000000e+00 0.000000000000e+00 1.371948280895e-04 1.223449656817e-04 2.136707277979e-03 
6.250000000000e-01 5.763135057807e-04 2.078652246345e-03 0.000000000000e+00 1.319068374973e+05 1.319068374973e+05 1.000043540371e+05 5.232788651240e-04 4.354037123374e+00 1.800000000000e+06 1.058305198423e+05 1.240350000000e+07 4.961400000000e+07 0.000000000000e+00 0.000000000000e+00 0.000000000000e+00 1.369727377637e-04 1.222545564081e-04 2.133252462441e-03 
6.300000000000e-01 5.758818018218e-04 2.074123994406e-03 0.000000000000e+00 1.316769463616e+05 1.316769463616e+05 1.000043540371e+05 5.232788651240e-04 4.354037123374e+00 1.800000000000e+06 1.056553394792e+05 1.240350000000e+07 4.961400000000e+07 0.000000000000e+00 0.000000000000e+00 0.000000000000e+00 1.367460079511e-04 1.221629781690e-04 2.129725042151e-03 
6.350000000000e-01 5.754452687329e-04 2.069627713817e-03 0.000000000000e+00 1.314440360482e+05 1.314440360482e+05 1.000043540371e+05 5.232788651240e-04 4.354037123374e+00 1.800000000000e+06 1.054769149420e+05 1.240350000000e+07 4.961400000000e+07 0.000000000000e+00 0.000000000000e+00 0.000000000000e+00 1.365150793174e-04 1.220703755168e-04 2.126131904370e-03 
6.400000000000e-01 5.750044337756e-04 2.065157546420e-03 0.000000000000e+00 1.312083726077e+05 1.312083726077e+05 1.000043540371e+05 5.232788651240e-04 4.354037123374e+00 1.800000000000e+06 1.052955536431e+05 1.240350000000e+07 4.961400000000e+07 0.000000000000e+00 0.000000000000e+00 0.000000000000e+00 1.362803497359e-04 1.219768603005e-04 2.122479282592e-03 
6.450000000000e-01 5.745596977110e-04 2.060704765300e-03 0.000000000000e+00 1.309701562528e+05 1.309701562528e+05 1.000043540371e+05 5.232788651240e-04 4.354037123374e+00 1.800000000000e+06 1.051115235465e+05 1.240350000000e+07 4.961400000000e+07 0.000000000000e+00 0.000000000000e+00 0.000000000000e+00 1.360421660229e-04 1.218825175344e-04 2.118772620338e-03 
6.500000000000e-01 5.741113144537e-04 2.056257864416e-03 0.000000000000e+00 1.307295098147e+05 1.307295098147e+05 1.000043540371e+05 5.232788651240e-04 4.354037123374e+00 1.800000000000e+06 1.049250469750e+05 1.240350000000e+07 4.961400000000e+07 0.000000000000e+00 0.000000000000e+00 0.000000000000e+00 1.358008159231e-04 1.217874010818e-04 2.115016447649e-03 
6.550000000000e-01 5.736593860158e-04 2.051802923728e-03 0.000000000000e+00 1.304864752738e+05 1.304864752738e+05 1.000043540371e+05 5.232788651240e-04 4.354037123374e+00 1.800000000000e+06 1.047362947796e+05 1.240350000000e+07 4.961400000000e+07 0.000000000000e+00 0.000000000000e+00 0.000000000000e+00 1.355565205629e-04 1.216915325829e-04 2.111214262360e-03 
6.600000000000e-01 5.732038622288e-04 2.047323954375e-03 0.000000000000e+00 1.302410128086e+05 1.302410128086e+05 1.000043540371e+05 5.232788651240e-04 4.354037123374e+00 1.800000000000e+06 1.045453819052e+05 1.240350000000e+07 4.961400000000e+07 0.000000000000e+00 0.000000000000e+00 0.000000000000e+00 1.353094287115e-04 1.215949013953e-04 2.107368439282e-03 
6.650000000000e-01 5.727445457422e-04 2.042803452326e-03 0.000000000000e+00 1.299930026680e+05 1.299930026680e+05 1.000043540371e+05 5.232788651240e-04 4.354037123374e+00 1.800000000000e+06 1.043523644865e+05 1.240350000000e+07 4.961400000000e+07 0.000000000000e+00 0.000000000000e+00 0.000000000000e+00 1.350596130221e-04 1.214974656546e-04 2.103480169917e-03 
6.700000000000e-01 5.722811059966e-04 2.038223244977e-03 0.000000000000e+00 1.297422519116e+05 1.297422519116e+05 1.000043540371e+05 5.232788651240e-04 4.354037123374e+00 1.800000000000e+06 1.041572390146e+05 1.240350000000e+07 4.961400000000e+07 0.000000000000e+00 0.000000000000e+00 0.000000000000e+00 1.348070689532e-04 1.213991552385e-04 2.099549443227e-03 
6.750000000000e-01 5.718130905961e-04 2.033564533804e-03 0.000000000000e+00 1.294884998036e+05 1.294884998036e+05 1.000043540371e+05 5.232788651240e-04 4.354037123374e+00 1.800000000000e+06 1.039599436104e+05 1.240350000000e+07 4.961400000000e+07 0.000000000000e+00 0.000000000000e+00 0.000000000000e+00 1.345517164170e-04 1.212998741795e-04 2.095575070039e-03 
6.800000000000e-01 5.713399399216e-04 2.028808667679e-03 0.000000000000e+00 1.292314250170e+05 1.292314250170e+05 1.000043540371e+05 5.232788651240e-04 4.354037123374e+00 1.800000000000e+06 1.037603601838e+05 1.240350000000e+07 4.961400000000e+07 0.000000000000e+00 0.000000000000e+00 0.000000000000e+00 1.342934025732e-04 1.211995037644e-04 2.091554725179e-03 
6.850000000000e-01 5.708610043397e-04 2.023937347650e-03 0.000000000000e+00 1.289706543210e+05 1.289706543210e+05 1.000043540371e+05 5.232788651240e-04 4.354037123374e+00 1.800000000000e+06 1.035583182656e+05 1.240350000000e+07 4.961400000000e+07 0.000000000000e+00 0.000000000000e+00 0.000000000000e+00 1.340319067900e-04 1.210979061851e-04 2.087485023453e-03 
6.900000000000e-01 5.703755613026e-04 2.018933102577e-03 0.000000000000e+00 1.287057712958e+05 1.287057712958e+05 1.000043540371e+05 5.232788651240e-04 4.354037123374e+00 1.800000000000e+06 1.033535996703e+05 1.240350000000e+07 4.961400000000e+07 0.000000000000e+00 0.000000000000e+00 0.000000000000e+00 1.337669466772e-04 1.209949281660e-04 2.083361612710e-03 
6.950000000000e-01 5.698828377856e-04 2.013779860837e-03 0.000000000000e+00 1.284363280548e+05 1.284363280548e+05 1.000043540371e+05 5.232788651240e-04 4.354037123374e+00 1.800000000000e+06 1.031459443548e+05 1.240350000000e+07 4.961400000000e+07 0.000000000000e+00 0.000000000000e+00 0.000000000000e+00 1.334981856704e-04 1.208904057240e-04 2.079179290558e-03 
7.000000000000e-01 5.693820352596e-04 2.008462662406e-03 0.000000000000e+00 1.281618584863e+05 1.281618584863e+05 1.000043540371e+05 5.232788651240e-04 4.354037123374e+00 1.800000000000e+06 1.029350576845e+05 1.240350000000e+07 4.961400000000e+07 0.000000000000e+00 0.000000000000e+00 0.000000000000e+00 1.332252424340e-04 1.207841683855e-04 2.074932149392e-03 
7.050000000000e-01 5.688722313577e-04 2.002968441226e-03 0.000000000000e+00 1.278818145926e+05 1.278818145926e+05 1.000043447901e+05 5.232788651240e-04 4.344790137714e+00 1.800000000000e+06 1.027205983619e+05 1.240350000000e+07 4.961400000000e+07 0.000000000000e+00 0.000000000000e+00 0.000000000000e+00 1.329476752389e-04 1.206760227325e-04 2.070613348500e-03 
7.100000000000e-01 5.683528796563e-04 1.997290322611e-03 0.000000000000e+00 1.275958779632e+05 1.275958779632e+05 1.000043447901e+05 5.232788651240e-04 4.344790137714e+00 1.800000000000e+06 1.025022553873e+05 1.240350000000e+07 4.961400000000e+07 0.000000000000e+00 0.000000000000e+00 0.000000000000e+00 1.326650815689e-04 1.205658516809e-04 2.066216598169e-03 
7.150000000000e-01 5.678230396482e-04 1.991417271091e-03 0.000000000000e+00 1.273034810449e+05 1.273034810449e+05 1.000043447901e+05 5.232788651240e-04 4.344790137714e+00 1.800000000000e+06 1.022796705948e+05 1.240350000000e+07 4.961400000000e+07 0.000000000000e+00 0.000000000000e+00 0.000000000000e+00 1.323769978624e-04 1.204534557192e-04 2.061734716170e-03 
7.200000000000e-01 5.672819962242e-04 1.985342988384e-03 0.000000000000e+00 1.270041844246e+05 1.270041844246e+05 1.000043447901e+05 5.232788651240e-04 4.344790137714e+00 1.800000000000e+06 1.020524830519e+05 1.240350000000e+07 4.961400000000e+07 0.000000000000e+00 0.000000000000e+00 0.000000000000e+00 1.320829569772e-04 1.203386831498e-04 2.057160424505e-03 
7.250000000000e-01 5.667290845981e-04 1.979063943060e-03 0.000000000000e+00 1.266975716185e+05 1.266975716185e+05 1.000043447901e+05 5.232788651240e-04 4.344790137714e+00 1.800000000000e+06 1.018203380315e+05 1.240350000000e+07 4.961400000000e+07 0.000000000000e+00 0.000000000000e+00 0.000000000000e+00 1.317824998024e-04 1.202213929505e-04 2.052486564916e-03 
7.300000000000e-01 5.661637054434e-04 1.972578479447e-03 0.000000000000e+00 1.263832575983e+05 1.263832575983e+05 1.000043447901e+05 5.232788651240e-04 4.344790137714e+00 1.800000000000e+06 1.015828920246e+05 1.240350000000e+07 4.961400000000e+07 0.000000000000e+00 0.000000000000e+00 0.000000000000e+00 1.314751817462e-04 1.201014579850e-04 2.047706199740e-03 
7.350000000000e-01 5.655853382077e-04 1.965886930002e-03 0.000000000000e+00 1.260608964454e+05 1.260608964454e+05 1.000043447901e+05 5.232788651240e-04 4.344790137714e+00 1.800000000000e+06 1.013398184947e+05 1.240350000000e+07 4.961400000000e+07 0.000000000000e+00 0.000000000000e+00 0.000000000000e+00 1.311605801841e-04 1.199787678275e-04 2.042812727731e-03 
7.400000000000e-01 5.649935499055e-04 1.958991665391e-03 0.000000000000e+00 1.257301866140e+05 1.257301866140e+05 1.000043447901e+05 5.232788651240e-04 4.344790137714e+00 1.800000000000e+06 1.010908131804e+05 1.240350000000e+07 4.961400000000e+07 0.000000000000e+00 0.000000000000e+00 0.000000000000e+00 1.308383013210e-04 1.198532306280e-04 2.037799991382e-03 
7.450000000000e-01 5.643880034586e-04 1.951896987965e-03 0.000000000000e+00 1.253908760565e+05 1.253908760565e+05 1.000043447901e+05 5.232788651240e-04 4.344790137714e+00 1.800000000000e+06 1.008355991512e+05 1.240350000000e+07 4.961400000000e+07 0.000000000000e+00 0.000000000000e+00 0.000000000000e+00 1.305079867354e-04 1.197247748814e-04 2.032662379195e-03 
7.500000000000e-01 5.637684622888e-04 1.944608962754e-03 0.000000000000e+00 1.250427653612e+05 1.250427653612e+05 1.000043447901e+05 5.232788651240e-04 4.344790137714e+00 1.800000000000e+06 1.005739312468e+05 1.240350000000e+07 4.961400000000e+07 0.000000000000e+00 0.000000000000e+00 0.000000000000e+00 1.301693191251e-04 1.195933504020e-04 2.027394915922e-03 
7.550000000000e-01 5.631347931292e-04 1.937135277118e-03 0.000000000000e+00 1.246857099809e+05 1.246857099809e+05 1.000043447901e+05 5.232788651240e-04 4.344790137714e+00 1.800000000000e+06 1.003055997425e+05 1.240350000000e+07 4.961400000000e+07 0.000000000000e+00 0.000000000000e+00 0.000000000000e+00 1.298220270507e-04 1.194589289198e-04 2.021993337194e-03 
7.600000000000e-01 5.624869671632e-04 1.929485066336e-03 0.000000000000e+00 1.243196216012e+05 1.243196216012e+05 1.000043447901e+05 5.232788651240e-04 4.344790137714e+00 1.800000000000e+06 1.000304332917e+05 1.240350000000e+07 4.961400000000e+07 0.000000000000e+00 0.000000000000e+00 0.000000000000e+00 1.294658887442e-04 1.193215043219e-04 2.016454149549e-03 
7.650000000000e-01 5.618250546788e-04 1.921668330737e-03 0.000000000000e+00 1.239444659026e+05 1.239444659026e+05 1.000043447901e+05 5.232788651240e-04 4.344790137714e+00 1.800000000000e+06 9.974830090011e+04 1.240350000000e+07 4.961400000000e+07 0.000000000000e+00 0.000000000000e+00 0.000000000000e+00 1.291007346645e-04 1.191810915186e-04 2.010774671701e-03 
7.700000000000e-01 5.611492230154e-04 1.913696208570e-03 0.000000000000e+00 1.235602622054e+05 1.235602622054e+05 1.000043447901e+05 5.232788651240e-04 4.344790137714e+00 1.800000000000e+06 9.945911255949e+04 1.240350000000e+07 4.961400000000e+07 0.000000000000e+00 0.000000000000e+00 0.000000000000e+00 1.287264483168e-04 1.190377260082e-04 2.004953047724e-03 
7.750000000000e-01 5.604597364614e-04 1.905580740988e-03 0.000000000000e+00 1.231670842703e+05 1.231670842703e+05 1.000043447901e+05 5.232788651240e-04 4.344790137714e+00 1.800000000000e+06 9.916282012468e+04 1.240350000000e+07 4.961400000000e+07 0.000000000000e+00 0.000000000000e+00 0.000000000000e+00 1.283429673887e-04 1.188914638549e-04 1.998988264798e-03 
7.800000000000e-01 5.597569526800e-04 1.897334808169e-03 0.000000000000e+00 1.227650591695e+05 1.227650591695e+05 1.000043447901e+05 5.232788651240e-04 4.344790137714e+00 1.800000000000e+06 9.885941765562e+04 1.240350000000e+07 4.961400000000e+07 0.000000000000e+00 0.000000000000e+00 0.000000000000e+00 1.279502841920e-04 1.187423809305e-04 1.992880160599e-03 
7.850000000000e-01 5.590413186546e-04 1.888971951705e-03 0.000000000000e+00 1.223543659027e+05 1.223543659027e+05 1.000043447901e+05 5.232788651240e-04 4.344790137714e+00 1.800000000000e+06 9.854894139569e+04 1.240350000000e+07 4.961400000000e+07 0.000000000000e+00 0.000000000000e+00 0.000000000000e+00 1.275484456355e-04 1.185905720548e-04 1.986629423296e-03 
7.900000000000e-01 5.583133637958e-04 1.880506117832e-03 0.000000000000e+00 1.219352323860e+05 1.219352323860e+05 1.000043447901e+05 5.232788651240e-04 4.344790137714e+00 1.800000000000e+06 9.823146916767e+04 1.240350000000e+07 4.961400000000e+07 0.000000000000e+00 0.000000000000e+00 0.000000000000e+00 1.271375524423e-04 1.184361495328e-04 1.980237580074e-03 
7.950000000000e-01 5.575736931803e-04 1.871951571930e-03 0.000000000000e+00 1.215079324899e+05 1.215079324899e+05 1.000043447901e+05 5.232788651240e-04 4.344790137714e+00 1.800000000000e+06 9.790711912755e+04 1.240350000000e+07 4.961400000000e+07 0.000000000000e+00 0.000000000000e+00 0.000000000000e+00 1.267177575376e-04 1.182792417209e-04 1.973706972485e-03 
8.000000000000e-01 5.568229822721e-04 1.863322862836e-03 0.000000000000e+00 1.210727839025e+05 1.210727839025e+05 1.000043447901e+05 5.232788651240e-04 4.344790137714e+00 1.800000000000e+06 9.757604829027e+04 1.240350000000e+07 4.961400000000e+07 0.000000000000e+00 0.000000000000e+00 0.000000000000e+00 1.262892641404e-04 1.181199919067e-04 1.967040726819e-03 
8.050000000000e-01 5.560631672109e-04 1.854623426147e-03 0.000000000000e+00 1.206298300585e+05 1.206298300585e+05 1.000033322829e+05 5.232788651240e-04 3.332282854139e+00 1.800000000000e+06 9.723836297932e+04 1.240350000000e+07 4.961400000000e+07 0.000000000000e+00 0.000000000000e+00 0.000000000000e+00 1.258522098614e-04 1.179588108078e-04 1.960241015263e-03 
8.100000000000e-01 5.552928304141e-04 1.845897051133e-03 0.000000000000e+00 1.201802052689e+05 1.201802052689e+05 1.000033322829e+05 5.232788651240e-04 3.332282854139e+00 1.800000000000e+06 9.689443335805e+04 1.240350000000e+07 4.961400000000e+07 0.000000000000e+00 0.000000000000e+00 0.000000000000e+00 1.254070737902e-04 1.177953977097e-04 1.953315083626e-03 
8.150000000000e-01 5.545137002594e-04 1.837135116547e-03 0.000000000000e+00 1.197238392971e+05 1.197238392971e+05 1.000033322829e+05 5.232788651240e-04 3.332282854139e+00 1.800000000000e+06 9.654449637025e+04 1.240350000000e+07 4.961400000000e+07 0.000000000000e+00 0.000000000000e+00 0.000000000000e+00 1.249541625946e-04 1.176301192568e-04 1.946267825700e-03 
8.200000000000e-01 5.537267411470e-04 1.828355135916e-03 0.000000000000e+00 1.192612376177e+05 1.192612376177e+05 1.000033322829e+05 5.232788651240e-04 3.332282854139e+00 1.800000000000e+06 9.618882395142e+04 1.240350000000e+07 4.961400000000e+07 0.000000000000e+00 0.000000000000e+00 0.000000000000e+00 1.244938282315e-04 1.174631800295e-04 1.939104669893e-03 
8.250000000000e-01 5.529328938135e-04 1.819572042588e-03 0.000000000000e+00 1.187928988062e+05 1.187928988062e+05 1.000033322829e+05 5.232788651240e-04 3.332282854139e+00 1.800000000000e+06 9.582772929123e+04 1.240350000000e+07 4.961400000000e+07 0.000000000000e+00 0.000000000000e+00 0.000000000000e+00 1.240264760511e-04 1.172947795883e-04 1.931831894714e-03 
8.300000000000e-01 5.521331057755e-04 1.810799630038e-03 0.000000000000e+00 1.183193326132e+05 1.183193326132e+05 1.000033322829e+05 5.232788651240e-04 3.332282854139e+00 1.800000000000e+06 9.546155465406e+04 1.240350000000e+07 4.961400000000e+07 0.000000000000e+00 0.000000000000e+00 0.000000000000e+00 1.235525490343e-04 1.171251189321e-04 1.924456372763e-03 
8.350000000000e-01 5.513283352714e-04 1.802050871918e-03 0.000000000000e+00 1.178410626311e+05 1.178410626311e+05 1.000033322829e+05 5.232788651240e-04 3.332282854139e+00 1.800000000000e+06 9.509066542994e+04 1.240350000000e+07 4.961400000000e+07 0.000000000000e+00 0.000000000000e+00 0.000000000000e+00 1.230725200927e-04 1.169544013339e-04 1.916985447553e-03 
8.400000000000e-01 5.505195485682e-04 1.793338163758e-03 0.000000000000e+00 1.173586250326e+05 1.173586250326e+05 1.000033322829e+05 5.232788651240e-04 3.332282854139e+00 1.800000000000e+06 9.471544603828e+04 1.240350000000e+07 4.961400000000e+07 0.000000000000e+00 0.000000000000e+00 0.000000000000e+00 1.225868867667e-04 1.167828317703e-04 1.909426849717e-03 
8.450000000000e-01 5.497077156672e-04 1.784673317846e-03 0.000000000000e+00 1.168725662962e+05 1.168725662962e+05 1.000033322829e+05 5.232788651240e-04 3.332282854139e+00 1.800000000000e+06 9.433629674686e+04 1.240350000000e+07 4.961400000000e+07 0.000000000000e+00 0.000000000000e+00 0.000000000000e+00 1.220961671091e-04 1.166106160096e-04 1.901788632342e-03 
8.500000000000e-01 5.488938040180e-04 1.776067495311e-03 0.000000000000e+00 1.163834396549e+05 1.163834396549e+05 1.000033322829e+05 5.232788651240e-04 3.332282854139e+00 1.800000000000e+06 9.395363071976e+04 1.240350000000e+07 4.961400000000e+07 0.000000000000e+00 0.000000000000e+00 0.000000000000e+00 1.216008958635e-04 1.164379592791e-04 1.894079111415e-03 
8.550000000000e-01 5.480787709360e-04 1.767531054188e-03 0.000000000000e+00 1.158918006553e+05 1.158918006553e+05 1.000033322829e+05 5.232788651240e-04 3.332282854139e+00 1.800000000000e+06 9.356787098973e+04 1.240350000000e+07 4.961400000000e+07 0.000000000000e+00 0.000000000000e+00 0.000000000000e+00 1.211016205465e-04 1.162650646561e-04 1.886306805004e-03 
8.600000000000e-01 5.472635575111e-04 1.759073598816e-03 0.000000000000e+00 1.153982034951e+05 1.153982034951e+05 1.000033322829e+05 5.232788651240e-04 3.332282854139e+00 1.800000000000e+06 9.317944729512e+04 1.240350000000e+07 4.961400000000e+07 0.000000000000e+00 0.000000000000e+00 0.000000000000e+00 1.205988973534e-04 1.160921317761e-04 1.878480369423e-03 
8.650000000000e-01 5.464490854804e-04 1.750704099845e-03 0.000000000000e+00 1.149031990555e+05 1.149031990555e+05 1.000033322829e+05 5.232788651240e-04 3.332282854139e+00 1.800000000000e+06 9.278879325290e+04 1.240350000000e+07 4.961400000000e+07 0.000000000000e+00 0.000000000000e+00 0.000000000000e+00 1.200932874995e-04 1.159193561691e-04 1.870608541758e-03 
8.700000000000e-01 5.456362521937e-04 1.742430722543e-03 0.000000000000e+00 1.144073317003e+05 1.144073317003e+05 1.000033322829e+05 5.232788651240e-04 3.332282854139e+00 1.800000000000e+06 9.239634386341e+04 1.240350000000e+07 4.961400000000e+07 0.000000000000e+00 0.000000000000e+00 0.000000000000e+00 1.195853539904e-04 1.157469281918e-04 1.862700089582e-03 
8.750000000000e-01 5.448259207973e-04 1.734260457658e-03 0.000000000000e+00 1.139111330467e+05 1.139111330467e+05 1.000033322829e+05 5.232788651240e-04 3.332282854139e+00 1.800000000000e+06 9.200253256627e+04 1.240350000000e+07 4.961400000000e+07 0.000000000000e+00 0.000000000000e+00 0.000000000000e+00 1.190756578119e-04 1.155750309453e-04 1.854763752408e-03 
8.800000000000e-01 5.440189238928e-04 1.726200133373e-03 0.000000000000e+00 1.134151238737e+05 1.134151238737e+05 1.000033322829e+05 5.232788651240e-04 3.332282854139e+00 1.800000000000e+06 9.160778833741e+04 1.240350000000e+07 4.961400000000e+07 0.000000000000e+00 0.000000000000e+00 0.000000000000e+00 1.185647541725e-04 1.154038410511e-04 1.846808181515e-03 
8.850000000000e-01 5.432160583285e-04 1.718255400652e-03 0.000000000000e+00 1.129198105783e+05 1.129198105783e+05 1.000033322829e+05 5.232788651240e-04 3.332282854139e+00 1.800000000000e+06 9.121253433796e+04 1.240350000000e+07 4.961400000000e+07 0.000000000000e+00 0.000000000000e+00 0.000000000000e+00 1.180531907549e-04 1.152335275462e-04 1.838841913163e-03 
8.900000000000e-01 5.424180750657e-04 1.710430890037e-03 0.000000000000e+00 1.124256784827e+05 1.124256784827e+05 1.000033322829e+05 5.232788651240e-04 3.332282854139e+00 1.800000000000e+06 9.081718486414e+04 1.240350000000e+07 4.961400000000e+07 0.000000000000e+00 0.000000000000e+00 0.000000000000e+00 1.175415037682e-04 1.150642497338e-04 1.830873308111e-03 
8.950000000000e-01 5.416256797967e-04 1.702730493478e-03 0.000000000000e+00 1.119331916784e+05 1.119331916784e+05 1.000033322829e+05 5.232788651240e-04 3.332282854139e+00 1.800000000000e+06 9.042214269495e+04 1.240350000000e+07 4.961400000000e+07 0.000000000000e+00 0.000000000000e+00 0.000000000000e+00 1.170302145151e-04 1.148961573137e-04 1.822910497162e-03 
9.000000000000e-01 5.408395341953e-04 1.695157490834e-03 0.000000000000e+00 1.114427932599e+05 1.114427932599e+05 1.000033322829e+05 5.232788651240e-04 3.332282854139e+00 1.800000000000e+06 9.002779737562e+04 1.240350000000e+07 4.961400000000e+07 0.000000000000e+00 0.000000000000e+00 0.000000000000e+00 1.165198271704e-04 1.147293906483e-04 1.814961345800e-03 
9.050000000000e-01 5.400625416882e-04 1.687696851746e-03 0.000000000000e+00 1.109543852470e+05 1.109543852470e+05 1.000013790922e+05 5.232788651240e-04 1.379092221231e+00 1.800000000000e+06 8.963437646862e+04 1.240350000000e+07 4.961400000000e+07 0.000000000000e+00 0.000000000000e+00 0.000000000000e+00 1.160106362602e-04 1.145645656473e-04 1.807030564063e-03 
9.100000000000e-01 5.392910020021e-04 1.680397562314e-03 0.000000000000e+00 1.104695986672e+05 1.104695986672e+05 1.000013790922e+05 5.232788651240e-04 1.379092221231e+00 1.800000000000e+06 8.924247991670e+04 1.240350000000e+07 4.961400000000e+07 0.000000000000e+00 0.000000000000e+00 0.000000000000e+00 1.155034182694e-04 1.144008973643e-04 1.799129958786e-03 
9.150000000000e-01 5.385272086466e-04 1.673222618874e-03 0.000000000000e+00 1.099879579060e+05 1.099879579060e+05 1.000013790922e+05 5.232788651240e-04 1.379092221231e+00 1.800000000000e+06 8.885240363331e+04 1.240350000000e+07 4.961400000000e+07 0.000000000000e+00 0.000000000000e+00 0.000000000000e+00 1.149985561885e-04 1.142388723260e-04 1.791265767781e-03 
9.200000000000e-01 5.377717704020e-04 1.666178436261e-03 0.000000000000e+00 1.095098930879e+05 1.095098930879e+05 1.000013790922e+05 5.232788651240e-04 1.379092221231e+00 1.800000000000e+06 8.846443579165e+04 1.240350000000e+07 4.961400000000e+07 0.000000000000e+00 0.000000000000e+00 0.000000000000e+00 1.144964229899e-04 1.140786196744e-04 1.783443776213e-03 
9.250000000000e-01 5.370251568214e-04 1.659266936256e-03 0.000000000000e+00 1.090357510788e+05 1.090357510788e+05 1.000013790922e+05 5.232788651240e-04 1.379092221231e+00 1.800000000000e+06 8.807886979921e+04 1.240350000000e+07 4.961400000000e+07 0.000000000000e+00 0.000000000000e+00 0.000000000000e+00 1.139973984207e-04 1.139202390168e-04 1.775669903969e-03 
9.300000000000e-01 5.362877553327e-04 1.652487942466e-03 0.000000000000e+00 1.085658303047e+05 1.085658303047e+05 1.000013790922e+05 5.232788651240e-04 1.379092221231e+00 1.800000000000e+06 8.769598660948e+04 1.240350000000e+07 4.961400000000e+07 0.000000000000e+00 0.000000000000e+00 0.000000000000e+00 1.135018461091e-04 1.137638125388e-04 1.767949830508e-03 
9.350000000000e-01 5.355598947799e-04 1.645840373274e-03 0.000000000000e+00 1.081003948444e+05 1.081003948444e+05 1.000013790922e+05 5.232788651240e-04 1.379092221231e+00 1.800000000000e+06 8.731604844181e+04 1.240350000000e+07 4.961400000000e+07 0.000000000000e+00 0.000000000000e+00 0.000000000000e+00 1.130101054365e-04 1.136094099991e-04 1.760288861217e-03 
9.400000000000e-01 5.348418563513e-04 1.639322709048e-03 0.000000000000e+00 1.076396807371e+05 1.076396807371e+05 1.000013790922e+05 5.232788651240e-04 1.379092221231e+00 1.800000000000e+06 8.693929696734e+04 1.240350000000e+07 4.961400000000e+07 0.000000000000e+00 0.000000000000e+00 0.000000000000e+00 1.125224891894e-04 1.134570910465e-04 1.752691888093e-03 
9.450000000000e-01 5.341338736541e-04 1.632932785504e-03 0.000000000000e+00 1.071838954432e+05 1.071838954432e+05 1.000013790922e+05 5.232788651240e-04 1.379092221231e+00 1.800000000000e+06 8.656595267143e+04 1.240350000000e+07 4.961400000000e+07 0.000000000000e+00 0.000000000000e+00 0.000000000000e+00 1.120392827343e-04 1.133069052367e-04 1.745163376759e-03 
9.500000000000e-01 5.334361392448e-04 1.626668306716e-03 0.000000000000e+00 1.067332214935e+05 1.067332214935e+05 1.000013790922e+05 5.232788651240e-04 1.379092221231e+00 1.800000000000e+06 8.619621482868e+04 1.240350000000e+07 4.961400000000e+07 0.000000000000e+00 0.000000000000e+00 0.000000000000e+00 1.115607439852e-04 1.131588934170e-04 1.737707364853e-03 
9.550000000000e-01 5.327488014493e-04 1.620526325436e-03 0.000000000000e+00 1.062878139285e+05 1.062878139285e+05 1.000013790922e+05 5.232788651240e-04 1.379092221231e+00 1.800000000000e+06 8.583026164634e+04 1.240350000000e+07 4.961400000000e+07 0.000000000000e+00 0.000000000000e+00 0.000000000000e+00 1.110871035897e-04 1.130130870521e-04 1.730327465709e-03 
9.600000000000e-01 5.320719678807e-04 1.614503736167e-03 0.000000000000e+00 1.058478020727e+05 1.058478020727e+05 1.000013790922e+05 5.232788651240e-04 1.379092221231e+00 1.800000000000e+06 8.546825004308e+04 1.240350000000e+07 4.961400000000e+07 0.000000000000e+00 0.000000000000e+00 0.000000000000e+00 1.106185646420e-04 1.128695089703e-04 1.723026863319e-03 
9.650000000000e-01 5.314057106965e-04 1.608597325058e-03 0.000000000000e+00 1.054132924997e+05 1.054132924997e+05 1.000013790922e+05 5.232788651240e-04 1.379092221231e+00 1.800000000000e+06 8.511031637884e+04 1.240350000000e+07 4.961400000000e+07 0.000000000000e+00 0.000000000000e+00 0.000000000000e+00 1.101553036281e-04 1.127281744784e-04 1.715808326367e-03 
9.700000000000e-01 5.307500667471e-04 1.602803577960e-03 0.000000000000e+00 1.049843687292e+05 1.049843687292e+05 1.000013790922e+05 5.232788651240e-04 1.379092221231e+00 1.800000000000e+06 8.475657724477e+04 1.240350000000e+07 4.961400000000e+07 0.000000000000e+00 0.000000000000e+00 0.000000000000e+00 1.096974714477e-04 1.125890913936e-04 1.708674224539e-03 
9.750000000000e-01 5.301050385769e-04 1.597118752850e-03 0.000000000000e+00 1.045610914970e+05 1.045610914970e+05 1.000013790922e+05 5.232788651240e-04 1.379092221231e+00 1.800000000000e+06 8.440712988216e+04 1.240350000000e+07 4.961400000000e+07 0.000000000000e+00 0.000000000000e+00 0.000000000000e+00 1.092451939569e-04 1.124522602557e-04 1.701626537069e-03 
9.800000000000e-01 5.294705976161e-04 1.591539047673e-03 0.000000000000e+00 1.041435004941e+05 1.041435004941e+05 1.000013790922e+05 5.232788651240e-04 1.379092221231e+00 1.800000000000e+06 8.406205274858e+04 1.240350000000e+07 4.961400000000e+07 0.000000000000e+00 0.000000000000e+00 0.000000000000e+00 1.087985727006e-04 1.123176750040e-04 1.694666863826e-03 
9.850000000000e-01 5.288466866917e-04 1.586060510999e-03 0.000000000000e+00 1.037316157064e+05 1.037316157064e+05 1.000013790922e+05 5.232788651240e-04 1.379092221231e+00 1.800000000000e+06 8.372140641420e+04 1.240350000000e+07 4.961400000000e+07 0.000000000000e+00 0.000000000000e+00 0.000000000000e+00 1.083576860727e-04 1.121853235103e-04 1.687796443298e-03 
9.900000000000e-01 5.282332297799e-04 1.580679836164e-03 0.000000000000e+00 1.033254435959e+05 1.033254435959e+05 1.000013790922e+05 5.232788651240e-04 1.379092221231e+00 1.800000000000e+06 8.338523486023e+04 1.240350000000e+07 4.961400000000e+07 0.000000000000e+00 0.000000000000e+00 0.000000000000e+00 1.079225909964e-04 1.120551896476e-04 1.681016177380e-03 
9.950000000000e-01 5.276301173316e-04 1.575391714174e-03 0.000000000000e+00 1.029249671622e+05 1.029249671622e+05 1.000013790922e+05 5.232788651240e-04 1.379092221231e+00 1.800000000000e+06 8.305356671092e+04 1.240350000000e+07 4.961400000000e+07 0.000000000000e+00 0.000000000000e+00 0.000000000000e+00 1.074933245191e-04 1.119272491659e-04 1.674326659612e-03 
1.000000000000e+00 5.270371967906e-04 1.570192028806e-03 0.000000000000e+00 1.025301393085e+05 1.025301393085e+05 1.000013790922e+05 5.232788651240e-04 1.379092221231e+00 1.800000000000e+06 8.272641258765e+04 1.240350000000e+07 4.961400000000e+07 0.000000000000e+00 0.000000000000e+00 0.000000000000e+00 1.070699003878e-04 1.118014721718e-04 1.667728123230e-03 
