0.000000000000e+00 5.232788651240e-04 0.000000000000e+00 0.000000000000e+00 1.000000000000e+05 1.000000000000e+05 1.000000000000e+05 5.232788651240e-04 0.000000000000e+00 1.800000000000e+06 1.000000000000e+05 6.201750000000e+06 2.480700000000e+07 0.000000000000e+00 0.000000000000e+00 0.000000000000e+00 2.588530000000e-04 7.849182976860e-05 0.000000000000e+00 
5.000000000000e-03 5.385600593971e-04 2.956591919067e-03 0.000000000000e+00 1.100073295398e+05 1.100073295398e+05 1.000000000000e+05 5.232788651240e-04 0.000000000000e+00 1.800000000000e+06 1.000000000000e+05 6.201750000000e+06 2.480700000000e+07 0.000000000000e+00 0.000000000000e+00 0.000000000000e+00 2.588530000000e-04 8.078400890941e-05 0.000000000000e+00 
1.000000000000e-02 5.417755659987e-04 3.050943951200e-03 0.000000000000e+00 1.120231552583e+05 1.120231552583e+05 1.000000000000e+05 5.232788651240e-04 0.000000000000e+00 1.800000000000e+06 1.000000000000e+05 6.201750000000e+06 2.480700000000e+07 0.000000000000e+00 0.000000000000e+00 0.000000000000e+00 2.588530000000e-04 8.126633489908e-05 0.000000000000e+00 
1.500000000000e-02 5.416303519694e-04 3.065635786992e-03 0.000000000000e+00 1.119327685461e+05 1.119327685461e+05 1.000000000000e+05 5.232788651240e-04 0.000000000000e+00 1.800000000000e+06 1.000000000000e+05 6.201750000000e+06 2.480700000000e+07 0.000000000000e+00 0.000000000000e+00 0.000000000000e+00 2.588530000000e-04 8.124455279474e-05 0.000000000000e+00 
2.000000000000e-02 5.405414096489e-04 3.062116520645e-03 0.000000000000e+00 1.112530209986e+05 1.112530209986e+05 1.000000000000e+05 5.232788651240e-04 0.000000000000e+00 1.800000000000e+06 1.000000000000e+05 6.201750000000e+06 2.480700000000e+07 0.000000000000e+00 0.000000000000e+00 0.000000000000e+00 2.588530000000e-04 8.108121144691e-05 0.000000000000e+00 
2.500000000000e-02 5.392143349628e-04 3.054655262782e-03 0.000000000000e+00 1.104199515436e+05 1.104199515436e+05 1.000000000000e+05 5.232788651240e-04 0.000000000000e+00 1.800000000000e+06 1.000000000000e+05 6.201750000000e+06 2.480700000000e+07 0.000000000000e+00 0.000000000000e+00 0.000000000000e+00 2.588530000000e-04 8.088215024419e-05 0.000000000000e+00 
3.000000000000e-02 5.378582214847e-04 3.045587878923e-03 0.000000000000e+00 1.095633084799e+05 1.095633084799e+05 1.000000000000e+05 5.232788651240e-04 0.000000000000e+00 1.800000000000e+06 1.000000000000e+05 6.201750000000e+06 2.480700000000e+07 0.000000000000e+00 0.000000000000e+00 0.000000000000e+00 2.588530000000e-04 8.067873322259e-05 0.000000000000e+00 
3.500000000000e-02 5.365344495696e-04 3.036144898904e-03 0.000000000000e+00 1.087218416775e+05 1.087218416775e+05 1.000000000000e+05 5.232788651240e-04 0.000000000000e+00 1.800000000000e+06 1.000000000000e+05 6.201750000000e+06 2.480700000000e+07 0.000000000000e+00 0.000000000000e+00 0.000000000000e+00 2.588530000000e-04 8.048016743539e-05 0.000000000000e+00 
4.000000000000e-02 5.352590617356e-04 3.026687732911e-03 0.000000000000e+00 1.079061815422e+05 1.079061815422e+05 1.000000000000e+05 5.232788651240e-04 0.000000000000e+00 1.800000000000e+06 1.000000000000e+05 6.201750000000e+06 2.480700000000e+07 0.000000000000e+00 0.000000000000e+00 0.000000000000e+00 2.588530000000e-04 8.028885926031e-05 0.000000000000e+00 
4.500000000000e-02 5.340347406678e-04 3.017355377046e-03 0.000000000000e+00 1.071185753923e+05 1.071185753923e+05 1.000000000000e+05 5.232788651240e-04 0.000000000000e+00 1.800000000000e+06 1.000000000000e+05 6.201750000000e+06 2.480700000000e+07 0.000000000000e+00 0.000000000000e+00 0.000000000000e+00 2.588530000000e-04 8.010521110016e-05 0.000000000000e+00 
5.000000000000e-02 5.328638306131e-04 3.009094979575e-03 0.000000000000e+00 1.063610763105e+05 1.063610763105e+05 1.000000000000e+05 5.232788651240e-04 0.000000000000e+00 1.800000000000e+06 1.000000000000e+05 6.201750000000e+06 2.480700000000e+07 0.000000000000e+00 0.000000000000e+00 0.000000000000e+00 2.588530000000e-04 7.992957459197e-05 0.000000000000e+00 
5.500000000000e-02 5.317730366894e-04 3.008268678281e-03 0.000000000000e+00 1.056516394160e+05 1.056516394160e+05 1.000000000000e+05 5.232788651240e-04 0.000000000000e+00 1.800000000000e+06 1.000000000000e+05 6.201750000000e+06 2.480700000000e+07 0.000000000000e+00 0.000000000000e+00 0.000000000000e+00 2.588530000000e-04 7.976595550341e-05 0.000000000000e+00 
6.000000000000e-02 5.308359577563e-04 3.026577187415e-03 0.000000000000e+00 1.050392553475e+05 1.050392553475e+05 1.000000000000e+05 5.232788651240e-04 0.000000000000e+00 1.800000000000e+06 1.000000000000e+05 6.201750000000e+06 2.480700000000e+07 0.000000000000e+00 0.000000000000e+00 0.000000000000e+00 2.588530000000e-04 7.962539366345e-05 0.000000000000e+00 
6.500000000000e-02 5.301612894862e-04 3.075012649578e-03 0.000000000000e+00 1.045966764869e+05 1.045966764869e+05 1.000000000000e+05 5.232788651240e-04 0.000000000000e+00 1.800000000000e+06 1.000000000000e+05 6.201750000000e+06 2.480700000000e+07 0.000000000000e+00 0.000000000000e+00 0.000000000000e+00 2.588530000000e-04 7.952419342293e-05 0.000000000000e+00 
7.000000000000e-02 5.298600990417e-04 3.158100381807e-03 0.000000000000e+00 1.043986409541e+05 1.043986409541e+05 1.000000000000e+05 5.232788651240e-04 0.000000000000e+00 1.800000000000e+06 1.000000000000e+05 6.201750000000e+06 2.480700000000e+07 0.000000000000e+00 0.000000000000e+00 0.000000000000e+00 2.588530000000e-04 7.947901485625e-05 0.000000000000e+00 
7.500000000000e-02 5.300227156917e-04 3.274864025517e-03 0.000000000000e+00 1.045055979550e+05 1.045055979550e+05 1.000000000000e+05 5.232788651240e-04 0.000000000000e+00 1.800000000000e+06 1.000000000000e+05 6.201750000000e+06 2.480700000000e+07 0.000000000000e+00 0.000000000000e+00 0.000000000000e+00 2.588530000000e-04 7.950340735376e-05 0.000000000000e+00 
8.000000000000e-02 5.307174976954e-04 3.423887239343e-03 0.000000000000e+00 1.049616482460e+05 1.049616482460e+05 1.000000000000e+05 5.232788651240e-04 0.000000000000e+00 1.800000000000e+06 1.000000000000e+05 6.201750000000e+06 2.480700000000e+07 0.000000000000e+00 0.000000000000e+00 0.000000000000e+00 2.588530000000e-04 7.960762465431e-05 0.000000000000e+00 
8.500000000000e-02 5.319797718638e-04 3.599972450022e-03 0.000000000000e+00 1.057863773347e+05 1.057863773347e+05 1.000000000000e+05 5.232788651240e-04 0.000000000000e+00 1.800000000000e+06 1.000000000000e+05 6.201750000000e+06 2.480700000000e+07 0.000000000000e+00 0.000000000000e+00 0.000000000000e+00 2.588530000000e-04 7.979696577957e-05 0.000000000000e+00 
9.000000000000e-02 5.338091132384e-04 3.794366349184e-03 0.000000000000e+00 1.069729341469e+05 1.069729341469e+05 1.000000000000e+05 5.232788651240e-04 0.000000000000e+00 1.800000000000e+06 1.000000000000e+05 6.201750000000e+06 2.480700000000e+07 0.000000000000e+00 0.000000000000e+00 0.000000000000e+00 2.588530000000e-04 8.007136698575e-05 0.000000000000e+00 
9.500000000000e-02 5.361755175117e-04 3.998067521070e-03 0.000000000000e+00 1.084927834655e+05 1.084927834655e+05 1.000000000000e+05 5.232788651240e-04 0.000000000000e+00 1.800000000000e+06 1.000000000000e+05 6.201750000000e+06 2.480700000000e+07 0.000000000000e+00 0.000000000000e+00 0.000000000000e+00 2.588530000000e-04 8.042632762671e-05 0.000000000000e+00 
1.000000000000e-01 5.390259361154e-04 4.201973771303e-03 0.000000000000e+00 1.103012660442e+05 1.103012660442e+05 1.000000000000e+05 5.232788651240e-04 0.000000000000e+00 1.800000000000e+06 1.000000000000e+05 6.201750000000e+06 2.480700000000e+07 0.000000000000e+00 0.000000000000e+00 0.000000000000e+00 2.588530000000e-04 8.085389041710e-05 0.000000000000e+00 
1.050000000000e-01 5.422969882731e-04 4.399759803360e-03 0.000000000000e+00 1.123472060366e+05 1.123472060366e+05 1.000000000000e+05 5.232788651240e-04 0.000000000000e+00 1.800000000000e+06 1.000000000000e+05 6.201750000000e+06 2.480700000000e+07 0.000000000000e+00 0.000000000000e+00 0.000000000000e+00 2.588530000000e-04 8.134454824007e-05 0.000000000000e+00 
1.100000000000e-01 5.459217195875e-04 4.586208170884e-03 0.000000000000e+00 1.145783603839e+05 1.145783603839e+05 1.000000000000e+05 5.232788651240e-04 0.000000000000e+00 1.800000000000e+06 1.000000000000e+05 6.201750000000e+06 2.480700000000e+07 0.000000000000e+00 0.000000000000e+00 0.000000000000e+00 2.588530000000e-04 8.188825793468e-05 0.000000000000e+00 
1.150000000000e-01 5.498314120997e-04 4.757637297306e-03 0.000000000000e+00 1.169434103288e+05 1.169434103288e+05 1.000000000000e+05 5.232788651240e-04 0.000000000000e+00 1.800000000000e+06 1.000000000000e+05 6.201750000000e+06 2.480700000000e+07 0.000000000000e+00 0.000000000000e+00 0.000000000000e+00 2.588530000000e-04 8.247471180322e-05 0.000000000000e+00 
1.200000000000e-01 5.539604904442e-04 4.912166367486e-03 0.000000000000e+00 1.193954848075e+05 1.193954848075e+05 1.000000000000e+05 5.232788651240e-04 0.000000000000e+00 1.800000000000e+06 1.000000000000e+05 6.201750000000e+06 2.480700000000e+07 0.000000000000e+00 0.000000000000e+00 0.000000000000e+00 2.588530000000e-04 8.309407353118e-05 0.000000000000e+00 
1.250000000000e-01 5.582461530426e-04 5.048375956569e-03 0.000000000000e+00 1.218921199020e+05 1.218921199020e+05 1.000000000000e+05 5.232788651240e-04 0.000000000000e+00 1.800000000000e+06 1.000000000000e+05 6.201750000000e+06 2.480700000000e+07 0.000000000000e+00 0.000000000000e+00 0.000000000000e+00 2.588530000000e-04 8.373692286067e-05 0.000000000000e+00 
1.300000000000e-01 5.626292668528e-04 5.166020368289e-03 0.000000000000e+00 1.243957824989e+05 1.243957824989e+05 1.000000000000e+05 5.232788651240e-04 0.000000000000e+00 1.800000000000e+06 1.000000000000e+05 6.201750000000e+06 2.480700000000e+07 0.000000000000e+00 0.000000000000e+00 0.000000000000e+00 2.588530000000e-04 8.439438979453e-05 0.000000000000e+00 
1.350000000000e-01 5.670559926601e-04 5.265465134361e-03 0.000000000000e+00 1.268746029868e+05 1.268746029868e+05 1.000000000000e+05 5.232788651240e-04 0.000000000000e+00 1.800000000000e+06 1.000000000000e+05 6.201750000000e+06 2.480700000000e+07 0.000000000000e+00 0.000000000000e+00 0.000000000000e+00 2.588530000000e-04 8.505839838004e-05 0.000000000000e+00 
1.400000000000e-01 5.714774165285e-04 5.347459106567e-03 0.000000000000e+00 1.293018213948e+05 1.293018213948e+05 1.000000000000e+05 5.232788651240e-04 0.000000000000e+00 1.800000000000e+06 1.000000000000e+05 6.201750000000e+06 2.480700000000e+07 0.000000000000e+00 0.000000000000e+00 0.000000000000e+00 2.588530000000e-04 8.572161247928e-05 0.000000000000e+00 
1.450000000000e-01 5.758500249812e-04 5.413171960862e-03 0.000000000000e+00 1.316556531324e+05 1.316556531324e+05 1.000000000000e+05 5.232788651240e-04 0.000000000000e+00 1.800000000000e+06 1.000000000000e+05 6.201750000000e+06 2.480700000000e+07 0.000000000000e+00 0.000000000000e+00 0.000000000000e+00 2.588530000000e-04 8.637750374718e-05 0.000000000000e+00 
1.500000000000e-01 5.801360689634e-04 5.464004276899e-03 0.000000000000e+00 1.339190444528e+05 1.339190444528e+05 1.000000000000e+05 5.232788651240e-04 0.000000000000e+00 1.800000000000e+06 1.000000000000e+05 6.201750000000e+06 2.480700000000e+07 0.000000000000e+00 0.000000000000e+00 0.000000000000e+00 2.588530000000e-04 8.702041034451e-05 0.000000000000e+00 
1.550000000000e-01 5.843034160997e-04 5.501468290473e-03 0.000000000000e+00 1.360791482496e+05 1.360791482496e+05 1.000000000000e+05 5.232788651240e-04 0.000000000000e+00 1.800000000000e+06 1.000000000000e+05 6.201750000000e+06 2.480700000000e+07 0.000000000000e+00 0.000000000000e+00 0.000000000000e+00 2.588530000000e-04 8.764551241495e-05 0.000000000000e+00 
1.600000000000e-01 5.883251818441e-04 5.527083357435e-03 0.000000000000e+00 1.381267210756e+05 1.381267210756e+05 1.000000000000e+05 5.232788651240e-04 0.000000000000e+00 1.800000000000e+06 1.000000000000e+05 6.201750000000e+06 2.480700000000e+07 0.000000000000e+00 0.000000000000e+00 0.000000000000e+00 2.588530000000e-04 8.824877727661e-05 0.000000000000e+00 
1.650000000000e-01 5.921794040695e-04 5.542346012262e-03 0.000000000000e+00 1.400555963518e+05 1.400555963518e+05 1.000000000000e+05 5.232788651240e-04 0.000000000000e+00 1.800000000000e+06 1.000000000000e+05 6.201750000000e+06 2.480700000000e+07 0.000000000000e+00 0.000000000000e+00 0.000000000000e+00 2.588530000000e-04 8.882691061042e-05 0.000000000000e+00 
1.700000000000e-01 5.958487225537e-04 5.548681987888e-03 0.000000000000e+00 1.418622155594e+05 1.418622155594e+05 1.000000000000e+05 5.232788651240e-04 0.000000000000e+00 1.800000000000e+06 1.000000000000e+05 6.201750000000e+06 2.480700000000e+07 0.000000000000e+00 0.000000000000e+00 0.000000000000e+00 2.588530000000e-04 8.937730838305e-05 0.000000000000e+00 
1.750000000000e-01 5.993201920126e-04 5.547468839383e-03 0.000000000000e+00 1.435452788370e+05 1.435452788370e+05 1.000000000000e+05 5.232788651240e-04 0.000000000000e+00 1.800000000000e+06 1.000000000000e+05 6.201750000000e+06 2.480700000000e+07 0.000000000000e+00 0.000000000000e+00 0.000000000000e+00 2.588530000000e-04 8.989802880188e-05 0.000000000000e+00 
1.800000000000e-01 6.025848992791e-04 5.539961476027e-03 0.000000000000e+00 1.451053497437e+05 1.451053497437e+05 1.000000000000e+05 5.232788651240e-04 0.000000000000e+00 1.800000000000e+06 1.000000000000e+05 6.201750000000e+06 2.480700000000e+07 0.000000000000e+00 0.000000000000e+00 0.000000000000e+00 2.588530000000e-04 9.038773489184e-05 0.000000000000e+00 
1.850000000000e-01 6.056368221560e-04 5.527146323188e-03 0.000000000000e+00 1.465441564411e+05 1.465441564411e+05 1.000000000000e+05 5.232788651240e-04 0.000000000000e+00 1.800000000000e+06 1.000000000000e+05 6.201750000000e+06 2.480700000000e+07 0.000000000000e+00 0.000000000000e+00 0.000000000000e+00 2.588530000000e-04 9.084552332337e-05 0.000000000000e+00 
1.900000000000e-01 6.084713756251e-04 5.509695730832e-03 0.000000000000e+00 1.478638194690e+05 1.478638194690e+05 1.000000000000e+05 5.232788651240e-04 0.000000000000e+00 1.800000000000e+06 1.000000000000e+05 6.201750000000e+06 2.480700000000e+07 0.000000000000e+00 0.000000000000e+00 0.000000000000e+00 2.588530000000e-04 9.127070634370e-05 0.000000000000e+00 
1.950000000000e-01 6.110842829856e-04 5.488000008067e-03 0.000000000000e+00 1.490662947540e+05 1.490662947540e+05 1.000000000000e+05 5.232788651240e-04 0.000000000000e+00 1.800000000000e+06 1.000000000000e+05 6.201750000000e+06 2.480700000000e+07 0.000000000000e+00 0.000000000000e+00 0.000000000000e+00 2.588530000000e-04 9.166264244775e-05 0.000000000000e+00 
2.000000000000e-01 6.134720116615e-04 5.462486298031e-03 0.000000000000e+00 1.501535662963e+05 1.501535662963e+05 1.000000000000e+05 5.232788651240e-04 0.000000000000e+00 1.800000000000e+06 1.000000000000e+05 6.201750000000e+06 2.480700000000e+07 0.000000000000e+00 0.000000000000e+00 0.000000000000e+00 2.588530000000e-04 9.202080174908e-05 0.000000000000e+00 
2.050000000000e-01 6.156296061843e-04 5.433609485592e-03 0.000000000000e+00 1.511303909492e+05 1.511303909492e+05 1.000037307174e+05 5.232788651240e-04 3.730717427169e+00 1.800000000000e+06 1.000000000000e+05 6.201750000000e+06 2.480700000000e+07 0.000000000000e+00 0.000000000000e+00 0.000000000000e+00 2.588530000000e-04 9.234444092745e-05 0.000000000000e+00 
2.100000000000e-01 6.175607669405e-04 5.401717374433e-03 0.000000000000e+00 1.519938938835e+05 1.519938938835e+05 1.000037307174e+05 5.232788651240e-04 3.730717427169e+00 1.800000000000e+06 1.000000000000e+05 6.201750000000e+06 2.480700000000e+07 0.000000000000e+00 0.000000000000e+00 0.000000000000e+00 2.588530000000e-04 9.263411504083e-05 0.000000000000e+00 
2.150000000000e-01 6.192666620475e-04 5.367321557381e-03 0.000000000000e+00 1.527508646350e+05 1.527508646350e+05 1.000037307174e+05 5.232788651240e-04 3.730717427169e+00 1.800000000000e+06 1.000000000000e+05 6.201750000000e+06 2.480700000000e+07 0.000000000000e+00 0.000000000000e+00 0.000000000000e+00 2.588530000000e-04 9.288999930680e-05 0.000000000000e+00 
2.200000000000e-01 6.207492071370e-04 5.330703313368e-03 0.000000000000e+00 1.534043433087e+05 1.534043433087e+05 1.000037307174e+05 5.232788651240e-04 3.730717427169e+00 1.800000000000e+06 1.000000000000e+05 6.201750000000e+06 2.480700000000e+07 0.000000000000e+00 0.000000000000e+00 0.000000000000e+00 2.588530000000e-04 9.311238107016e-05 0.000000000000e+00 
2.250000000000e-01 6.220113969951e-04 5.292123787800e-03 0.000000000000e+00 1.539575066869e+05 1.539575066869e+05 1.000037307174e+05 5.232788651240e-04 3.730717427169e+00 1.800000000000e+06 1.000000000000e+05 6.201750000000e+06 2.480700000000e+07 0.000000000000e+00 0.000000000000e+00 0.000000000000e+00 2.588530000000e-04 9.330170954879e-05 0.000000000000e+00 
2.300000000000e-01 6.230567585418e-04 5.251729773693e-03 0.000000000000e+00 1.544134396975e+05 1.544134396975e+05 1.000037307174e+05 5.232788651240e-04 3.730717427169e+00 1.800000000000e+06 1.000000000000e+05 6.201750000000e+06 2.480700000000e+07 0.000000000000e+00 0.000000000000e+00 0.000000000000e+00 2.588530000000e-04 9.345851378073e-05 0.000000000000e+00 
2.350000000000e-01 6.238891802568e-04 5.209668841073e-03 0.000000000000e+00 1.547750792109e+05 1.547750792109e+05 1.000037307174e+05 5.232788651240e-04 3.730717427169e+00 1.800000000000e+06 1.000000000000e+05 6.201750000000e+06 2.480700000000e+07 0.000000000000e+00 0.000000000000e+00 0.000000000000e+00 2.588530000000e-04 9.358337703791e-05 0.000000000000e+00 
2.400000000000e-01 6.245142763795e-04 5.166361491986e-03 0.000000000000e+00 1.550458236173e+05 1.550458236173e+05 1.000037307174e+05 5.232788651240e-04 3.730717427169e+00 1.800000000000e+06 1.000000000000e+05 6.201750000000e+06 2.480700000000e+07 0.000000000000e+00 0.000000000000e+00 0.000000000000e+00 2.588530000000e-04 9.367714145626e-05 0.000000000000e+00 
2.450000000000e-01 6.249406880372e-04 5.122422099772e-03 0.000000000000e+00 1.552301087629e+05 1.552301087629e+05 1.000037307174e+05 5.232788651240e-04 3.730717427169e+00 1.800000000000e+06 1.000000000000e+05 6.201750000000e+06 2.480700000000e+07 0.000000000000e+00 0.000000000000e+00 0.000000000000e+00 2.588530000000e-04 9.374110320488e-05 0.000000000000e+00 
2.500000000000e-01 6.251793094169e-04 5.078334433941e-03 0.000000000000e+00 1.553330926280e+05 1.553330926280e+05 1.000037307174e+05 5.232788651240e-04 3.730717427169e+00 1.800000000000e+06 1.000000000000e+05 6.201750000000e+06 2.480700000000e+07 0.000000000000e+00 0.000000000000e+00 0.000000000000e+00 2.588530000000e-04 9.377689641180e-05 0.000000000000e+00 
2.550000000000e-01 6.252427195759e-04 5.034632501923e-03 0.000000000000e+00 1.553604418901e+05 1.553604418901e+05 1.000037307174e+05 5.232788651240e-04 3.730717427169e+00 1.800000000000e+06 1.000000000000e+05 6.201750000000e+06 2.480700000000e+07 0.000000000000e+00 0.000000000000e+00 0.000000000000e+00 2.588530000000e-04 9.378640793565e-05 0.000000000000e+00 
2.600000000000e-01 6.251437241934e-04 4.990993901658e-03 0.000000000000e+00 1.553177412998e+05 1.553177412998e+05 1.000037307174e+05 5.232788651240e-04 3.730717427169e+00 1.800000000000e+06 1.000000000000e+05 6.201750000000e+06 2.480700000000e+07 0.000000000000e+00 0.000000000000e+00 0.000000000000e+00 2.588530000000e-04 9.377155862829e-05 0.000000000000e+00 
2.650000000000e-01 6.248989125041e-04 4.948796978801e-03 0.000000000000e+00 1.552120688123e+05 1.552120688123e+05 1.000037307174e+05 5.232788651240e-04 3.730717427169e+00 1.800000000000e+06 1.000000000000e+05 6.201750000000e+06 2.480700000000e+07 0.000000000000e+00 0.000000000000e+00 0.000000000000e+00 2.588530000000e-04 9.373483687492e-05 0.000000000000e+00 
2.700000000000e-01 6.245259204898e-04 4.908787520273e-03 0.000000000000e+00 1.550508602779e+05 1.550508602779e+05 1.000037307174e+05 5.232788651240e-04 3.730717427169e+00 1.800000000000e+06 1.000000000000e+05 6.201750000000e+06 2.480700000000e+07 0.000000000000e+00 0.000000000000e+00 0.000000000000e+00 2.588530000000e-04 9.367888807280e-05 0.000000000000e+00 
2.750000000000e-01 6.240446567231e-04 4.871664166995e-03 0.000000000000e+00 1.548424857886e+05 1.548424857886e+05 1.000037307174e+05 5.232788651240e-04 3.730717427169e+00 1.800000000000e+06 1.000000000000e+05 6.201750000000e+06 2.480700000000e+07 0.000000000000e+00 0.000000000000e+00 0.000000000000e+00 2.588530000000e-04 9.360669850784e-05 0.000000000000e+00 
2.800000000000e-01 6.234764917680e-04 4.838048921089e-03 0.000000000000e+00 1.545959466782e+05 1.545959466782e+05 1.000037307174e+05 5.232788651240e-04 3.730717427169e+00 1.800000000000e+06 1.000000000000e+05 6.201750000000e+06 2.480700000000e+07 0.000000000000e+00 0.000000000000e+00 0.000000000000e+00 2.588530000000e-04 9.352147376462e-05 0.000000000000e+00 
2.850000000000e-01 6.228425985437e-04 4.808256975083e-03 0.000000000000e+00 1.543201961318e+05 1.543201961318e+05 1.000037307174e+05 5.232788651240e-04 3.730717427169e+00 1.800000000000e+06 1.000000000000e+05 6.201750000000e+06 2.480700000000e+07 0.000000000000e+00 0.000000000000e+00 0.000000000000e+00 2.588530000000e-04 9.342638978103e-05 0.000000000000e+00 
2.900000000000e-01 6.221627598867e-04 4.782434840653e-03 0.000000000000e+00 1.540236467222e+05 1.540236467222e+05 1.000037307174e+05 5.232788651240e-04 3.730717427169e+00 1.800000000000e+06 1.000000000000e+05 6.201750000000e+06 2.480700000000e+07 0.000000000000e+00 0.000000000000e+00 0.000000000000e+00 2.588530000000e-04 9.332441398253e-05 0.000000000000e+00 
2.950000000000e-01 6.214545485925e-04 4.760483570632e-03 0.000000000000e+00 1.537138239231e+05 1.537138239231e+05 1.000037307174e+05 5.232788651240e-04 3.730717427169e+00 1.800000000000e+06 1.000000000000e+05 6.201750000000e+06 2.480700000000e+07 0.000000000000e+00 0.000000000000e+00 0.000000000000e+00 2.588530000000e-04 9.321818228844e-05 0.000000000000e+00 
3.000000000000e-01 6.207332331363e-04 4.742259813966e-03 0.000000000000e+00 1.533973238614e+05 1.533973238614e+05 1.000037307174e+05 5.232788651240e-04 3.730717427169e+00 1.800000000000e+06 1.000000000000e+05 6.201750000000e+06 2.480700000000e+07 0.000000000000e+00 0.000000000000e+00 0.000000000000e+00 2.588530000000e-04 9.310998497006e-05 0.000000000000e+00 
3.050000000000e-01 6.200116336785e-04 4.727508964094e-03 0.000000000000e+00 1.530800099091e+05 1.530800099091e+05 1.000039989090e+05 5.232788651240e-04 3.998909004726e+00 1.800000000000e+06 1.000000000000e+05 6.201750000000e+06 2.480700000000e+07 0.000000000000e+00 0.000000000000e+00 0.000000000000e+00 2.588530000000e-04 9.300174505142e-05 0.000000000000e+00 
3.100000000000e-01 6.193010816719e-04 4.715995677002e-03 0.000000000000e+00 1.527663504389e+05 1.527663504389e+05 1.000039989090e+05 5.232788651240e-04 3.998909004726e+00 1.800000000000e+06 1.000000000000e+05 6.201750000000e+06 2.480700000000e+07 0.000000000000e+00 0.000000000000e+00 0.000000000000e+00 2.588530000000e-04 9.289516225047e-05 0.000000000000e+00 
3.150000000000e-01 6.186102611836e-04 4.707303901973e-03 0.000000000000e+00 1.524605039567e+05 1.524605039567e+05 1.000039989090e+05 5.232788651240e-04 3.998909004726e+00 1.800000000000e+06 1.000000000000e+05 6.201750000000e+06 2.480700000000e+07 0.000000000000e+00 0.000000000000e+00 0.000000000000e+00 2.588530000000e-04 9.279153917725e-05 0.000000000000e+00 
3.200000000000e-01 6.179453752665e-04 4.701022934511e-03 0.000000000000e+00 1.521653010606e+05 1.521653010606e+05 1.000039989090e+05 5.232788651240e-04 3.998909004726e+00 1.800000000000e+06 1.000000000000e+05 6.201750000000e+06 2.480700000000e+07 0.000000000000e+00 0.000000000000e+00 0.000000000000e+00 2.588530000000e-04 9.269180628971e-05 0.000000000000e+00 
3.250000000000e-01 6.173107297268e-04 4.696759369939e-03 0.000000000000e+00 1.518827547252e+05 1.518827547252e+05 1.000039989090e+05 5.232788651240e-04 3.998909004726e+00 1.800000000000e+06 1.000000000000e+05 6.201750000000e+06 2.480700000000e+07 0.000000000000e+00 0.000000000000e+00 0.000000000000e+00 2.588530000000e-04 9.259660945878e-05 0.000000000000e+00 
3.300000000000e-01 6.167089922021e-04 4.694129702421e-03 0.000000000000e+00 1.516141622795e+05 1.516141622795e+05 1.000039989090e+05 5.232788651240e-04 3.998909004726e+00 1.800000000000e+06 1.000000000000e+05 6.201750000000e+06 2.480700000000e+07 0.000000000000e+00 0.000000000000e+00 0.000000000000e+00 2.588530000000e-04 9.250634883010e-05 0.000000000000e+00 
3.350000000000e-01 6.161414245896e-04 4.692777714635e-03 0.000000000000e+00 1.513601983002e+05 1.513601983002e+05 1.000039989090e+05 5.232788651240e-04 3.998909004726e+00 1.800000000000e+06 1.000000000000e+05 6.201750000000e+06 2.480700000000e+07 0.000000000000e+00 0.000000000000e+00 0.000000000000e+00 2.588530000000e-04 9.242121368824e-05 0.000000000000e+00 
3.400000000000e-01 6.156079762520e-04 4.692341624934e-03 0.000000000000e+00 1.511209477000e+05 1.511209477000e+05 1.000039989090e+05 5.232788651240e-04 3.998909004726e+00 1.800000000000e+06 1.000000000000e+05 6.201750000000e+06 2.480700000000e+07 0.000000000000e+00 0.000000000000e+00 0.000000000000e+00 2.588530000000e-04 9.234119643761e-05 0.000000000000e+00 
3.450000000000e-01 6.151074190462e-04 4.692485462429e-03 0.000000000000e+00 1.508959594086e+05 1.508959594086e+05 1.000039989090e+05 5.232788651240e-04 3.998909004726e+00 1.800000000000e+06 1.000000000000e+05 6.201750000000e+06 2.480700000000e+07 0.000000000000e+00 0.000000000000e+00 0.000000000000e+00 2.588530000000e-04 9.226611285676e-05 0.000000000000e+00 
3.500000000000e-01 6.146375812745e-04 4.692904159371e-03 0.000000000000e+00 1.506843465599e+05 1.506843465599e+05 1.000039989090e+05 5.232788651240e-04 3.998909004726e+00 1.800000000000e+06 1.000000000000e+05 6.201750000000e+06 2.480700000000e+07 0.000000000000e+00 0.000000000000e+00 0.000000000000e+00 2.588530000000e-04 9.219563719101e-05 0.000000000000e+00 
3.550000000000e-01 6.141955283079e-04 4.693320006791e-03 0.000000000000e+00 1.504848647637e+05 1.504848647637e+05 1.000039989090e+05 5.232788651240e-04 3.998909004726e+00 1.800000000000e+06 1.000000000000e+05 6.201750000000e+06 2.480700000000e+07 0.000000000000e+00 0.000000000000e+00 0.000000000000e+00 2.588530000000e-04 9.212932924603e-05 0.000000000000e+00 
3.600000000000e-01 6.137777135710e-04 4.693484108537e-03 0.000000000000e+00 1.502959785030e+05 1.502959785030e+05 1.000039989090e+05 5.232788651240e-04 3.998909004726e+00 1.800000000000e+06 1.000000000000e+05 6.201750000000e+06 2.480700000000e+07 0.000000000000e+00 0.000000000000e+00 0.000000000000e+00 2.588530000000e-04 9.206665703551e-05 0.000000000000e+00 
3.650000000000e-01 6.133803537285e-04 4.693232182521e-03 0.000000000000e+00 1.501160302275e+05 1.501160302275e+05 1.000039989090e+05 5.232788651240e-04 3.998909004726e+00 1.800000000000e+06 1.000000000000e+05 6.201750000000e+06 2.480700000000e+07 0.000000000000e+00 0.000000000000e+00 0.000000000000e+00 2.588530000000e-04 9.200705305914e-05 0.000000000000e+00 
3.700000000000e-01 6.129995776589e-04 4.692415129508e-03 0.000000000000e+00 1.499433085436e+05 1.499433085436e+05 1.000039989090e+05 5.232788651240e-04 3.998909004726e+00 1.800000000000e+06 1.000000000000e+05 6.201750000000e+06 2.480700000000e+07 0.000000000000e+00 0.000000000000e+00 0.000000000000e+00 2.588530000000e-04 9.194993664871e-05 0.000000000000e+00 
3.750000000000e-01 6.126309470867e-04 4.690796635189e-03 0.000000000000e+00 1.497758312055e+05 1.497758312055e+05 1.000039989090e+05 5.232788651240e-04 3.998909004726e+00 1.800000000000e+06 1.000000000000e+05 6.201750000000e+06 2.480700000000e+07 0.000000000000e+00 0.000000000000e+00 0.000000000000e+00 2.588530000000e-04 9.189464206289e-05 0.000000000000e+00 
3.800000000000e-01 6.122691275222e-04 4.688104350775e-03 0.000000000000e+00 1.496111943190e+05 1.496111943190e+05 1.000039989090e+05 5.232788651240e-04 3.998909004726e+00 1.800000000000e+06 1.000000000000e+05 6.201750000000e+06 2.480700000000e+07 0.000000000000e+00 0.000000000000e+00 0.000000000000e+00 2.588530000000e-04 9.184036912822e-05 0.000000000000e+00 
3.850000000000e-01 6.119078455066e-04 4.684033219236e-03 0.000000000000e+00 1.494465505144e+05 1.494465505144e+05 1.000039989090e+05 5.232788651240e-04 3.998909004726e+00 1.800000000000e+06 1.000000000000e+05 6.201750000000e+06 2.480700000000e+07 0.000000000000e+00 0.000000000000e+00 0.000000000000e+00 2.588530000000e-04 9.178617682589e-05 0.000000000000e+00 
3.900000000000e-01 6.115394781285e-04 4.678158601547e-03 0.000000000000e+00 1.492784184757e+05 1.492784184757e+05 1.000039989090e+05 5.232788651240e-04 3.998909004726e+00 1.800000000000e+06 1.000000000000e+05 6.201750000000e+06 2.480700000000e+07 0.000000000000e+00 0.000000000000e+00 0.000000000000e+00 2.588530000000e-04 9.173092171918e-05 0.000000000000e+00 
3.950000000000e-01 6.111540511292e-04 4.669823750926e-03 0.000000000000e+00 1.491022191611e+05 1.491022191611e+05 1.000039989090e+05 5.232788651240e-04 3.998909004726e+00 1.800000000000e+06 1.000000000000e+05 6.201750000000e+06 2.480700000000e+07 0.000000000000e+00 0.000000000000e+00 0.000000000000e+00 2.588530000000e-04 9.167310766929e-05 0.000000000000e+00 
4.000000000000e-01 6.107364537775e-04 4.657711519023e-03 0.000000000000e+00 1.489109882101e+05 1.489109882101e+05 1.000039989090e+05 5.232788651240e-04 3.998909004726e+00 1.800000000000e+06 1.000000000000e+05 6.201750000000e+06 2.480700000000e+07 0.000000000000e+00 0.000000000000e+00 0.000000000000e+00 2.588530000000e-04 9.161046806654e-05 0.000000000000e+00 
4.050000000000e-01 6.102658778071e-04 4.639869774784e-03 0.000000000000e+00 1.486939847685e+05 1.486939847685e+05 1.000028928068e+05 5.232788651240e-04 2.892806776786e+00 1.800000000000e+06 1.000000000000e+05 6.201750000000e+06 2.480700000000e+07 0.000000000000e+00 0.000000000000e+00 0.000000000000e+00 2.588530000000e-04 9.153988167099e-05 0.000000000000e+00 
4.100000000000e-01 6.097031568160e-04 4.613497794789e-03 0.000000000000e+00 1.484352457987e+05 1.484352457987e+05 1.000028928068e+05 5.232788651240e-04 2.892806776786e+00 1.800000000000e+06 1.000000000000e+05 6.201750000000e+06 2.480700000000e+07 0.000000000000e+00 0.000000000000e+00 0.000000000000e+00 2.588530000000e-04 9.145547352233e-05 0.000000000000e+00 
4.150000000000e-01 6.090056674113e-04 4.575702059879e-03 0.000000000000e+00 1.481136819227e+05 1.481136819227e+05 1.000028928068e+05 5.232788651240e-04 2.892806776786e+00 1.800000000000e+06 1.000000000000e+05 6.201750000000e+06 2.480700000000e+07 0.000000000000e+00 0.000000000000e+00 0.000000000000e+00 2.588530000000e-04 9.135085011163e-05 0.000000000000e+00 
4.200000000000e-01 6.081181309679e-04 4.523197082228e-03 0.000000000000e+00 1.477031213023e+05 1.477031213023e+05 1.000028928068e+05 5.232788651240e-04 2.892806776786e+00 1.800000000000e+06 1.000000000000e+05 6.201750000000e+06 2.480700000000e+07 0.000000000000e+00 0.000000000000e+00 0.000000000000e+00 2.588530000000e-04 9.121771964513e-05 0.000000000000e+00 
4.250000000000e-01 6.069845413972e-04 4.454731739746e-03 0.000000000000e+00 1.471764827746e+05 1.471764827746e+05 1.000028928068e+05 5.232788651240e-04 2.892806776786e+00 1.800000000000e+06 1.000000000000e+05 6.201750000000e+06 2.480700000000e+07 0.000000000000e+00 0.000000000000e+00 0.000000000000e+00 2.588530000000e-04 9.104768120953e-05 0.000000000000e+00 
4.300000000000e-01 6.055639573340e-04 4.371967726535e-03 0.000000000000e+00 1.465129156397e+05 1.465129156397e+05 1.000028928068e+05 5.232788651240e-04 2.892806776786e+00 1.800000000000e+06 1.000000000000e+05 6.201750000000e+06 2.480700000000e+07 0.000000000000e+00 0.000000000000e+00 0.000000000000e+00 2.588530000000e-04 9.083459360007e-05 0.000000000000e+00 
4.350000000000e-01 6.038488053072e-04 4.281067201861e-03 0.000000000000e+00 1.457063783266e+05 1.457063783266e+05 1.000028928068e+05 5.232788651240e-04 2.892806776786e+00 1.800000000000e+06 1.000000000000e+05 6.201750000000e+06 2.480700000000e+07 0.000000000000e+00 0.000000000000e+00 0.000000000000e+00 2.588530000000e-04 9.057732079605e-05 0.000000000000e+00 
4.400000000000e-01 6.018720047115e-04 4.189939481220e-03 0.000000000000e+00 1.447694400564e+05 1.447694400564e+05 1.000028928068e+05 5.232788651240e-04 2.892806776786e+00 1.800000000000e+06 1.000000000000e+05 6.201750000000e+06 2.480700000000e+07 0.000000000000e+00 0.000000000000e+00 0.000000000000e+00 2.588530000000e-04 9.028080070671e-05 0.000000000000e+00 
4.450000000000e-01 5.997182356059e-04 4.108817471057e-03 0.000000000000e+00 1.437395523548e+05 1.437395523548e+05 1.000028928068e+05 5.232788651240e-04 2.892806776786e+00 1.800000000000e+06 1.000000000000e+05 6.201750000000e+06 2.480700000000e+07 0.000000000000e+00 0.000000000000e+00 0.000000000000e+00 2.588530000000e-04 8.995773534087e-05 0.000000000000e+00 
4.500000000000e-01 5.975049975630e-04 4.046035014713e-03 0.000000000000e+00 1.426712550777e+05 1.426712550777e+05 1.000028928068e+05 5.232788651240e-04 2.892806776786e+00 1.800000000000e+06 1.000000000000e+05 6.201750000000e+06 2.480700000000e+07 0.000000000000e+00 0.000000000000e+00 0.000000000000e+00 2.588530000000e-04 8.962574963444e-05 0.000000000000e+00 
4.550000000000e-01 5.953529419465e-04 4.006396402613e-03 0.000000000000e+00 1.416226783210e+05 1.416226783210e+05 1.000028928068e+05 5.232788651240e-04 2.892806776786e+00 1.800000000000e+06 1.000000000000e+05 6.201750000000e+06 2.480700000000e+07 0.000000000000e+00 0.000000000000e+00 0.000000000000e+00 2.588530000000e-04 8.930294129197e-05 0.000000000000e+00 
4.600000000000e-01 5.933579551260e-04 3.989377175647e-03 0.000000000000e+00 1.406418889354e+05 1.406418889354e+05 1.000028928068e+05 5.232788651240e-04 2.892806776786e+00 1.800000000000e+06 1.000000000000e+05 6.201750000000e+06 2.480700000000e+07 0.000000000000e+00 0.000000000000e+00 0.000000000000e+00 2.588530000000e-04 8.900369326890e-05 0.000000000000e+00 
4.650000000000e-01 5.915786892245e-04 3.991735425701e-03 0.000000000000e+00 1.397599776876e+05 1.397599776876e+05 1.000028928068e+05 5.232788651240e-04 2.892806776786e+00 1.800000000000e+06 1.000000000000e+05 6.201750000000e+06 2.480700000000e+07 0.000000000000e+00 0.000000000000e+00 0.000000000000e+00 2.588530000000e-04 8.873680338368e-05 0.000000000000e+00 
4.700000000000e-01 5.900432630343e-04 4.009051346926e-03 0.000000000000e+00 1.389934350767e+05 1.389934350767e+05 1.000028928068e+05 5.232788651240e-04 2.892806776786e+00 1.800000000000e+06 1.000000000000e+05 6.201750000000e+06 2.480700000000e+07 0.000000000000e+00 0.000000000000e+00 0.000000000000e+00 2.588530000000e-04 8.850648945515e-05 0.000000000000e+00 
4.750000000000e-01 5.887538823998e-04 4.036800181761e-03 0.000000000000e+00 1.383457624924e+05 1.383457624924e+05 1.000028928068e+05 5.232788651240e-04 2.892806776786e+00 1.800000000000e+06 1.000000000000e+05 6.201750000000e+06 2.480700000000e+07 0.000000000000e+00 0.000000000000e+00 0.000000000000e+00 2.588530000000e-04 8.831308235997e-05 0.000000000000e+00 
4.800000000000e-01 5.876887441581e-04 4.069569639331e-03 0.000000000000e+00 1.378079794485e+05 1.378079794485e+05 1.000028928068e+05 5.232788651240e-04 2.892806776786e+00 1.800000000000e+06 1.000000000000e+05 6.201750000000e+06 2.480700000000e+07 0.000000000000e+00 0.000000000000e+00 0.000000000000e+00 2.588530000000e-04 8.815331162371e-05 0.000000000000e+00 
4.850000000000e-01 5.868193772120e-04 4.103486149499e-03 0.000000000000e+00 1.373671847477e+05 1.373671847477e+05 1.000028928068e+05 5.232788651240e-04 2.892806776786e+00 1.800000000000e+06 1.000000000000e+05 6.201750000000e+06 2.480700000000e+07 0.000000000000e+00 0.000000000000e+00 0.000000000000e+00 2.588530000000e-04 8.802290658180e-05 0.000000000000e+00 
4.900000000000e-01 5.861145338558e-04 4.136032757378e-03 0.000000000000e+00 1.370085779904e+05 1.370085779904e+05 1.000028928068e+05 5.232788651240e-04 2.892806776786e+00 1.800000000000e+06 1.000000000000e+05 6.201750000000e+06 2.480700000000e+07 0.000000000000e+00 0.000000000000e+00 0.000000000000e+00 2.588530000000e-04 8.791718007837e-05 0.000000000000e+00 
4.950000000000e-01 5.855433236971e-04 4.165513792209e-03 0.000000000000e+00 1.367171489403e+05 1.367171489403e+05 1.000028928068e+05 5.232788651240e-04 2.892806776786e+00 1.800000000000e+06 1.000000000000e+05 6.201750000000e+06 2.480700000000e+07 0.000000000000e+00 0.000000000000e+00 0.000000000000e+00 2.588530000000e-04 8.783149855456e-05 0.000000000000e+00 
5.000000000000e-01 5.850776799028e-04 4.191102993461e-03 0.000000000000e+00 1.364790400893e+05 1.364790400893e+05 1.000028928068e+05 5.232788651240e-04 2.892806776786e+00 1.800000000000e+06 1.000000000000e+05 6.201750000000e+06 2.480700000000e+07 0.000000000000e+00 0.000000000000e+00 0.000000000000e+00 2.588530000000e-04 8.776165198542e-05 0.000000000000e+00 
5.050000000000e-01 5.846931100299e-04 4.212213867357e-03 0.000000000000e+00 1.362810002197e+05 1.362810002197e+05 1.000018705346e+05 5.232788651240e-04 1.870534613138e+00 1.800000000000e+06 1.000000000000e+05 6.201750000000e+06 2.480700000000e+07 0.000000000000e+00 0.000000000000e+00 0.000000000000e+00 2.588530000000e-04 8.770396650449e-05 0.000000000000e+00 
5.100000000000e-01 5.843682930471e-04 4.229195917901e-03 0.000000000000e+00 1.361143357447e+05 1.361143357447e+05 1.000018705346e+05 5.232788651240e-04 1.870534613138e+00 1.800000000000e+06 1.000000000000e+05 6.201750000000e+06 2.480700000000e+07 0.000000000000e+00 0.000000000000e+00 0.000000000000e+00 2.588530000000e-04 8.765524395707e-05 0.000000000000e+00 
5.150000000000e-01 5.840851942342e-04 4.241776788313e-03 0.000000000000e+00 1.359688834167e+05 1.359688834167e+05 1.000018705346e+05 5.232788651240e-04 1.870534613138e+00 1.800000000000e+06 1.000000000000e+05 6.201750000000e+06 2.480700000000e+07 0.000000000000e+00 0.000000000000e+00 0.000000000000e+00 2.588530000000e-04 8.761277913513e-05 0.000000000000e+00 
5.200000000000e-01 5.838285325524e-04 4.250402106906e-03 0.000000000000e+00 1.358368580622e+05 1.358368580622e+05 1.000018705346e+05 5.232788651240e-04 1.870534613138e+00 1.800000000000e+06 1.000000000000e+05 6.201750000000e+06 2.480700000000e+07 0.000000000000e+00 0.000000000000e+00 0.000000000000e+00 2.588530000000e-04 8.757427988286e-05 0.000000000000e+00 
5.250000000000e-01 5.835877820326e-04 4.255803656623e-03 0.000000000000e+00 1.357128822163e+05 1.357128822163e+05 1.000018705346e+05 5.232788651240e-04 1.870534613138e+00 1.800000000000e+06 1.000000000000e+05 6.201750000000e+06 2.480700000000e+07 0.000000000000e+00 0.000000000000e+00 0.000000000000e+00 2.588530000000e-04 8.753816730488e-05 0.000000000000e+00 
5.300000000000e-01 5.833550623980e-04 4.258380218310e-03 0.000000000000e+00 1.355929174352e+05 1.355929174352e+05 1.000018705346e+05 5.232788651240e-04 1.870534613138e+00 1.800000000000e+06 1.000000000000e+05 6.201750000000e+06 2.480700000000e+07 0.000000000000e+00 0.000000000000e+00 0.000000000000e+00 2.588530000000e-04 8.750325935970e-05 0.000000000000e+00 
5.350000000000e-01 5.831237886899e-04 4.258517296565e-03 0.000000000000e+00 1.354735766175e+05 1.354735766175e+05 1.000018705346e+05 5.232788651240e-04 1.870534613138e+00 1.800000000000e+06 1.000000000000e+05 6.201750000000e+06 2.480700000000e+07 0.000000000000e+00 0.000000000000e+00 0.000000000000e+00 2.588530000000e-04 8.746856830348e-05 0.000000000000e+00 
5.400000000000e-01 5.828887331783e-04 4.256572795519e-03 0.000000000000e+00 1.353521601614e+05 1.353521601614e+05 1.000018705346e+05 5.232788651240e-04 1.870534613138e+00 1.800000000000e+06 1.000000000000e+05 6.201750000000e+06 2.480700000000e+07 0.000000000000e+00 0.000000000000e+00 0.000000000000e+00 2.588530000000e-04 8.743330997674e-05 0.000000000000e+00 
5.450000000000e-01 5.826457038808e-04 4.252827976173e-03 0.000000000000e+00 1.352264931005e+05 1.352264931005e+05 1.000018705346e+05 5.232788651240e-04 1.870534613138e+00 1.800000000000e+06 1.000000000000e+05 6.201750000000e+06 2.480700000000e+07 0.000000000000e+00 0.000000000000e+00 0.000000000000e+00 2.588530000000e-04 8.739685558212e-05 0.000000000000e+00 
5.500000000000e-01 5.823922433664e-04 4.247757869927e-03 0.000000000000e+00 1.350952892600e+05 1.350952892600e+05 1.000018705346e+05 5.232788651240e-04 1.870534613138e+00 1.800000000000e+06 1.000000000000e+05 6.201750000000e+06 2.480700000000e+07 0.000000000000e+00 0.000000000000e+00 0.000000000000e+00 2.588530000000e-04 8.735883650496e-05 0.000000000000e+00 
5.550000000000e-01 5.821271844955e-04 4.241654630484e-03 0.000000000000e+00 1.349579251867e+05 1.349579251867e+05 1.000018705346e+05 5.232788651240e-04 1.870534613138e+00 1.800000000000e+06 1.000000000000e+05 6.201750000000e+06 2.480700000000e+07 0.000000000000e+00 0.000000000000e+00 0.000000000000e+00 2.588530000000e-04 8.731907767433e-05 0.000000000000e+00 
5.600000000000e-01 5.818490306716e-04 4.234548515703e-03 0.000000000000e+00 1.348136026454e+05 1.348136026454e+05 1.000018705346e+05 5.232788651240e-04 1.870534613138e+00 1.800000000000e+06 1.000000000000e+05 6.201750000000e+06 2.480700000000e+07 0.000000000000e+00 0.000000000000e+00 0.000000000000e+00 2.588530000000e-04 8.727735460074e-05 0.000000000000e+00 
5.650000000000e-01 5.815565855474e-04 4.226659025504e-03 0.000000000000e+00 1.346616745246e+05 1.346616745246e+05 1.000018705346e+05 5.232788651240e-04 1.870534613138e+00 1.800000000000e+06 1.000000000000e+05 6.201750000000e+06 2.480700000000e+07 0.000000000000e+00 0.000000000000e+00 0.000000000000e+00 2.588530000000e-04 8.723348783211e-05 0.000000000000e+00 
5.700000000000e-01 5.812493739533e-04 4.218141548380e-03 0.000000000000e+00 1.345018645108e+05 1.345018645108e+05 1.000018705346e+05 5.232788651240e-04 1.870534613138e+00 1.800000000000e+06 1.000000000000e+05 6.201750000000e+06 2.480700000000e+07 0.000000000000e+00 0.000000000000e+00 0.000000000000e+00 2.588530000000e-04 8.718740609299e-05 0.000000000000e+00 
5.750000000000e-01 5.809273760671e-04 4.209150765738e-03 0.000000000000e+00 1.343341307526e+05 1.343341307526e+05 1.000018705346e+05 5.232788651240e-04 1.870534613138e+00 1.800000000000e+06 1.000000000000e+05 6.201750000000e+06 2.480700000000e+07 0.000000000000e+00 0.000000000000e+00 0.000000000000e+00 2.588530000000e-04 8.713910641006e-05 0.000000000000e+00 
5.800000000000e-01 5.805908612489e-04 4.199794296430e-03 0.000000000000e+00 1.341585806931e+05 1.341585806931e+05 1.000018705346e+05 5.232788651240e-04 1.870534613138e+00 1.800000000000e+06 1.000000000000e+05 6.201750000000e+06 2.480700000000e+07 0.000000000000e+00 0.000000000000e+00 0.000000000000e+00 2.588530000000e-04 8.708862918733e-05 0.000000000000e+00 
5.850000000000e-01 5.802405229481e-04 4.190228350846e-03 0.000000000000e+00 1.339755427548e+05 1.339755427548e+05 1.000018705346e+05 5.232788651240e-04 1.870534613138e+00 1.800000000000e+06 1.000000000000e+05 6.201750000000e+06 2.480700000000e+07 0.000000000000e+00 0.000000000000e+00 0.000000000000e+00 2.588530000000e-04 8.703607844222e-05 0.000000000000e+00 
5.900000000000e-01 5.798771520470e-04 4.180500403110e-03 0.000000000000e+00 1.337853971266e+05 1.337853971266e+05 1.000018705346e+05 5.232788651240e-04 1.870534613138e+00 1.800000000000e+06 1.000000000000e+05 6.201750000000e+06 2.480700000000e+07 0.000000000000e+00 0.000000000000e+00 0.000000000000e+00 2.588530000000e-04 8.698157280705e-05 0.000000000000e+00 
5.950000000000e-01 5.795015362135e-04 4.170681698366e-03 0.000000000000e+00 1.335885236039e+05 1.335885236039e+05 1.000018705346e+05 5.232788651240e-04 1.870534613138e+00 1.800000000000e+06 1.000000000000e+05 6.201750000000e+06 2.480700000000e+07 0.000000000000e+00 0.000000000000e+00 0.000000000000e+00 2.588530000000e-04 8.692523043203e-05 0.000000000000e+00 
6.000000000000e-01 5.791146175694e-04 4.160839099824e-03 0.000000000000e+00 1.333853846551e+05 1.333853846551e+05 1.000018705346e+05 5.232788651240e-04 1.870534613138e+00 1.800000000000e+06 1.000000000000e+05 6.201750000000e+06 2.480700000000e+07 0.000000000000e+00 0.000000000000e+00 0.000000000000e+00 2.588530000000e-04 8.686719263541e-05 0.000000000000e+00 
6.050000000000e-01 5.787158420296e-04 4.151019894034e-03 0.000000000000e+00 1.331761090040e+05 1.331761090040e+05 1.000023220745e+05 5.232788651240e-04 2.322074512941e+00 1.800000000000e+06 1.000000000000e+05 6.201750000000e+06 2.480700000000e+07 0.000000000000e+00 0.000000000000e+00 0.000000000000e+00 2.588530000000e-04 8.680737630443e-05 0.000000000000e+00 
6.100000000000e-01 5.783096696647e-04 4.141274235729e-03 0.000000000000e+00 1.329621117814e+05 1.329621117814e+05 1.000023220745e+05 5.232788651240e-04 2.322074512941e+00 1.800000000000e+06 1.000000000000e+05 6.201750000000e+06 2.480700000000e+07 0.000000000000e+00 0.000000000000e+00 0.000000000000e+00 2.588530000000e-04 8.674645044970e-05 0.000000000000e+00 
6.150000000000e-01 5.778951623049e-04 4.131619131609e-03 0.000000000000e+00 1.327433270280e+05 1.327433270280e+05 1.000023220745e+05 5.232788651240e-04 2.322074512941e+00 1.800000000000e+06 1.000000000000e+05 6.201750000000e+06 2.480700000000e+07 0.000000000000e+00 0.000000000000e+00 0.000000000000e+00 2.588530000000e-04 8.668427434574e-05 0.000000000000e+00 
6.200000000000e-01 5.774733823483e-04 4.122073049148e-03 0.000000000000e+00 1.325202919364e+05 1.325202919364e+05 1.000023220745e+05 5.232788651240e-04 2.322074512941e+00 1.800000000000e+06 1.000000000000e+05 6.201750000000e+06 2.480700000000e+07 0.000000000000e+00 0.000000000000e+00 0.000000000000e+00 2.588530000000e-04 8.662100735225e-05 0.000000000000e+00 
6.250000000000e-01 5.770452724015e-04 4.112644110043e-03 0.000000000000e+00 1.322934838451e+05 1.322934838451e+05 1.000023220745e+05 5.232788651240e-04 2.322074512941e+00 1.800000000000e+06 1.000000000000e+05 6.201750000000e+06 2.480700000000e+07 0.000000000000e+00 0.000000000000e+00 0.000000000000e+00 2.588530000000e-04 8.655679086023e-05 0.000000000000e+00 
6.300000000000e-01 5.766116720546e-04 4.103334246073e-03 0.000000000000e+00 1.320633287292e+05 1.320633287292e+05 1.000023220745e+05 5.232788651240e-04 2.322074512941e+00 1.800000000000e+06 1.000000000000e+05 6.201750000000e+06 2.480700000000e+07 0.000000000000e+00 0.000000000000e+00 0.000000000000e+00 2.588530000000e-04 8.649175080819e-05 0.000000000000e+00 
6.350000000000e-01 5.761732570172e-04 4.094122165678e-03 0.000000000000e+00 1.318301684186e+05 1.318301684186e+05 1.000023220745e+05 5.232788651240e-04 2.322074512941e+00 1.800000000000e+06 1.000000000000e+05 6.201750000000e+06 2.480700000000e+07 0.000000000000e+00 0.000000000000e+00 0.000000000000e+00 2.588530000000e-04 8.642598855257e-05 0.000000000000e+00 
6.400000000000e-01 5.757305517784e-04 4.084989850463e-03 0.000000000000e+00 1.315942666130e+05 1.315942666130e+05 1.000023220745e+05 5.232788651240e-04 2.322074512941e+00 1.800000000000e+06 1.000000000000e+05 6.201750000000e+06 2.480700000000e+07 0.000000000000e+00 0.000000000000e+00 0.000000000000e+00 2.588530000000e-04 8.635958276675e-05 0.000000000000e+00 
6.450000000000e-01 5.752839519525e-04 4.075911570246e-03 0.000000000000e+00 1.313558201124e+05 1.313558201124e+05 1.000023220745e+05 5.232788651240e-04 2.322074512941e+00 1.800000000000e+06 1.000000000000e+05 6.201750000000e+06 2.480700000000e+07 0.000000000000e+00 0.000000000000e+00 0.000000000000e+00 2.588530000000e-04 8.629259279288e-05 0.000000000000e+00 
6.500000000000e-01 5.748337052987e-04 4.066855528664e-03 0.000000000000e+00 1.311149480270e+05 1.311149480270e+05 1.000023220745e+05 5.232788651240e-04 2.322074512941e+00 1.800000000000e+06 1.000000000000e+05 6.201750000000e+06 2.480700000000e+07 0.000000000000e+00 0.000000000000e+00 0.000000000000e+00 2.588530000000e-04 8.622505579480e-05 0.000000000000e+00 
6.550000000000e-01 5.743799068415e-04 4.057785031280e-03 0.000000000000e+00 1.308716884051e+05 1.308716884051e+05 1.000023220745e+05 5.232788651240e-04 2.322074512941e+00 1.800000000000e+06 1.000000000000e+05 6.201750000000e+06 2.480700000000e+07 0.000000000000e+00 0.000000000000e+00 0.000000000000e+00 2.588530000000e-04 8.615698602622e-05 0.000000000000e+00 
6.600000000000e-01 5.739224987231e-04 4.048659330725e-03 0.000000000000e+00 1.306259973470e+05 1.306259973470e+05 1.000023220745e+05 5.232788651240e-04 2.322074512941e+00 1.800000000000e+06 1.000000000000e+05 6.201750000000e+06 2.480700000000e+07 0.000000000000e+00 0.000000000000e+00 0.000000000000e+00 2.588530000000e-04 8.608837480846e-05 0.000000000000e+00 
6.650000000000e-01 5.734612755458e-04 4.039435163770e-03 0.000000000000e+00 1.303777510497e+05 1.303777510497e+05 1.000023220745e+05 5.232788651240e-04 2.322074512941e+00 1.800000000000e+06 1.000000000000e+05 6.201750000000e+06 2.480700000000e+07 0.000000000000e+00 0.000000000000e+00 0.000000000000e+00 2.588530000000e-04 8.601919133187e-05 0.000000000000e+00 
6.700000000000e-01 5.729958988364e-04 4.030069044559e-03 0.000000000000e+00 1.301267527854e+05 1.301267527854e+05 1.000023220745e+05 5.232788651240e-04 2.322074512941e+00 1.800000000000e+06 1.000000000000e+05 6.201750000000e+06 2.480700000000e+07 0.000000000000e+00 0.000000000000e+00 0.000000000000e+00 2.588530000000e-04 8.594938482547e-05 0.000000000000e+00 
6.750000000000e-01 5.725259080283e-04 4.020516570621e-03 0.000000000000e+00 1.298727380640e+05 1.298727380640e+05 1.000023220745e+05 5.232788651240e-04 2.322074512941e+00 1.800000000000e+06 1.000000000000e+05 6.201750000000e+06 2.480700000000e+07 0.000000000000e+00 0.000000000000e+00 0.000000000000e+00 2.588530000000e-04 8.587888620425e-05 0.000000000000e+00 
6.800000000000e-01 5.720507358159e-04 4.010734932980e-03 0.000000000000e+00 1.296153822116e+05 1.296153822116e+05 1.000023220745e+05 5.232788651240e-04 2.322074512941e+00 1.800000000000e+06 1.000000000000e+05 6.201750000000e+06 2.480700000000e+07 0.000000000000e+00 0.000000000000e+00 0.000000000000e+00 2.588530000000e-04 8.580761037238e-05 0.000000000000e+00 
6.850000000000e-01 5.715697251219e-04 4.000682814085e-03 0.000000000000e+00 1.293543088980e+05 1.293543088980e+05 1.000023220745e+05 5.232788651240e-04 2.322074512941e+00 1.800000000000e+06 1.000000000000e+05 6.201750000000e+06 2.480700000000e+07 0.000000000000e+00 0.000000000000e+00 0.000000000000e+00 2.588530000000e-04 8.573545876828e-05 0.000000000000e+00 
6.900000000000e-01 5.710821465703e-04 3.990321729496e-03 0.000000000000e+00 1.290890990245e+05 1.290890990245e+05 1.000023220745e+05 5.232788651240e-04 2.322074512941e+00 1.800000000000e+06 1.000000000000e+05 6.201750000000e+06 2.480700000000e+07 0.000000000000e+00 0.000000000000e+00 0.000000000000e+00 2.588530000000e-04 8.566232198555e-05 0.000000000000e+00 
6.950000000000e-01 5.705872211891e-04 3.979617417163e-03 0.000000000000e+00 1.288193025543e+05 1.288193025543e+05 1.000023220745e+05 5.232788651240e-04 2.322074512941e+00 1.800000000000e+06 1.000000000000e+05 6.201750000000e+06 2.480700000000e+07 0.000000000000e+00 0.000000000000e+00 0.000000000000e+00 2.588530000000e-04 8.558808317836e-05 0.000000000000e+00 
7.000000000000e-01 5.700841453649e-04 3.968539618533e-03 0.000000000000e+00 1.285444517045e+05 1.285444517045e+05 1.000023220745e+05 5.232788651240e-04 2.322074512941e+00 1.800000000000e+06 1.000000000000e+05 6.201750000000e+06 2.480700000000e+07 0.000000000000e+00 0.000000000000e+00 0.000000000000e+00 2.588530000000e-04 8.551262180473e-05 0.000000000000e+00 
7.050000000000e-01 5.695733862988e-04 3.957063359144e-03 0.000000000000e+00 1.282639890542e+05 1.282639890542e+05 1.000015403419e+05 5.232788651240e-04 1.540341885896e+00 1.800000000000e+06 1.000000000000e+05 6.201750000000e+06 2.480700000000e+07 0.000000000000e+00 0.000000000000e+00 0.000000000000e+00 2.588530000000e-04 8.543600794483e-05 0.000000000000e+00 
7.100000000000e-01 5.690516173962e-04 3.945170913273e-03 0.000000000000e+00 1.279776194728e+05 1.279776194728e+05 1.000015403419e+05 5.232788651240e-04 1.540341885896e+00 1.800000000000e+06 1.000000000000e+05 6.201750000000e+06 2.480700000000e+07 0.000000000000e+00 0.000000000000e+00 0.000000000000e+00 2.588530000000e-04 8.535774188569e-05 0.000000000000e+00 
7.150000000000e-01 5.685192623864e-04 3.932846535486e-03 0.000000000000e+00 1.276847502983e+05 1.276847502983e+05 1.000015403419e+05 5.232788651240e-04 1.540341885896e+00 1.800000000000e+06 1.000000000000e+05 6.201750000000e+06 2.480700000000e+07 0.000000000000e+00 0.000000000000e+00 0.000000000000e+00 2.588530000000e-04 8.527788869465e-05 0.000000000000e+00 
7.200000000000e-01 5.679756244060e-04 3.920080809161e-03 0.000000000000e+00 1.273849529896e+05 1.273849529896e+05 1.000015403419e+05 5.232788651240e-04 1.540341885896e+00 1.800000000000e+06 1.000000000000e+05 6.201750000000e+06 2.480700000000e+07 0.000000000000e+00 0.000000000000e+00 0.000000000000e+00 2.588530000000e-04 8.519634305477e-05 0.000000000000e+00 
7.250000000000e-01 5.674200352722e-04 3.906869915007e-03 0.000000000000e+00 1.270778099506e+05 1.270778099506e+05 1.000015403419e+05 5.232788651240e-04 1.540341885896e+00 1.800000000000e+06 1.000000000000e+05 6.201750000000e+06 2.480700000000e+07 0.000000000000e+00 0.000000000000e+00 0.000000000000e+00 2.588530000000e-04 8.511300473873e-05 0.000000000000e+00 
7.300000000000e-01 5.668518964897e-04 3.893215053397e-03 0.000000000000e+00 1.267629372394e+05 1.267629372394e+05 1.000015403419e+05 5.232788651240e-04 1.540341885896e+00 1.800000000000e+06 1.000000000000e+05 6.201750000000e+06 2.480700000000e+07 0.000000000000e+00 0.000000000000e+00 0.000000000000e+00 2.588530000000e-04 8.502778397228e-05 0.000000000000e+00 
7.350000000000e-01 5.662706888510e-04 3.879121692207e-03 0.000000000000e+00 1.264399901615e+05 1.264399901615e+05 1.000015403419e+05 5.232788651240e-04 1.540341885896e+00 1.800000000000e+06 1.000000000000e+05 6.201750000000e+06 2.480700000000e+07 0.000000000000e+00 0.000000000000e+00 0.000000000000e+00 2.588530000000e-04 8.494060287435e-05 0.000000000000e+00 
7.400000000000e-01 5.656759816414e-04 3.864600006599e-03 0.000000000000e+00 1.261086687525e+05 1.261086687525e+05 1.000015403419e+05 5.232788651240e-04 1.540341885896e+00 1.800000000000e+06 1.000000000000e+05 6.201750000000e+06 2.480700000000e+07 0.000000000000e+00 0.000000000000e+00 0.000000000000e+00 2.588530000000e-04 8.485139683779e-05 0.000000000000e+00 
7.450000000000e-01 5.650674407991e-04 3.849664370365e-03 0.000000000000e+00 1.257687227949e+05 1.257687227949e+05 1.000015403419e+05 5.232788651240e-04 1.540341885896e+00 1.800000000000e+06 1.000000000000e+05 6.201750000000e+06 2.480700000000e+07 0.000000000000e+00 0.000000000000e+00 0.000000000000e+00 2.588530000000e-04 8.476011575336e-05 0.000000000000e+00 
7.500000000000e-01 5.644448334167e-04 3.834332857469e-03 0.000000000000e+00 1.254199549041e+05 1.254199549041e+05 1.000015403419e+05 5.232788651240e-04 1.540341885896e+00 1.800000000000e+06 1.000000000000e+05 6.201750000000e+06 2.480700000000e+07 0.000000000000e+00 0.000000000000e+00 0.000000000000e+00 2.588530000000e-04 8.466672468501e-05 0.000000000000e+00 
7.550000000000e-01 5.638080305041e-04 3.818626903943e-03 0.000000000000e+00 1.250622227313e+05 1.250622227313e+05 1.000015403419e+05 5.232788651240e-04 1.540341885896e+00 1.800000000000e+06 1.000000000000e+05 6.201750000000e+06 2.480700000000e+07 0.000000000000e+00 0.000000000000e+00 0.000000000000e+00 2.588530000000e-04 8.457120428428e-05 0.000000000000e+00 
7.600000000000e-01 5.631570084162e-04 3.802570622831e-03 0.000000000000e+00 1.246954405002e+05 1.246954405002e+05 1.000015403419e+05 5.232788651240e-04 1.540341885896e+00 1.800000000000e+06 1.000000000000e+05 6.201750000000e+06 2.480700000000e+07 0.000000000000e+00 0.000000000000e+00 0.000000000000e+00 2.588530000000e-04 8.447355100446e-05 0.000000000000e+00 
7.650000000000e-01 5.624918415192e-04 3.786189878948e-03 0.000000000000e+00 1.243195756625e+05 1.243195756625e+05 1.000015403419e+05 5.232788651240e-04 1.540341885896e+00 1.800000000000e+06 1.000000000000e+05 6.201750000000e+06 2.480700000000e+07 0.000000000000e+00 0.000000000000e+00 0.000000000000e+00 2.588530000000e-04 8.437377600056e-05 0.000000000000e+00 
7.700000000000e-01 5.618127030087e-04 3.769512466366e-03 0.000000000000e+00 1.239346501698e+05 1.239346501698e+05 1.000015403419e+05 5.232788651240e-04 1.540341885896e+00 1.800000000000e+06 1.000000000000e+05 6.201750000000e+06 2.480700000000e+07 0.000000000000e+00 0.000000000000e+00 0.000000000000e+00 2.588530000000e-04 8.427190525199e-05 0.000000000000e+00 
7.750000000000e-01 5.611198628403e-04 3.752567901772e-03 0.000000000000e+00 1.235407401718e+05 1.235407401718e+05 1.000015403419e+05 5.232788651240e-04 1.540341885896e+00 1.800000000000e+06 1.000000000000e+05 6.201750000000e+06 2.480700000000e+07 0.000000000000e+00 0.000000000000e+00 0.000000000000e+00 2.588530000000e-04 8.416797925220e-05 0.000000000000e+00 
7.800000000000e-01 5.604136846384e-04 3.735387230627e-03 0.000000000000e+00 1.231379751716e+05 1.231379751716e+05 1.000015403419e+05 5.232788651240e-04 1.540341885896e+00 1.800000000000e+06 1.000000000000e+05 6.201750000000e+06 2.480700000000e+07 0.000000000000e+00 0.000000000000e+00 0.000000000000e+00 2.588530000000e-04 8.406205254494e-05 0.000000000000e+00 
7.850000000000e-01 5.596946214952e-04 3.718002496315e-03 0.000000000000e+00 1.227265365696e+05 1.227265365696e+05 1.000015403419e+05 5.232788651240e-04 1.540341885896e+00 1.800000000000e+06 1.000000000000e+05 6.201750000000e+06 2.480700000000e+07 0.000000000000e+00 0.000000000000e+00 0.000000000000e+00 2.588530000000e-04 8.395419309417e-05 0.000000000000e+00 
7.900000000000e-01 5.589632089409e-04 3.700446068500e-03 0.000000000000e+00 1.223066545903e+05 1.223066545903e+05 1.000015403419e+05 5.232788651240e-04 1.540341885896e+00 1.800000000000e+06 1.000000000000e+05 6.201750000000e+06 2.480700000000e+07 0.000000000000e+00 0.000000000000e+00 0.000000000000e+00 2.588530000000e-04 8.384448122952e-05 0.000000000000e+00 
7.950000000000e-01 5.582200582288e-04 3.682750616960e-03 0.000000000000e+00 1.218786053613e+05 1.218786053613e+05 1.000015403419e+05 5.232788651240e-04 1.540341885896e+00 1.800000000000e+06 1.000000000000e+05 6.201750000000e+06 2.480700000000e+07 0.000000000000e+00 0.000000000000e+00 0.000000000000e+00 2.588530000000e-04 8.373300863914e-05 0.000000000000e+00 
8.000000000000e-01 5.574658510498e-04 3.664949087065e-03 0.000000000000e+00 1.214427087849e+05 1.214427087849e+05 1.000015403419e+05 5.232788651240e-04 1.540341885896e+00 1.800000000000e+06 1.000000000000e+05 6.201750000000e+06 2.480700000000e+07 0.000000000000e+00 0.000000000000e+00 0.000000000000e+00 2.588530000000e-04 8.361987757679e-05 0.000000000000e+00 
8.050000000000e-01 5.567017450905e-04 3.647070317018e-03 0.000000000000e+00 1.209990090124e+05 1.209990090124e+05 1.000009842865e+05 5.232788651240e-04 9.842864520125e-01 1.800000000000e+06 1.000000000000e+05 6.201750000000e+06 2.480700000000e+07 0.000000000000e+00 0.000000000000e+00 0.000000000000e+00 2.588530000000e-04 8.350526169561e-05 0.000000000000e+00 
8.100000000000e-01 5.559279013385e-04 3.629154805740e-03 0.000000000000e+00 1.205486451758e+05 1.205486451758e+05 1.000009842865e+05 5.232788651240e-04 9.842864520125e-01 1.800000000000e+06 1.000000000000e+05 6.201750000000e+06 2.480700000000e+07 0.000000000000e+00 0.000000000000e+00 0.000000000000e+00 2.588530000000e-04 8.338918514388e-05 0.000000000000e+00 
8.150000000000e-01 5.551452648366e-04 3.611227582526e-03 0.000000000000e+00 1.200915469572e+05 1.200915469572e+05 1.000009842865e+05 5.232788651240e-04 9.842864520125e-01 1.800000000000e+06 1.000000000000e+05 6.201750000000e+06 2.480700000000e+07 0.000000000000e+00 0.000000000000e+00 0.000000000000e+00 2.588530000000e-04 8.327178967818e-05 0.000000000000e+00 
8.200000000000e-01 5.543548069053e-04 3.593319832409e-03 0.000000000000e+00 1.196282221679e+05 1.196282221679e+05 1.000009842865e+05 5.232788651240e-04 9.842864520125e-01 1.800000000000e+06 1.000000000000e+05 6.201750000000e+06 2.480700000000e+07 0.000000000000e+00 0.000000000000e+00 0.000000000000e+00 2.588530000000e-04 8.315322099672e-05 0.000000000000e+00 
8.250000000000e-01 5.535574735994e-04 3.575461158759e-03 0.000000000000e+00 1.191591708801e+05 1.191591708801e+05 1.000009842865e+05 5.232788651240e-04 9.842864520125e-01 1.800000000000e+06 1.000000000000e+05 6.201750000000e+06 2.480700000000e+07 0.000000000000e+00 0.000000000000e+00 0.000000000000e+00 2.588530000000e-04 8.303362100785e-05 0.000000000000e+00 
8.300000000000e-01 5.527542175794e-04 3.557679710100e-03 0.000000000000e+00 1.186849042783e+05 1.186849042783e+05 1.000009842865e+05 5.232788651240e-04 9.842864520125e-01 1.800000000000e+06 1.000000000000e+05 6.201750000000e+06 2.480700000000e+07 0.000000000000e+00 0.000000000000e+00 0.000000000000e+00 2.588530000000e-04 8.291313261080e-05 0.000000000000e+00 
8.350000000000e-01 5.519460018855e-04 3.540001835688e-03 0.000000000000e+00 1.182059472193e+05 1.182059472193e+05 1.000009842865e+05 5.232788651240e-04 9.842864520125e-01 1.800000000000e+06 1.000000000000e+05 6.201750000000e+06 2.480700000000e+07 0.000000000000e+00 0.000000000000e+00 0.000000000000e+00 2.588530000000e-04 8.279190026171e-05 0.000000000000e+00 
8.400000000000e-01 5.511337973917e-04 3.522452605528e-03 0.000000000000e+00 1.177228370592e+05 1.177228370592e+05 1.000009842865e+05 5.232788651240e-04 9.842864520125e-01 1.800000000000e+06 1.000000000000e+05 6.201750000000e+06 2.480700000000e+07 0.000000000000e+00 0.000000000000e+00 0.000000000000e+00 2.588530000000e-04 8.267006959182e-05 0.000000000000e+00 
8.450000000000e-01 5.503185784077e-04 3.505055590126e-03 0.000000000000e+00 1.172361213226e+05 1.172361213226e+05 1.000009842865e+05 5.232788651240e-04 9.842864520125e-01 1.800000000000e+06 1.000000000000e+05 6.201750000000e+06 2.480700000000e+07 0.000000000000e+00 0.000000000000e+00 0.000000000000e+00 2.588530000000e-04 8.254778674767e-05 0.000000000000e+00 
8.500000000000e-01 5.495013163592e-04 3.487832674619e-03 0.000000000000e+00 1.167463541386e+05 1.167463541386e+05 1.000009842865e+05 5.232788651240e-04 9.842864520125e-01 1.800000000000e+06 1.000000000000e+05 6.201750000000e+06 2.480700000000e+07 0.000000000000e+00 0.000000000000e+00 0.000000000000e+00 2.588530000000e-04 8.242519744321e-05 0.000000000000e+00 
8.550000000000e-01 5.486829721156e-04 3.470803656317e-03 0.000000000000e+00 1.162540917549e+05 1.162540917549e+05 1.000009842865e+05 5.232788651240e-04 9.842864520125e-01 1.800000000000e+06 1.000000000000e+05 6.201750000000e+06 2.480700000000e+07 0.000000000000e+00 0.000000000000e+00 0.000000000000e+00 2.588530000000e-04 8.230244580898e-05 0.000000000000e+00 
8.600000000000e-01 5.478644900191e-04 3.453986580202e-03 0.000000000000e+00 1.157598889530e+05 1.157598889530e+05 1.000009842865e+05 5.232788651240e-04 9.842864520125e-01 1.800000000000e+06 1.000000000000e+05 6.201750000000e+06 2.480700000000e+07 0.000000000000e+00 0.000000000000e+00 0.000000000000e+00 2.588530000000e-04 8.217967349637e-05 0.000000000000e+00 
8.650000000000e-01 5.470467948258e-04 3.437398107113e-03 0.000000000000e+00 1.152642971238e+05 1.152642971238e+05 1.000009842865e+05 5.232788651240e-04 9.842864520125e-01 1.800000000000e+06 1.000000000000e+05 6.201750000000e+06 2.480700000000e+07 0.000000000000e+00 0.000000000000e+00 0.000000000000e+00 2.588530000000e-04 8.205701921886e-05 0.000000000000e+00 
8.700000000000e-01 5.462307864750e-04 3.421052865946e-03 0.000000000000e+00 1.147678609524e+05 1.147678609524e+05 1.000009842865e+05 5.232788651240e-04 9.842864520125e-01 1.800000000000e+06 1.000000000000e+05 6.201750000000e+06 2.480700000000e+07 0.000000000000e+00 0.000000000000e+00 0.000000000000e+00 2.588530000000e-04 8.193461796742e-05 0.000000000000e+00 
8.750000000000e-01 5.454173300661e-04 3.404962447518e-03 0.000000000000e+00 1.142711120731e+05 1.142711120731e+05 1.000009842865e+05 5.232788651240e-04 9.842864520125e-01 1.800000000000e+06 1.000000000000e+05 6.201750000000e+06 2.480700000000e+07 0.000000000000e+00 0.000000000000e+00 0.000000000000e+00 2.588530000000e-04 8.181259950701e-05 0.000000000000e+00 
8.800000000000e-01 5.446072605397e-04 3.389139066419e-03 0.000000000000e+00 1.137745715920e+05 1.137745715920e+05 1.000009842865e+05 5.232788651240e-04 9.842864520125e-01 1.800000000000e+06 1.000000000000e+05 6.201750000000e+06 2.480700000000e+07 0.000000000000e+00 0.000000000000e+00 0.000000000000e+00 2.588530000000e-04 8.169108907879e-05 0.000000000000e+00 
8.850000000000e-01 5.438013760902e-04 3.373591308484e-03 0.000000000000e+00 1.132787457049e+05 1.132787457049e+05 1.000009842865e+05 5.232788651240e-04 9.842864520125e-01 1.800000000000e+06 1.000000000000e+05 6.201750000000e+06 2.480700000000e+07 0.000000000000e+00 0.000000000000e+00 0.000000000000e+00 2.588530000000e-04 8.157020641191e-05 0.000000000000e+00 
8.900000000000e-01 5.430004287566e-04 3.358325658409e-03 0.000000000000e+00 1.127841194581e+05 1.127841194581e+05 1.000009842865e+05 5.232788651240e-04 9.842864520125e-01 1.800000000000e+06 1.000000000000e+05 6.201750000000e+06 2.480700000000e+07 0.000000000000e+00 0.000000000000e+00 0.000000000000e+00 2.588530000000e-04 8.145006431231e-05 0.000000000000e+00 
8.950000000000e-01 5.422051251195e-04 3.343347258402e-03 0.000000000000e+00 1.122911566369e+05 1.122911566369e+05 1.000009842865e+05 5.232788651240e-04 9.842864520125e-01 1.800000000000e+06 1.000000000000e+05 6.201750000000e+06 2.480700000000e+07 0.000000000000e+00 0.000000000000e+00 0.000000000000e+00 2.588530000000e-04 8.133076876707e-05 0.000000000000e+00 
9.000000000000e-01 5.414161275341e-04 3.328660073119e-03 0.000000000000e+00 1.118002999829e+05 1.118002999829e+05 1.000009842865e+05 5.232788651240e-04 9.842864520125e-01 1.800000000000e+06 1.000000000000e+05 6.201750000000e+06 2.480700000000e+07 0.000000000000e+00 0.000000000000e+00 0.000000000000e+00 2.588530000000e-04 8.121241912949e-05 0.000000000000e+00 
9.050000000000e-01 5.406336311218e-04 3.314263591380e-03 0.000000000000e+00 1.113114538890e+05 1.113114538890e+05 1.000007321407e+05 5.232788651240e-04 7.321406714760e-01 1.800000000000e+06 1.000000000000e+05 6.201750000000e+06 2.480700000000e+07 0.000000000000e+00 0.000000000000e+00 0.000000000000e+00 2.588530000000e-04 8.109504466783e-05 0.000000000000e+00 
9.100000000000e-01 5.398593574224e-04 3.300166152998e-03 0.000000000000e+00 1.108262392603e+05 1.108262392603e+05 1.000007321407e+05 5.232788651240e-04 7.321406714760e-01 1.800000000000e+06 1.000000000000e+05 6.201750000000e+06 2.480700000000e+07 0.000000000000e+00 0.000000000000e+00 0.000000000000e+00 2.588530000000e-04 8.097890361305e-05 0.000000000000e+00 
9.150000000000e-01 5.390928911858e-04 3.286360500444e-03 0.000000000000e+00 1.103441897770e+05 1.103441897770e+05 1.000007321407e+05 5.232788651240e-04 7.321406714760e-01 1.800000000000e+06 1.000000000000e+05 6.201750000000e+06 2.480700000000e+07 0.000000000000e+00 0.000000000000e+00 0.000000000000e+00 2.588530000000e-04 8.086393367766e-05 0.000000000000e+00 
9.200000000000e-01 5.383348366063e-04 3.272846174644e-03 0.000000000000e+00 1.098657320141e+05 1.098657320141e+05 1.000007321407e+05 5.232788651240e-04 7.321406714760e-01 1.800000000000e+06 1.000000000000e+05 6.201750000000e+06 2.480700000000e+07 0.000000000000e+00 0.000000000000e+00 0.000000000000e+00 2.588530000000e-04 8.075022549080e-05 0.000000000000e+00 
9.250000000000e-01 5.375856623327e-04 3.259620895617e-03 0.000000000000e+00 1.093912118135e+05 1.093912118135e+05 1.000007321407e+05 5.232788651240e-04 7.321406714760e-01 1.800000000000e+06 1.000000000000e+05 6.201750000000e+06 2.480700000000e+07 0.000000000000e+00 0.000000000000e+00 0.000000000000e+00 2.588530000000e-04 8.063784934981e-05 0.000000000000e+00 
9.300000000000e-01 5.368457548352e-04 3.246680325907e-03 0.000000000000e+00 1.089209266696e+05 1.089209266696e+05 1.000007321407e+05 5.232788651240e-04 7.321406714760e-01 1.800000000000e+06 1.000000000000e+05 6.201750000000e+06 2.480700000000e+07 0.000000000000e+00 0.000000000000e+00 0.000000000000e+00 2.588530000000e-04 8.052686322521e-05 0.000000000000e+00 
9.350000000000e-01 5.361154419595e-04 3.234019251421e-03 0.000000000000e+00 1.084551397906e+05 1.084551397906e+05 1.000007321407e+05 5.232788651240e-04 7.321406714760e-01 1.800000000000e+06 1.000000000000e+05 6.201750000000e+06 2.480700000000e+07 0.000000000000e+00 0.000000000000e+00 0.000000000000e+00 2.588530000000e-04 8.041731629388e-05 0.000000000000e+00 
9.400000000000e-01 5.353950009051e-04 3.221632293740e-03 0.000000000000e+00 1.079940844966e+05 1.079940844966e+05 1.000007321407e+05 5.232788651240e-04 7.321406714760e-01 1.800000000000e+06 1.000000000000e+05 6.201750000000e+06 2.480700000000e+07 0.000000000000e+00 0.000000000000e+00 0.000000000000e+00 2.588530000000e-04 8.030925013574e-05 0.000000000000e+00 
9.450000000000e-01 5.346846697810e-04 3.209511835881e-03 0.000000000000e+00 1.075379710323e+05 1.075379710323e+05 1.000007321407e+05 5.232788651240e-04 7.321406714760e-01 1.800000000000e+06 1.000000000000e+05 6.201750000000e+06 2.480700000000e+07 0.000000000000e+00 0.000000000000e+00 0.000000000000e+00 2.588530000000e-04 8.020270046713e-05 0.000000000000e+00 
9.500000000000e-01 5.339846370403e-04 3.197651220464e-03 0.000000000000e+00 1.070869792640e+05 1.070869792640e+05 1.000007321407e+05 5.232788651240e-04 7.321406714760e-01 1.800000000000e+06 1.000000000000e+05 6.201750000000e+06 2.480700000000e+07 0.000000000000e+00 0.000000000000e+00 0.000000000000e+00 2.588530000000e-04 8.009769555603e-05 0.000000000000e+00 
9.550000000000e-01 5.332950493206e-04 3.186041906056e-03 0.000000000000e+00 1.066412631680e+05 1.066412631680e+05 1.000007321407e+05 5.232788651240e-04 7.321406714760e-01 1.800000000000e+06 1.000000000000e+05 6.201750000000e+06 2.480700000000e+07 0.000000000000e+00 0.000000000000e+00 0.000000000000e+00 2.588530000000e-04 7.999425739808e-05 0.000000000000e+00 
9.600000000000e-01 5.326160127499e-04 3.174675540572e-03 0.000000000000e+00 1.062009511874e+05 1.062009511874e+05 1.000007321407e+05 5.232788651240e-04 7.321406714760e-01 1.800000000000e+06 1.000000000000e+05 6.201750000000e+06 2.480700000000e+07 0.000000000000e+00 0.000000000000e+00 0.000000000000e+00 2.588530000000e-04 7.989240191249e-05 0.000000000000e+00 
9.650000000000e-01 5.319475979714e-04 3.163543723730e-03 0.000000000000e+00 1.057661490401e+05 1.057661490401e+05 1.000007321407e+05 5.232788651240e-04 7.321406714760e-01 1.800000000000e+06 1.000000000000e+05 6.201750000000e+06 2.480700000000e+07 0.000000000000e+00 0.000000000000e+00 0.000000000000e+00 2.588530000000e-04 7.979213969571e-05 0.000000000000e+00 
9.700000000000e-01 5.312898405807e-04 3.152637350529e-03 0.000000000000e+00 1.053369396038e+05 1.053369396038e+05 1.000007321407e+05 5.232788651240e-04 7.321406714760e-01 1.800000000000e+06 1.000000000000e+05 6.201750000000e+06 2.480700000000e+07 0.000000000000e+00 0.000000000000e+00 0.000000000000e+00 2.588530000000e-04 7.969347608710e-05 0.000000000000e+00 
9.750000000000e-01 5.306427405457e-04 3.141947001954e-03 0.000000000000e+00 1.049133821509e+05 1.049133821509e+05 1.000007321407e+05 5.232788651240e-04 7.321406714760e-01 1.800000000000e+06 1.000000000000e+05 6.201750000000e+06 2.480700000000e+07 0.000000000000e+00 0.000000000000e+00 0.000000000000e+00 2.588530000000e-04 7.959641108186e-05 0.000000000000e+00 
9.800000000000e-01 5.300062680328e-04 3.131463424569e-03 0.000000000000e+00 1.044955158016e+05 1.044955158016e+05 1.000007321407e+05 5.232788651240e-04 7.321406714760e-01 1.800000000000e+06 1.000000000000e+05 6.201750000000e+06 2.480700000000e+07 0.000000000000e+00 0.000000000000e+00 0.000000000000e+00 2.588530000000e-04 7.950094020492e-05 0.000000000000e+00 
9.850000000000e-01 5.293803641415e-04 3.121177071508e-03 0.000000000000e+00 1.040833597011e+05 1.040833597011e+05 1.000007321407e+05 5.232788651240e-04 7.321406714760e-01 1.800000000000e+06 1.000000000000e+05 6.201750000000e+06 2.480700000000e+07 0.000000000000e+00 0.000000000000e+00 0.000000000000e+00 2.588530000000e-04 7.940705462123e-05 0.000000000000e+00 
9.900000000000e-01 5.287649516913e-04 3.111080715351e-03 0.000000000000e+00 1.036769198649e+05 1.036769198649e+05 1.000007321407e+05 5.232788651240e-04 7.321406714760e-01 1.800000000000e+06 1.000000000000e+05 6.201750000000e+06 2.480700000000e+07 0.000000000000e+00 0.000000000000e+00 0.000000000000e+00 2.588530000000e-04 7.931474275369e-05 0.000000000000e+00 
9.950000000000e-01 5.281599188312e-04 3.101160870737e-03 0.000000000000e+00 1.032761781319e+05 1.032761781319e+05 1.000007321407e+05 5.232788651240e-04 7.321406714760e-01 1.800000000000e+06 1.000000000000e+05 6.201750000000e+06 2.480700000000e+07 0.000000000000e+00 0.000000000000e+00 0.000000000000e+00 2.588530000000e-04 7.922398782468e-05 0.000000000000e+00 
1.000000000000e+00 5.275649942685e-04 3.091338721053e-03 0.000000000000e+00 1.028810088489e+05 1.028810088489e+05 1.000007321407e+05 5.232788651240e-04 7.321406714760e-01 1.800000000000e+06 1.000000000000e+05 6.201750000000e+06 2.480700000000e+07 0.000000000000e+00 0.000000000000e+00 0.000000000000e+00 2.588530000000e-04 7.913474846691e-05 0.000000000000e+00 
